FEN: rnbqkbnr/pppppppp/8/8/8/8/PPPPPPPP/RNBQKBNR w KQkq - 0 1
        [0]         [1]         [2]         [3]         [4]         [5]         [6]         [7]         [8]         [9]
[0] 0.000438819 0.000275576 0.000276037 0.000281693 0.000293937 0.000281801 0.000281721 0.000296912 0.000282414 0.000281943 
[1] 0.000289271 0.000282092 0.000319299 0.000288917 0.000281587 0.000282087 0.000282120 0.000306218 0.000287619 0.000281209 
[2] 0.000287952 0.000281478 0.000281464 0.000294690 0.000296526 0.000281905 0.000282030 0.000288678 0.000281956 0.000343158 
[3] 0.000381363 0.000282252 0.000282189 0.000313373 0.000539263 0.000292749 0.000288367 0.000281942 0.000281066 0.000281094 
[4] 0.000287959 0.000280944 0.000281091 0.000287637 0.000289587 0.000319300 0.000281156 0.000287706 0.000281084 0.000281441 
[5] 0.000288179 0.000289558 0.000281155 0.000296501 0.000288324 0.000281403 0.000281313 0.000333280 0.000282267 0.000282268 
[6] 0.000366936 0.000291656 0.000286129 0.000280991 0.000294576 0.000281931 0.000281834 0.000288341 0.000345727 0.000281007 
[7] 0.000281728 0.000311187 0.000281628 0.000281821 0.000288818 0.000281859 0.000282107 0.000282010 0.000296757 0.000321582 
[8] 0.000281616 0.000288695 0.000282099 0.000282086 0.000288485 0.000288604 0.000281588 0.000282694 0.000297227 0.000282249 
[9] 0.000295064 0.000325937 0.000281368 0.000281506 0.000282231 0.000288407 0.000281919 0.000281867 0.000288310 0.000295760 
[AVERAGE] 0.000294833 s

FEN: 6k1/5p2/6p1/8/7p/8/6PP/6K1 b - - 0 0
        [0]         [1]         [2]         [3]         [4]         [5]         [6]         [7]         [8]         [9]
[0] 0.000012172 0.000010372 0.000010157 0.000010051 0.000009980 0.000010051 0.000010037 0.000009979 0.000010069 0.000009978 
[1] 0.000010004 0.000010043 0.000010000 0.000009988 0.000009945 0.000010002 0.000009918 0.000009997 0.000009984 0.000010083 
[2] 0.000009918 0.000009985 0.000009995 0.000009990 0.000010005 0.000009890 0.000010006 0.000010013 0.000010070 0.000009988 
[3] 0.000010014 0.000009994 0.000009953 0.000009969 0.000009959 0.000009946 0.000010013 0.000010021 0.000010031 0.000009945 
[4] 0.000009983 0.000009976 0.000009966 0.000010030 0.000010032 0.000009979 0.000009981 0.000010044 0.000015110 0.000014560 
[5] 0.000009991 0.000009974 0.000010773 0.000016955 0.000014756 0.000014620 0.000014733 0.000014917 0.000023002 0.000015339 
[6] 0.000028699 0.000015713 0.000015475 0.000015506 0.000030665 0.000009840 0.000009988 0.000009933 0.000009928 0.000009997 
[7] 0.000010004 0.000009975 0.000009989 0.000010010 0.000009972 0.000009977 0.000010030 0.000009973 0.000009998 0.000010041 
[8] 0.000009916 0.000009885 0.000009973 0.000025049 0.000023287 0.000009990 0.000009969 0.000010033 0.000010029 0.000010000 
[9] 0.000010002 0.000009968 0.000010067 0.000010107 0.000010039 0.000010226 0.000010092 0.000010087 0.000010019 0.000010159 
[AVERAGE] 0.000011418 s

FEN: 3k4/2n2B2/1KP5/2B2p2/5b1p/7P/8/8 b - - 0 0
        [0]         [1]         [2]         [3]         [4]         [5]         [6]         [7]         [8]         [9]
[0] 0.000091054 0.000124128 0.000087647 0.000087051 0.000094293 0.000086841 0.000097966 0.000088051 0.000086666 0.000086887 
[1] 0.000086424 0.000086649 0.000086809 0.000102138 0.000136709 0.000138730 0.000102887 0.000086327 0.000086217 0.000086623 
[2] 0.000086482 0.000086215 0.000086376 0.000086391 0.000086003 0.000086370 0.000092890 0.000086315 0.000086436 0.000086209 
[3] 0.000086431 0.000141933 0.000086110 0.000086216 0.000086381 0.000086693 0.000093432 0.000086382 0.000094733 0.000086314 
[4] 0.000086168 0.000086256 0.000086254 0.000086477 0.000086446 0.000086660 0.000086505 0.000086447 0.000092476 0.000086093 
[5] 0.000086276 0.000086157 0.000086331 0.000086275 0.000086426 0.000086112 0.000086421 0.000086254 0.000086053 0.000092504 
[6] 0.000085935 0.000086146 0.000086104 0.000086298 0.000086247 0.000086257 0.000086392 0.000086145 0.000090851 0.000086406 
[7] 0.000086447 0.000092905 0.000102675 0.000092296 0.000086326 0.000086365 0.000086439 0.000086318 0.000086334 0.000086406 
[8] 0.000086535 0.000086216 0.000092966 0.000086678 0.000086291 0.000086251 0.000086344 0.000086424 0.000086334 0.000086428 
[9] 0.000086202 0.000092767 0.000086319 0.000094259 0.000094985 0.000086160 0.000086295 0.000086354 0.000086351 0.000086336 
[AVERAGE] 0.000089888 s

FEN: r7/4R2P/3p4/3k1K2/2p5/8/8/8 b - - 0 0
        [0]         [1]         [2]         [3]         [4]         [5]         [6]         [7]         [8]         [9]
[0] 0.000087107 0.000082575 0.000081786 0.000081446 0.000088481 0.000080781 0.000085972 0.000080489 0.000080313 0.000080243 
[1] 0.000080376 0.000080349 0.000080239 0.000080169 0.000080452 0.000080588 0.000080191 0.000087077 0.000080638 0.000080234 
[2] 0.000080562 0.000080262 0.000080254 0.000080151 0.000080357 0.000080223 0.000080035 0.000080327 0.000080427 0.000086547 
[3] 0.000080689 0.000088901 0.000080248 0.000080301 0.000080233 0.000095799 0.000080281 0.000080505 0.000080371 0.000080426 
[4] 0.000080514 0.000087063 0.000080199 0.000080246 0.000080399 0.000080457 0.000080402 0.000132614 0.000080203 0.000080232 
[5] 0.000080145 0.000080327 0.000080050 0.000086809 0.000080279 0.000080545 0.000080547 0.000080306 0.000080220 0.000080200 
[6] 0.000080461 0.000080352 0.000080473 0.000080657 0.000080314 0.000086609 0.000080133 0.000096417 0.000080490 0.000080656 
[7] 0.000080341 0.000080413 0.000080442 0.000080415 0.000080437 0.000080645 0.000080492 0.000087060 0.000080417 0.000080456 
[8] 0.000080446 0.000080267 0.000080191 0.000080268 0.000080256 0.000080179 0.000080545 0.000086303 0.000080435 0.000086760 
[9] 0.000080384 0.000088589 0.000080418 0.000080173 0.000080209 0.000080307 0.000080427 0.000080653 0.000080269 0.000088697 
[AVERAGE] 0.000082216 s

FEN: 8/8/5p2/1P1K1k2/8/2r5/8/7R w - - 0 0
        [0]         [1]         [2]         [3]         [4]         [5]         [6]         [7]         [8]         [9]
[0] 0.000108136 0.000107875 0.000100223 0.000099656 0.000099521 0.000099433 0.000099468 0.000099484 0.000099302 0.000099284 
[1] 0.000105278 0.000106110 0.000099431 0.000099363 0.000099425 0.000099405 0.000099386 0.000099374 0.000099236 0.000099374 
[2] 0.000099182 0.000105743 0.000112289 0.000099565 0.000099174 0.000099351 0.000099398 0.000099656 0.000099399 0.000099457 
[3] 0.000099381 0.000106828 0.000099482 0.000113987 0.000099783 0.000099547 0.000099555 0.000099501 0.000099673 0.000099614 
[4] 0.000099495 0.000106312 0.000099348 0.000099465 0.000100245 0.000101616 0.000112182 0.000099807 0.000099723 0.000099565 
[5] 0.000107812 0.000099441 0.000121160 0.000099605 0.000099301 0.000135224 0.000099409 0.000099667 0.000099428 0.000099490 
[6] 0.000106386 0.000099581 0.000099343 0.000099592 0.000099640 0.000099291 0.000099429 0.000099264 0.000099441 0.000099297 
[7] 0.000105824 0.000107771 0.000099355 0.000099493 0.000099555 0.000099471 0.000099542 0.000099507 0.000099708 0.000099539 
[8] 0.000105877 0.000099273 0.000099428 0.000099605 0.000099356 0.000099369 0.000099437 0.000103486 0.000099523 0.000106553 
[9] 0.000099470 0.000099376 0.000099584 0.000099397 0.000099377 0.000099242 0.000099343 0.000099260 0.000099471 0.000106161 
[AVERAGE] 0.000101512 s

FEN: 5n2/R7/4pk2/8/5PK1/8/8/8 b - - 0 0
        [0]         [1]         [2]         [3]         [4]         [5]         [6]         [7]         [8]         [9]
[0] 0.000028398 0.000026942 0.000026243 0.000025905 0.000034223 0.000025607 0.000025675 0.000025727 0.000025528 0.000025544 
[1] 0.000025713 0.000025594 0.000025534 0.000025612 0.000025661 0.000025561 0.000031057 0.000028580 0.000031724 0.000025604 
[2] 0.000025588 0.000025595 0.000025575 0.000025581 0.000025615 0.000025569 0.000025546 0.000025584 0.000025659 0.000025530 
[3] 0.000025640 0.000025598 0.000025625 0.000025543 0.000025692 0.000025727 0.000032323 0.000025488 0.000025526 0.000025713 
[4] 0.000025614 0.000025669 0.000025701 0.000025517 0.000025670 0.000025554 0.000025609 0.000025526 0.000025663 0.000025630 
[5] 0.000025518 0.000025607 0.000025520 0.000025567 0.000025619 0.000025659 0.000025621 0.000025605 0.000025683 0.000025644 
[6] 0.000031217 0.000025592 0.000025602 0.000025616 0.000025553 0.000025557 0.000025800 0.000025585 0.000025596 0.000025587 
[7] 0.000025710 0.000025604 0.000025663 0.000025651 0.000032603 0.000025549 0.000025519 0.000025666 0.000031832 0.000046314 
[8] 0.000039395 0.000025604 0.000025550 0.000025641 0.000025626 0.000025611 0.000025546 0.000025459 0.000025615 0.000025617 
[9] 0.000025670 0.000025598 0.000025647 0.000025565 0.000025606 0.000025523 0.000025510 0.000025550 0.000025521 0.000025714 
[AVERAGE] 0.000026487 s

FEN: 3Q4/8/1k6/7p/p1p4P/2q3PB/7K/8 b - - 0 0
        [0]         [1]         [2]         [3]         [4]         [5]         [6]         [7]         [8]         [9]
[0] 0.000336051 0.000334029 0.000324683 0.000332084 0.000324208 0.000324117 0.000329536 0.000331847 0.000328356 0.000347905 
[1] 0.000323472 0.000323052 0.000329928 0.000323185 0.000322975 0.000323008 0.000337208 0.000323241 0.000365704 0.000323126 
[2] 0.000322740 0.000322862 0.000330004 0.000322734 0.000322779 0.000352029 0.000339991 0.000356611 0.000439799 0.000324357 
[3] 0.000341233 0.000332032 0.000321880 0.000330950 0.000322594 0.000338639 0.000329494 0.000322256 0.000359534 0.000330142 
[4] 0.000337977 0.000476761 0.000337373 0.000571202 0.000599906 0.000360131 0.000398202 0.000324539 0.000323303 0.000330010 
[5] 0.000323604 0.000323088 0.000337436 0.000329963 0.000326147 0.000478629 0.000324108 0.000323487 0.000329799 0.000322855 
[6] 0.000323344 0.000337917 0.000323271 0.000323113 0.000335068 0.000355509 0.000323524 0.000330494 0.000322992 0.000322276 
[7] 0.000352323 0.000323480 0.000323224 0.000330356 0.000323681 0.000370467 0.000338767 0.000323477 0.000322931 0.000329149 
[8] 0.000323227 0.000323530 0.000329298 0.000328741 0.000323502 0.000345309 0.000337692 0.000323660 0.000330806 0.000323081 
[9] 0.000323161 0.000329402 0.000323599 0.000323159 0.000337767 0.000350594 0.000379486 0.000443288 0.000322931 0.000338638 
[AVERAGE] 0.000342451 s

FEN: 4q3/2R4P/5R2/1p6/p3k3/P7/KP6/8 b - - 0 0
        [0]         [1]         [2]         [3]         [4]         [5]         [6]         [7]         [8]         [9]
[0] 0.000197753 0.000163550 0.000156261 0.000152239 0.000160973 0.000252257 0.000171824 0.000151202 0.000150887 0.000150884 
[1] 0.000159134 0.000157723 0.000150989 0.000150906 0.000150465 0.000150571 0.000150686 0.000150906 0.000157316 0.000159579 
[2] 0.000150887 0.000150857 0.000150920 0.000150396 0.000157065 0.000152836 0.000153849 0.000150898 0.000150736 0.000151041 
[3] 0.000150796 0.000157272 0.000156239 0.000151047 0.000150846 0.000150747 0.000150736 0.000195627 0.000242730 0.000167298 
[4] 0.000151156 0.000150711 0.000150849 0.000158429 0.000150938 0.000150625 0.000150345 0.000150964 0.000150624 0.000150671 
[5] 0.000165830 0.000151006 0.000156108 0.000185578 0.000150763 0.000151234 0.000158597 0.000150655 0.000150190 0.000150711 
[6] 0.000150515 0.000150500 0.000157091 0.000150773 0.000150425 0.000150740 0.000150298 0.000150589 0.000150620 0.000157218 
[7] 0.000159204 0.000150735 0.000165896 0.000151189 0.000184558 0.000157397 0.000150739 0.000150679 0.000150705 0.000150682 
[8] 0.000150866 0.000150419 0.000157248 0.000150992 0.000150479 0.000150820 0.000150574 0.000150925 0.000157012 0.000165441 
[9] 0.000150774 0.000150464 0.000150566 0.000150585 0.000150899 0.000156949 0.000154709 0.000150630 0.000150739 0.000150428 
[AVERAGE] 0.000156670 s

FEN: R7/8/5rk1/5p2/1p5P/5KP1/P7/8 b - - 0 0
        [0]         [1]         [2]         [3]         [4]         [5]         [6]         [7]         [8]         [9]
[0] 0.000072554 0.000070020 0.000069032 0.000075055 0.000068262 0.000076289 0.000067763 0.000067902 0.000067916 0.000067967 
[1] 0.000067720 0.000067627 0.000067922 0.000067997 0.000067897 0.000076539 0.000074175 0.000067843 0.000074790 0.000068006 
[2] 0.000068043 0.000068041 0.000067788 0.000067685 0.000067990 0.000068018 0.000067843 0.000067898 0.000068009 0.000067955 
[3] 0.000068014 0.000067928 0.000074220 0.000068168 0.000067954 0.000067858 0.000068001 0.000067831 0.000068006 0.000073829 
[4] 0.000067991 0.000067907 0.000067837 0.000067952 0.000067888 0.000067952 0.000067836 0.000074411 0.000076870 0.000067903 
[5] 0.000067935 0.000067990 0.000067792 0.000067833 0.000067909 0.000067835 0.000067896 0.000068023 0.000067966 0.000067844 
[6] 0.000067923 0.000075403 0.000067972 0.000067769 0.000083197 0.000068232 0.000083147 0.000095403 0.000068031 0.000068008 
[7] 0.000067859 0.000068221 0.000068165 0.000067984 0.000068051 0.000074921 0.000067983 0.000068126 0.000095811 0.000068308 
[8] 0.000068793 0.000069405 0.000123283 0.000106686 0.000117923 0.000067907 0.000067875 0.000075879 0.000076813 0.000083465 
[9] 0.000068086 0.000068002 0.000067924 0.000067907 0.000067702 0.000067809 0.000067870 0.000067897 0.000080187 0.000102445 
[AVERAGE] 0.000071923 s

FEN: 3k4/5ppp/2q5/3p2r1/8/1Q3P2/P4P1P/3R3K w - - 0 1
        [0]         [1]         [2]         [3]         [4]         [5]         [6]         [7]         [8]         [9]
[0] 0.000436579 0.000420389 0.000427977 0.000436100 0.000517149 0.000426127 0.000419876 0.000411900 0.000411192 0.000426048 
[1] 0.000431758 0.000419129 0.000417041 0.000410716 0.000416329 0.000410352 0.000424868 0.000409534 0.000462353 0.000411391 
[2] 0.000505923 0.000419588 0.000423918 0.000453608 0.000410242 0.000416306 0.000409880 0.000416388 0.000466134 0.000410010 
[3] 0.000416416 0.000427340 0.000418910 0.000410046 0.000410266 0.000445823 0.000417205 0.000417870 0.000410175 0.000415915 
[4] 0.000418520 0.000409014 0.000417368 0.000564455 0.000417369 0.000410140 0.000416605 0.000426342 0.000416827 0.000416586 
[5] 0.000409901 0.000427640 0.000410455 0.000416773 0.000418857 0.000410558 0.000416456 0.000410262 0.000416440 0.000423893 
[6] 0.000423850 0.000416568 0.000409931 0.000416298 0.000409803 0.000416225 0.000418980 0.000415369 0.000417525 0.000409714 
[7] 0.000416373 0.000409924 0.000409940 0.000438306 0.000409860 0.000426321 0.000409398 0.000416023 0.000418259 0.000410267 
[8] 0.000415773 0.000409365 0.000416024 0.000414498 0.000409754 0.000431193 0.000413242 0.000417552 0.000389883 0.000389451 
[9] 0.000396123 0.000389240 0.000523785 0.000404764 0.000677783 0.000494434 0.000497131 0.000436760 0.000614761 0.000409813 
[AVERAGE] 0.000428135 s

FEN: 4R3/1k6/1p2P1p1/p7/4r3/1P1r4/1K6/2R5 w - - 0 0
        [0]         [1]         [2]         [3]         [4]         [5]         [6]         [7]         [8]         [9]
[0] 0.000231562 0.000220630 0.000219293 0.000218461 0.000218253 0.000233009 0.000217408 0.000217534 0.000217385 0.000223749 
[1] 0.000217134 0.000222870 0.000217529 0.000217564 0.000225472 0.000217047 0.000217065 0.000217358 0.000223830 0.000240914 
[2] 0.000218670 0.000218320 0.000218308 0.000225283 0.000218203 0.000217860 0.000223044 0.000225042 0.000227419 0.000218395 
[3] 0.000218087 0.000218129 0.000225086 0.000218140 0.000217865 0.000218376 0.000224888 0.000218051 0.000218295 0.000218436 
[4] 0.000218647 0.000229830 0.000387363 0.000225316 0.000218502 0.000225413 0.000218265 0.000217872 0.000218212 0.000224796 
[5] 0.000217912 0.000218058 0.000218027 0.000217667 0.000233066 0.000218314 0.000259252 0.000218654 0.000234954 0.000218222 
[6] 0.000218717 0.000217716 0.000217822 0.000233148 0.000218148 0.000218183 0.000226538 0.000231086 0.000218027 0.000217911 
[7] 0.000217898 0.000222255 0.000224479 0.000217792 0.000217793 0.000218050 0.000224319 0.000226880 0.000218148 0.000218232 
[8] 0.000218420 0.000232730 0.000225660 0.000218192 0.000219370 0.000226801 0.000339456 0.000259239 0.000218688 0.000235536 
[9] 0.000242985 0.000218381 0.000218172 0.000225852 0.000227341 0.000212513 0.000212836 0.000212755 0.000240598 0.000218467 
[AVERAGE] 0.000225254 s

FEN: 5k2/R7/3K4/4p3/5P2/8/8/5r2 w - - 0 0
        [0]         [1]         [2]         [3]         [4]         [5]         [6]         [7]         [8]         [9]
[0] 0.000055448 0.000087225 0.000052023 0.000051687 0.000051425 0.000051501 0.000051323 0.000051191 0.000051209 0.000051194 
[1] 0.000057833 0.000051309 0.000051301 0.000051274 0.000051139 0.000051280 0.000051307 0.000051200 0.000051275 0.000051011 
[2] 0.000051240 0.000051406 0.000051202 0.000051359 0.000051103 0.000051226 0.000051267 0.000051164 0.000051237 0.000058601 
[3] 0.000051271 0.000051275 0.000051268 0.000051202 0.000051365 0.000051233 0.000051185 0.000051279 0.000051181 0.000051105 
[4] 0.000051163 0.000051319 0.000051285 0.000051238 0.000051313 0.000051237 0.000051379 0.000051324 0.000051319 0.000063918 
[5] 0.000051292 0.000060055 0.000051296 0.000051234 0.000051314 0.000051227 0.000051291 0.000051148 0.000061214 0.000057650 
[6] 0.000051203 0.000051188 0.000051373 0.000057552 0.000086353 0.000051111 0.000051357 0.000051086 0.000051141 0.000051299 
[7] 0.000051334 0.000051208 0.000051203 0.000051179 0.000051307 0.000051179 0.000051324 0.000051194 0.000051262 0.000051265 
[8] 0.000051246 0.000051434 0.000051336 0.000051235 0.000051375 0.000051285 0.000057790 0.000051198 0.000051258 0.000051208 
[9] 0.000051227 0.000051400 0.000051258 0.000051178 0.000051145 0.000051313 0.000051200 0.000051338 0.000051257 0.000051185 
[AVERAGE] 0.000052665 s

FEN: 5k2/1R6/4p1p1/1pr3Pp/7P/1K6/8/8 w - - 0 0
        [0]         [1]         [2]         [3]         [4]         [5]         [6]         [7]         [8]         [9]
[0] 0.000054516 0.000051875 0.000051088 0.000050409 0.000050238 0.000056225 0.000050004 0.000058287 0.000061982 0.000048758 
[1] 0.000048563 0.000091311 0.000061460 0.000048497 0.000048653 0.000048503 0.000048545 0.000048534 0.000048437 0.000048767 
[2] 0.000048687 0.000048493 0.000048719 0.000048628 0.000056064 0.000048433 0.000131298 0.000083037 0.000078623 0.000049793 
[3] 0.000049792 0.000049903 0.000049933 0.000050000 0.000049908 0.000049855 0.000049916 0.000050202 0.000050005 0.000049991 
[4] 0.000056696 0.000050125 0.000049973 0.000058317 0.000049931 0.000049984 0.000049953 0.000050002 0.000049912 0.000049905 
[5] 0.000049948 0.000049959 0.000049852 0.000049943 0.000049879 0.000049847 0.000050092 0.000058947 0.000056580 0.000049685 
[6] 0.000056740 0.000049705 0.000049706 0.000049804 0.000049871 0.000049874 0.000049962 0.000049862 0.000049670 0.000050101 
[7] 0.000049951 0.000049899 0.000049831 0.000049832 0.000049970 0.000049837 0.000050075 0.000049875 0.000049970 0.000050062 
[8] 0.000056260 0.000049783 0.000050050 0.000050009 0.000049964 0.000049838 0.000050168 0.000049916 0.000054801 0.000097564 
[9] 0.000049879 0.000049665 0.000049742 0.000049908 0.000049836 0.000049867 0.000049948 0.000050048 0.000056371 0.000050063 
[AVERAGE] 0.000053137 s

FEN: 5k2/8/p7/4K1P1/P4R2/6r1/8/8 b - - 0 0
        [0]         [1]         [2]         [3]         [4]         [5]         [6]         [7]         [8]         [9]
[0] 0.000042010 0.000049259 0.000039811 0.000039404 0.000039483 0.000039256 0.000039292 0.000039440 0.000039283 0.000039344 
[1] 0.000039508 0.000039412 0.000039365 0.000039190 0.000039287 0.000039341 0.000039323 0.000039334 0.000039234 0.000039279 
[2] 0.000039290 0.000039304 0.000039152 0.000045765 0.000039419 0.000039302 0.000039288 0.000039334 0.000039225 0.000039318 
[3] 0.000039190 0.000039302 0.000039148 0.000039406 0.000039208 0.000039243 0.000039212 0.000039110 0.000039385 0.000039399 
[4] 0.000039327 0.000039287 0.000039382 0.000039223 0.000039336 0.000039140 0.000039295 0.000039291 0.000045610 0.000039265 
[5] 0.000039246 0.000039212 0.000039301 0.000039165 0.000039301 0.000039235 0.000039259 0.000039209 0.000039265 0.000039192 
[6] 0.000039162 0.000039302 0.000039166 0.000039193 0.000039153 0.000039248 0.000039267 0.000039295 0.000068687 0.000053126 
[7] 0.000039244 0.000039333 0.000045720 0.000039253 0.000039226 0.000047732 0.000047739 0.000045517 0.000039319 0.000039258 
[8] 0.000039387 0.000039377 0.000039219 0.000039190 0.000039338 0.000039268 0.000039232 0.000039312 0.000039345 0.000039270 
[9] 0.000039296 0.000039331 0.000039308 0.000039330 0.000039231 0.000039113 0.000045886 0.000039205 0.000039182 0.000039127 
[AVERAGE] 0.000040333 s

FEN: 8/8/8/p2r1k2/7p/PP1RK3/6P1/8 b - - 0 0
        [0]         [1]         [2]         [3]         [4]         [5]         [6]         [7]         [8]         [9]
[0] 0.000104123 0.000101047 0.000099520 0.000098713 0.000098526 0.000098652 0.000098414 0.000098576 0.000104629 0.000106761 
[1] 0.000098395 0.000098399 0.000098347 0.000098121 0.000098306 0.000098039 0.000098013 0.000098242 0.000105689 0.000103637 
[2] 0.000098056 0.000097811 0.000104208 0.000141656 0.000098367 0.000098328 0.000098256 0.000133638 0.000098585 0.000098386 
[3] 0.000133533 0.000098117 0.000098248 0.000098118 0.000099752 0.000100625 0.000099243 0.000106892 0.000106892 0.000097852 
[4] 0.000101317 0.000154590 0.000104469 0.000098055 0.000098157 0.000097989 0.000105313 0.000098037 0.000098143 0.000098095 
[5] 0.000097844 0.000134659 0.000097936 0.000098057 0.000098112 0.000098140 0.000104903 0.000098023 0.000098094 0.000098004 
[6] 0.000098068 0.000098176 0.000097940 0.000097961 0.000098057 0.000098133 0.000104259 0.000106690 0.000097886 0.000097925 
[7] 0.000098284 0.000098055 0.000098072 0.000098089 0.000097904 0.000098013 0.000104959 0.000098195 0.000098285 0.000098361 
[8] 0.000098230 0.000098250 0.000098240 0.000098202 0.000102974 0.000098122 0.000104802 0.000106473 0.000098137 0.000098466 
[9] 0.000098272 0.000097887 0.000098099 0.000098406 0.000102169 0.000108115 0.000104858 0.000097951 0.000097903 0.000098027 
[AVERAGE] 0.000101755 s

FEN: 8/8/8/1P4p1/5k2/5p2/P6K/8 b - - 0 0
        [0]         [1]         [2]         [3]         [4]         [5]         [6]         [7]         [8]         [9]
[0] 0.000010091 0.000009059 0.000008850 0.000008728 0.000008720 0.000008719 0.000008642 0.000008648 0.000008668 0.000008686 
[1] 0.000008644 0.000008679 0.000008604 0.000008659 0.000008670 0.000008648 0.000008658 0.000008643 0.000008728 0.000008642 
[2] 0.000008744 0.000008720 0.000008676 0.000008675 0.000008718 0.000008694 0.000008637 0.000008705 0.000008668 0.000008677 
[3] 0.000008680 0.000008723 0.000008670 0.000008665 0.000008663 0.000008654 0.000008787 0.000008644 0.000008677 0.000008729 
[4] 0.000008680 0.000008654 0.000008677 0.000008722 0.000008614 0.000008672 0.000008672 0.000008626 0.000008607 0.000008713 
[5] 0.000008619 0.000008648 0.000008680 0.000008634 0.000008731 0.000008699 0.000008698 0.000008696 0.000008654 0.000008678 
[6] 0.000008738 0.000008666 0.000008720 0.000008621 0.000008688 0.000008685 0.000008599 0.000008626 0.000008694 0.000008609 
[7] 0.000008720 0.000008654 0.000008640 0.000015113 0.000008721 0.000008677 0.000008662 0.000008695 0.000008674 0.000008564 
[8] 0.000008761 0.000008703 0.000008587 0.000008673 0.000008705 0.000008663 0.000008700 0.000008674 0.000008701 0.000008636 
[9] 0.000008727 0.000008654 0.000008680 0.000008728 0.000008700 0.000008699 0.000008701 0.000008644 0.000008708 0.000008729 
[AVERAGE] 0.000008761 s

FEN: 3b2k1/1p3p2/p1p5/2P4p/1P2P1p1/5p2/5P2/4RK2 w - - 0 0
        [0]         [1]         [2]         [3]         [4]         [5]         [6]         [7]         [8]         [9]
[0] 0.000045229 0.000042494 0.000041910 0.000041350 0.000041039 0.000040935 0.000041025 0.000041040 0.000040955 0.000040944 
[1] 0.000041107 0.000040803 0.000040999 0.000041182 0.000040866 0.000040949 0.000040961 0.000041287 0.000047614 0.000040887 
[2] 0.000073851 0.000079239 0.000039861 0.000040158 0.000039973 0.000039909 0.000045631 0.000040112 0.000040039 0.000039923 
[3] 0.000039997 0.000040116 0.000040113 0.000055411 0.000067622 0.000052898 0.000040065 0.000039755 0.000040133 0.000047587 
[4] 0.000039857 0.000039925 0.000040059 0.000039739 0.000040203 0.000039980 0.000039956 0.000040145 0.000040054 0.000039928 
[5] 0.000039969 0.000040047 0.000040034 0.000039870 0.000040177 0.000040076 0.000039717 0.000040012 0.000039961 0.000040207 
[6] 0.000040082 0.000040253 0.000040102 0.000046324 0.000039919 0.000039916 0.000040016 0.000052635 0.000041076 0.000040916 
[7] 0.000041099 0.000041145 0.000040844 0.000041105 0.000040815 0.000040915 0.000041096 0.000041283 0.000041174 0.000041192 
[8] 0.000040957 0.000040957 0.000041015 0.000041086 0.000041139 0.000040992 0.000040969 0.000047497 0.000041094 0.000040817 
[9] 0.000063974 0.000045285 0.000120684 0.000078745 0.000097612 0.000040012 0.000040004 0.000039935 0.000039881 0.000039909 
[AVERAGE] 0.000044304 s

FEN: 5k2/3R4/2K1p1p1/4P1P1/5P2/8/3r4/8 b - - 0 0
        [0]         [1]         [2]         [3]         [4]         [5]         [6]         [7]         [8]         [9]
[0] 0.000044571 0.000042245 0.000041497 0.000041026 0.000040693 0.000040732 0.000047431 0.000040342 0.000040418 0.000040404 
[1] 0.000053296 0.000041551 0.000041578 0.000041519 0.000041596 0.000041669 0.000041613 0.000041590 0.000041677 0.000041589 
[2] 0.000041572 0.000041565 0.000041460 0.000041578 0.000041566 0.000041630 0.000041743 0.000041624 0.000041439 0.000041481 
[3] 0.000048196 0.000042451 0.000041692 0.000049791 0.000041361 0.000041623 0.000041669 0.000041385 0.000041600 0.000041654 
[4] 0.000041490 0.000041465 0.000041551 0.000041630 0.000041751 0.000041566 0.000041583 0.000041535 0.000041709 0.000041631 
[5] 0.000041719 0.000041756 0.000041799 0.000047983 0.000041539 0.000041603 0.000041615 0.000041604 0.000041519 0.000041608 
[6] 0.000041427 0.000041382 0.000041664 0.000041625 0.000041392 0.000041573 0.000041671 0.000041525 0.000041555 0.000041526 
[7] 0.000041553 0.000041555 0.000069270 0.000054773 0.000041688 0.000041624 0.000047982 0.000041622 0.000041677 0.000041724 
[8] 0.000041527 0.000041572 0.000041454 0.000041604 0.000041430 0.000041628 0.000041534 0.000041557 0.000041551 0.000041343 
[9] 0.000041542 0.000041586 0.000041712 0.000041523 0.000041753 0.000041602 0.000041537 0.000057867 0.000063568 0.000065976 
[AVERAGE] 0.000043054 s

FEN: 6k1/6pp/5p2/8/5P2/P7/2K4P/8 b - - 0 0
        [0]         [1]         [2]         [3]         [4]         [5]         [6]         [7]         [8]         [9]
[0] 0.000010108 0.000009049 0.000008760 0.000008628 0.000008642 0.000008578 0.000008559 0.000008546 0.000017221 0.000008491 
[1] 0.000008522 0.000008553 0.000008543 0.000008523 0.000008479 0.000008573 0.000008515 0.000008469 0.000008519 0.000008533 
[2] 0.000008484 0.000008577 0.000008586 0.000008509 0.000008477 0.000008591 0.000008600 0.000008526 0.000008541 0.000008538 
[3] 0.000008505 0.000008523 0.000008560 0.000008532 0.000008535 0.000008449 0.000008507 0.000008500 0.000008545 0.000008443 
[4] 0.000008620 0.000008485 0.000008540 0.000008504 0.000008563 0.000008527 0.000009963 0.000016608 0.000011299 0.000008536 
[5] 0.000008618 0.000008531 0.000014906 0.000008576 0.000008519 0.000008543 0.000008530 0.000008591 0.000008573 0.000008611 
[6] 0.000008524 0.000008468 0.000008542 0.000008587 0.000008485 0.000008524 0.000008498 0.000008556 0.000008543 0.000008467 
[7] 0.000008553 0.000008532 0.000008556 0.000008633 0.000008633 0.000008617 0.000008591 0.000008548 0.000008552 0.000008571 
[8] 0.000008516 0.000008515 0.000008615 0.000008479 0.000008590 0.000008542 0.000008592 0.000008608 0.000008525 0.000008561 
[9] 0.000008528 0.000008577 0.000008538 0.000008504 0.000008556 0.000008537 0.000008544 0.000008523 0.000008533 0.000008498 
[AVERAGE] 0.000008838 s

FEN: 8/3R4/8/r3N2p/P1Pp1P2/2k2K1P/3r4/8 w - - 0 0
        [0]         [1]         [2]         [3]         [4]         [5]         [6]         [7]         [8]         [9]
[0] 0.000142702 0.000132685 0.000131236 0.000130243 0.000129802 0.000129117 0.000128929 0.000135655 0.000167544 0.000128793 
[1] 0.000128864 0.000134671 0.000128433 0.000128585 0.000128435 0.000135124 0.000137317 0.000128549 0.000128935 0.000128822 
[2] 0.000129032 0.000173419 0.000140146 0.000129120 0.000129036 0.000128815 0.000129192 0.000128660 0.000128267 0.000129173 
[3] 0.000143580 0.000128926 0.000128789 0.000133075 0.000128958 0.000128855 0.000142797 0.000164599 0.000129197 0.000128908 
[4] 0.000129103 0.000128597 0.000128452 0.000128772 0.000135480 0.000128799 0.000128531 0.000128443 0.000128778 0.000135359 
[5] 0.000129075 0.000128840 0.000135575 0.000137381 0.000128623 0.000128523 0.000128513 0.000128676 0.000133795 0.000128686 
[6] 0.000135200 0.000128650 0.000128894 0.000129182 0.000128690 0.000128933 0.000128780 0.000134977 0.000128489 0.000128891 
[7] 0.000128868 0.000128371 0.000129112 0.000128864 0.000128805 0.000135438 0.000144717 0.000134962 0.000128729 0.000128982 
[8] 0.000128447 0.000129491 0.000129037 0.000135915 0.000171466 0.000129167 0.000129418 0.000133995 0.000128246 0.000128646 
[9] 0.000136179 0.000137459 0.000128647 0.000128508 0.000128551 0.000129186 0.000128770 0.000129275 0.000135856 0.000128562 
[AVERAGE] 0.000132473 s

FEN: 6k1/8/6r1/8/5b2/2PR4/4K3/8 w - - 0 0
        [0]         [1]         [2]         [3]         [4]         [5]         [6]         [7]         [8]         [9]
[0] 0.000079923 0.000077906 0.000077370 0.000076902 0.000076840 0.000076807 0.000076732 0.000076681 0.000076716 0.000083205 
[1] 0.000076777 0.000088561 0.000075088 0.000075209 0.000075290 0.000136876 0.000074876 0.000075082 0.000075241 0.000075084 
[2] 0.000075236 0.000081923 0.000075031 0.000097389 0.000077016 0.000077165 0.000077024 0.000086619 0.000083567 0.000077053 
[3] 0.000077113 0.000077031 0.000077129 0.000077327 0.000083640 0.000089379 0.000075014 0.000075222 0.000075382 0.000075143 
[4] 0.000075167 0.000075196 0.000075106 0.000075232 0.000075156 0.000075182 0.000081629 0.000075186 0.000087179 0.000073246 
[5] 0.000073294 0.000073216 0.000073362 0.000073204 0.000073408 0.000073448 0.000073271 0.000132769 0.000086214 0.000079798 
[6] 0.000081412 0.000073132 0.000073310 0.000073060 0.000073408 0.000073185 0.000073500 0.000073313 0.000073384 0.000073191 
[7] 0.000073260 0.000073229 0.000079482 0.000073107 0.000073369 0.000073220 0.000073136 0.000073329 0.000073327 0.000073202 
[8] 0.000073031 0.000073294 0.000073273 0.000073209 0.000073292 0.000073402 0.000108226 0.000095232 0.000073247 0.000073314 
[9] 0.000073340 0.000073239 0.000073406 0.000073267 0.000073241 0.000073262 0.000108959 0.000158297 0.000113292 0.000114343 
[AVERAGE] 0.000079816 s

FEN: 8/1p3k2/3B4/8/3b2P1/1P6/6K1/8 b - - 0 0
        [0]         [1]         [2]         [3]         [4]         [5]         [6]         [7]         [8]         [9]
[0] 0.000046730 0.000044758 0.000073478 0.000072824 0.000058052 0.000056644 0.000049216 0.000043926 0.000043963 0.000043923 
[1] 0.000044004 0.000043921 0.000043812 0.000044001 0.000050625 0.000043855 0.000043948 0.000044035 0.000044032 0.000043973 
[2] 0.000043882 0.000043971 0.000043886 0.000044075 0.000043913 0.000043955 0.000043906 0.000044010 0.000044016 0.000043994 
[3] 0.000043963 0.000043946 0.000044026 0.000043922 0.000044036 0.000044034 0.000050366 0.000043980 0.000043949 0.000052237 
[4] 0.000044013 0.000044097 0.000043958 0.000043860 0.000043970 0.000043935 0.000043941 0.000044072 0.000044000 0.000044002 
[5] 0.000043834 0.000043935 0.000043939 0.000044095 0.000043970 0.000043755 0.000043876 0.000043957 0.000051030 0.000043925 
[6] 0.000044043 0.000044046 0.000044071 0.000081990 0.000107335 0.000132412 0.000057598 0.000045039 0.000045067 0.000059959 
[7] 0.000087566 0.000045124 0.000045393 0.000045334 0.000045051 0.000051998 0.000045228 0.000045273 0.000044979 0.000045019 
[8] 0.000075607 0.000074697 0.000046223 0.000046694 0.000046860 0.000046842 0.000047868 0.000077650 0.000066630 0.000045078 
[9] 0.000045235 0.000074840 0.000045225 0.000052933 0.000045004 0.000045050 0.000059745 0.000075516 0.000046457 0.000046343 
[AVERAGE] 0.000050330 s

FEN: 8/8/8/2p1k3/P6R/1K6/6rP/8 w - - 0 0
        [0]         [1]         [2]         [3]         [4]         [5]         [6]         [7]         [8]         [9]
[0] 0.000059171 0.000084402 0.000055864 0.000055206 0.000055048 0.000054675 0.000054802 0.000054625 0.000054768 0.000054576 
[1] 0.000054887 0.000061596 0.000054599 0.000054800 0.000054664 0.000054727 0.000054615 0.000054933 0.000054640 0.000054922 
[2] 0.000054712 0.000054595 0.000054663 0.000054740 0.000054716 0.000061379 0.000054968 0.000054809 0.000054911 0.000061241 
[3] 0.000054766 0.000063088 0.000054732 0.000054745 0.000054603 0.000054787 0.000054811 0.000054715 0.000054799 0.000054677 
[4] 0.000054938 0.000054912 0.000054818 0.000054669 0.000054802 0.000054788 0.000055292 0.000061479 0.000054959 0.000054710 
[5] 0.000054729 0.000054752 0.000054755 0.000054748 0.000054808 0.000054839 0.000054847 0.000054696 0.000055011 0.000054518 
[6] 0.000054649 0.000054685 0.000054786 0.000054869 0.000054608 0.000061146 0.000054723 0.000054832 0.000054733 0.000054622 
[7] 0.000054731 0.000054796 0.000054842 0.000054738 0.000054925 0.000054790 0.000054728 0.000054687 0.000054716 0.000054679 
[8] 0.000054854 0.000054746 0.000061263 0.000054772 0.000054918 0.000068785 0.000054628 0.000054722 0.000054653 0.000054783 
[9] 0.000054552 0.000072164 0.000085182 0.000082374 0.000075016 0.000054819 0.000054919 0.000054839 0.000061520 0.000054650 
[AVERAGE] 0.000056765 s

FEN: 6k1/5p1p/6p1/1P1n4/1K4P1/N6P/8/8 w - - 0 0
        [0]         [1]         [2]         [3]         [4]         [5]         [6]         [7]         [8]         [9]
[0] 0.000034360 0.000032114 0.000031610 0.000031206 0.000031239 0.000031132 0.000031126 0.000031238 0.000031084 0.000031199 
[1] 0.000031022 0.000031131 0.000031158 0.000031041 0.000031033 0.000031236 0.000031163 0.000031209 0.000031044 0.000031081 
[2] 0.000031199 0.000031228 0.000031111 0.000031105 0.000031153 0.000031236 0.000031175 0.000031242 0.000031072 0.000037662 
[3] 0.000030960 0.000031049 0.000031100 0.000031069 0.000031166 0.000031082 0.000031137 0.000031281 0.000031142 0.000031051 
[4] 0.000031265 0.000031072 0.000031152 0.000031196 0.000031057 0.000031227 0.000031086 0.000031147 0.000031197 0.000031206 
[5] 0.000031145 0.000031034 0.000031115 0.000031225 0.000031027 0.000031053 0.000031218 0.000031081 0.000031091 0.000031167 
[6] 0.000031161 0.000037629 0.000031109 0.000031080 0.000031011 0.000039551 0.000031144 0.000031091 0.000031121 0.000031212 
[7] 0.000031086 0.000031274 0.000031135 0.000031221 0.000031614 0.000036268 0.000031258 0.000031164 0.000031153 0.000031264 
[8] 0.000031095 0.000031196 0.000031003 0.000030984 0.000031093 0.000031131 0.000031069 0.000031235 0.000031090 0.000031074 
[9] 0.000031213 0.000031121 0.000038968 0.000031232 0.000031034 0.000031109 0.000031198 0.000031145 0.000031127 0.000030951 
[AVERAGE] 0.000031530 s

FEN: 8/k5r1/2N5/PK6/2B5/8/8/8 b - - 0 0
        [0]         [1]         [2]         [3]         [4]         [5]         [6]         [7]         [8]         [9]
[0] 0.000053633 0.000051496 0.000050661 0.000050404 0.000050323 0.000050057 0.000050183 0.000050053 0.000050127 0.000050122 
[1] 0.000050002 0.000050171 0.000049993 0.000050083 0.000056586 0.000050173 0.000049999 0.000058331 0.000050207 0.000050223 
[2] 0.000050133 0.000050115 0.000050121 0.000050110 0.000050174 0.000050054 0.000050224 0.000050213 0.000050040 0.000050138 
[3] 0.000056442 0.000059220 0.000049991 0.000050130 0.000056927 0.000050085 0.000050130 0.000050117 0.000050237 0.000050076 
[4] 0.000050167 0.000050170 0.000050063 0.000050156 0.000050086 0.000050116 0.000050199 0.000050071 0.000050078 0.000054263 
[5] 0.000050227 0.000050200 0.000050182 0.000056487 0.000050091 0.000050039 0.000050093 0.000050157 0.000050099 0.000050081 
[6] 0.000050277 0.000050009 0.000050117 0.000050073 0.000050243 0.000050158 0.000050117 0.000050069 0.000050107 0.000050109 
[7] 0.000050176 0.000050147 0.000050104 0.000056513 0.000050118 0.000058396 0.000050018 0.000050069 0.000050148 0.000050142 
[8] 0.000050119 0.000050131 0.000049951 0.000050095 0.000050106 0.000050205 0.000050247 0.000049961 0.000050121 0.000050077 
[9] 0.000050100 0.000050131 0.000056394 0.000050066 0.000050080 0.000050020 0.000050137 0.000049941 0.000049873 0.000050161 
[AVERAGE] 0.000050856 s

FEN: 6k1/8/5K2/8/5P1R/r6P/8/8 b - - 0 0
        [0]         [1]         [2]         [3]         [4]         [5]         [6]         [7]         [8]         [9]
[0] 0.000050190 0.000048587 0.000048081 0.000048035 0.000047837 0.000047672 0.000047672 0.000047829 0.000047541 0.000047621 
[1] 0.000047842 0.000047840 0.000047697 0.000054213 0.000047824 0.000052581 0.000047553 0.000047517 0.000047699 0.000047733 
[2] 0.000047924 0.000047688 0.000047791 0.000047613 0.000047596 0.000047681 0.000047638 0.000047735 0.000047847 0.000053296 
[3] 0.000047656 0.000047778 0.000047652 0.000054811 0.000047542 0.000047798 0.000064222 0.000053538 0.000047666 0.000047697 
[4] 0.000047801 0.000047662 0.000047858 0.000047800 0.000047985 0.000047821 0.000047717 0.000047753 0.000047798 0.000047860 
[5] 0.000047866 0.000047799 0.000047856 0.000054431 0.000047947 0.000047975 0.000047705 0.000047800 0.000047907 0.000047837 
[6] 0.000047635 0.000047719 0.000047715 0.000047861 0.000047817 0.000047692 0.000047698 0.000047664 0.000047758 0.000047978 
[7] 0.000047777 0.000047837 0.000047749 0.000047834 0.000054256 0.000047788 0.000056092 0.000047855 0.000047771 0.000047816 
[8] 0.000047796 0.000047826 0.000047597 0.000053519 0.000047828 0.000047686 0.000047718 0.000047768 0.000047963 0.000047643 
[9] 0.000047830 0.000047873 0.000047729 0.000047769 0.000055319 0.000047857 0.000047775 0.000047890 0.000047867 0.000047911 
[AVERAGE] 0.000048614 s

FEN: 8/8/4k1KP/p5P1/r7/8/8/8 w - - 0 0
        [0]         [1]         [2]         [3]         [4]         [5]         [6]         [7]         [8]         [9]
[0] 0.000018427 0.000017179 0.000017085 0.000016905 0.000016788 0.000016960 0.000016833 0.000016881 0.000016859 0.000016831 
[1] 0.000016899 0.000016850 0.000016871 0.000016933 0.000016940 0.000021343 0.000022571 0.000016865 0.000021762 0.000016865 
[2] 0.000016927 0.000034292 0.000030199 0.000016781 0.000044986 0.000016878 0.000016890 0.000017023 0.000016890 0.000016797 
[3] 0.000016851 0.000016884 0.000016915 0.000016834 0.000016984 0.000016896 0.000016900 0.000016827 0.000023601 0.000016927 
[4] 0.000016867 0.000016886 0.000016871 0.000045096 0.000016942 0.000016984 0.000017158 0.000016961 0.000016864 0.000016989 
[5] 0.000016766 0.000016909 0.000017154 0.000016854 0.000016839 0.000017161 0.000016976 0.000016952 0.000031932 0.000031702 
[6] 0.000022867 0.000017038 0.000016882 0.000016861 0.000016912 0.000016939 0.000016923 0.000016868 0.000016908 0.000016900 
[7] 0.000016905 0.000016829 0.000017041 0.000016835 0.000016868 0.000016852 0.000016894 0.000016863 0.000016982 0.000016952 
[8] 0.000016883 0.000017085 0.000016924 0.000017740 0.000016943 0.000017175 0.000017319 0.000017557 0.000017461 0.000017368 
[9] 0.000017130 0.000017403 0.000026166 0.000017130 0.000016941 0.000016862 0.000016981 0.000017052 0.000016912 0.000025553 
[AVERAGE] 0.000018595 s

FEN: 1R6/p2r4/2ppkp2/6p1/2PKP2p/P4P2/6PP/8 b - - 0 0
        [0]         [1]         [2]         [3]         [4]         [5]         [6]         [7]         [8]         [9]
[0] 0.000114055 0.000111176 0.000113062 0.000127791 0.000125123 0.000131613 0.000108362 0.000115445 0.000108466 0.000108300 
[1] 0.000108402 0.000108487 0.000108498 0.000108551 0.000108419 0.000108410 0.000114824 0.000108374 0.000108769 0.000108464 
[2] 0.000108663 0.000108569 0.000108259 0.000108501 0.000108394 0.000114622 0.000116851 0.000108364 0.000108732 0.000108305 
[3] 0.000108363 0.000108336 0.000108293 0.000108132 0.000114744 0.000145996 0.000108436 0.000108526 0.000108385 0.000108470 
[4] 0.000108624 0.000108519 0.000108675 0.000115190 0.000116598 0.000108608 0.000108538 0.000108265 0.000144297 0.000170961 
[5] 0.000144315 0.000114959 0.000108236 0.000108094 0.000108082 0.000108309 0.000108331 0.000108146 0.000108260 0.000108067 
[6] 0.000114672 0.000108323 0.000108323 0.000108175 0.000113282 0.000108299 0.000108218 0.000108244 0.000108422 0.000114896 
[7] 0.000116904 0.000108343 0.000108396 0.000108340 0.000108416 0.000108270 0.000108523 0.000108316 0.000115842 0.000108338 
[8] 0.000108277 0.000108318 0.000108555 0.000108294 0.000108152 0.000108268 0.000108213 0.000114856 0.000108126 0.000108403 
[9] 0.000108398 0.000108205 0.000108459 0.000108306 0.000112408 0.000108360 0.000115064 0.000124798 0.000114321 0.000115781 
[AVERAGE] 0.000112187 s

FEN: 8/7p/6p1/8/k7/8/2K3P1/8 b - - 0 0
        [0]         [1]         [2]         [3]         [4]         [5]         [6]         [7]         [8]         [9]
[0] 0.000009181 0.000008239 0.000008089 0.000008052 0.000008010 0.000008031 0.000008009 0.000008088 0.000007949 0.000007941 
[1] 0.000007992 0.000008049 0.000008040 0.000008017 0.000008008 0.000008059 0.000007971 0.000007974 0.000008022 0.000008045 
[2] 0.000008030 0.000008037 0.000008063 0.000007959 0.000008008 0.000007995 0.000008027 0.000008038 0.000007952 0.000007981 
[3] 0.000008009 0.000008045 0.000007991 0.000007986 0.000008044 0.000008002 0.000007995 0.000008179 0.000007957 0.000008008 
[4] 0.000008006 0.000007995 0.000007991 0.000008022 0.000007996 0.000008048 0.000007983 0.000008005 0.000008032 0.000008040 
[5] 0.000007970 0.000007993 0.000008043 0.000007993 0.000007978 0.000007954 0.000008070 0.000008017 0.000007993 0.000008019 
[6] 0.000008040 0.000008025 0.000007982 0.000008036 0.000007983 0.000007965 0.000008040 0.000008019 0.000007992 0.000008066 
[7] 0.000014988 0.000007977 0.000007973 0.000007972 0.000008047 0.000007944 0.000008013 0.000007976 0.000008033 0.000007946 
[8] 0.000008048 0.000007965 0.000008054 0.000007986 0.000008025 0.000008067 0.000008000 0.000007993 0.000007978 0.000008010 
[9] 0.000008069 0.000008005 0.000007998 0.000008072 0.000008015 0.000007966 0.000008014 0.000008031 0.000007995 0.000008031 
[AVERAGE] 0.000008096 s

FEN: R7/8/8/6p1/4k3/3rPp1P/8/6K1 b - - 0 0
        [0]         [1]         [2]         [3]         [4]         [5]         [6]         [7]         [8]         [9]
[0] 0.000138187 0.000134858 0.000134074 0.000133106 0.000132891 0.000139308 0.000141145 0.000132593 0.000132570 0.000132590 
[1] 0.000132524 0.000132770 0.000138861 0.000138484 0.000132552 0.000132410 0.000132430 0.000132803 0.000132543 0.000132370 
[2] 0.000139186 0.000132331 0.000132733 0.000138695 0.000132490 0.000132599 0.000132616 0.000139050 0.000140861 0.000132837 
[3] 0.000132555 0.000147667 0.000132469 0.000132419 0.000132492 0.000139693 0.000132561 0.000132596 0.000173650 0.000132475 
[4] 0.000132360 0.000132464 0.000139249 0.000132604 0.000132450 0.000132714 0.000132421 0.000132582 0.000132577 0.000138737 
[5] 0.000140902 0.000132629 0.000132612 0.000132448 0.000132804 0.000132466 0.000147568 0.000140198 0.000132570 0.000132574 
[6] 0.000132880 0.000132702 0.000137602 0.000165846 0.000139148 0.000140655 0.000132365 0.000132658 0.000132658 0.000132597 
[7] 0.000147081 0.000139358 0.000132829 0.000132735 0.000132638 0.000132561 0.000132830 0.000132786 0.000132468 0.000138975 
[8] 0.000132517 0.000132607 0.000132620 0.000132502 0.000132695 0.000132661 0.000139065 0.000145161 0.000132881 0.000132707 
[9] 0.000132568 0.000132501 0.000132404 0.000139000 0.000132626 0.000132651 0.000132746 0.000138089 0.000132709 0.000132312 
[AVERAGE] 0.000135424 s

FEN: 8/7p/1p1k2p1/p1p2p2/8/PP2P2P/4KPP1/8 w - - 0 0
        [0]         [1]         [2]         [3]         [4]         [5]         [6]         [7]         [8]         [9]
[0] 0.000032493 0.000030673 0.000029808 0.000029760 0.000029645 0.000036068 0.000029355 0.000029563 0.000029532 0.000029472 
[1] 0.000029502 0.000029492 0.000029428 0.000029295 0.000029381 0.000029410 0.000029468 0.000029338 0.000029437 0.000029485 
[2] 0.000029608 0.000029480 0.000029477 0.000029319 0.000029526 0.000029417 0.000029354 0.000029557 0.000029407 0.000029357 
[3] 0.000029345 0.000029358 0.000029399 0.000029495 0.000029463 0.000029375 0.000029377 0.000029546 0.000029295 0.000035854 
[4] 0.000029328 0.000029315 0.000029436 0.000046307 0.000035710 0.000029385 0.000029368 0.000029381 0.000029494 0.000029268 
[5] 0.000029406 0.000029340 0.000029387 0.000034079 0.000066194 0.000029379 0.000029381 0.000029392 0.000029403 0.000029411 
[6] 0.000029445 0.000029359 0.000029305 0.000029255 0.000029332 0.000029276 0.000029466 0.000029319 0.000029319 0.000029407 
[7] 0.000036203 0.000029407 0.000029458 0.000029483 0.000029336 0.000029207 0.000029339 0.000029294 0.000029407 0.000029463 
[8] 0.000029392 0.000029376 0.000029409 0.000029469 0.000029462 0.000029478 0.000029388 0.000029388 0.000029444 0.000029315 
[9] 0.000029466 0.000029284 0.000029475 0.000029327 0.000029370 0.000029320 0.000029364 0.000029463 0.000029379 0.000029330 
[AVERAGE] 0.000030300 s

FEN: 8/p7/1P6/1r3p1k/7P/3R1KP1/8/8 b - - 0 0
        [0]         [1]         [2]         [3]         [4]         [5]         [6]         [7]         [8]         [9]
[0] 0.000050944 0.000047941 0.000053251 0.000046244 0.000054471 0.000058404 0.000044689 0.000044689 0.000044695 0.000044761 
[1] 0.000044753 0.000044682 0.000044601 0.000044682 0.000044834 0.000044740 0.000044936 0.000044727 0.000044701 0.000044971 
[2] 0.000044582 0.000044746 0.000044691 0.000080103 0.000044830 0.000044764 0.000070075 0.000085149 0.000097891 0.000043557 
[3] 0.000043625 0.000043533 0.000043412 0.000043693 0.000043611 0.000043657 0.000043543 0.000049050 0.000071409 0.000043506 
[4] 0.000043587 0.000043489 0.000049940 0.000043543 0.000043391 0.000043546 0.000043574 0.000043468 0.000043646 0.000043500 
[5] 0.000043596 0.000043685 0.000043610 0.000043699 0.000043724 0.000043648 0.000043704 0.000043406 0.000043600 0.000043643 
[6] 0.000043629 0.000043724 0.000043760 0.000043626 0.000050035 0.000043530 0.000043666 0.000051665 0.000043519 0.000043715 
[7] 0.000043498 0.000043712 0.000043610 0.000043592 0.000043864 0.000086438 0.000072411 0.000086804 0.000101104 0.000070156 
[8] 0.000043685 0.000043774 0.000050298 0.000043800 0.000043684 0.000043552 0.000043698 0.000043557 0.000043550 0.000043639 
[9] 0.000043672 0.000043709 0.000043526 0.000043647 0.000043809 0.000043594 0.000043598 0.000043556 0.000043768 0.000043603 
[AVERAGE] 0.000048509 s

FEN: 8/5p1p/pk1p2p1/2pP4/2P2P2/4K2P/1P4P1/8 w - - 0 0
        [0]         [1]         [2]         [3]         [4]         [5]         [6]         [7]         [8]         [9]
[0] 0.000025215 0.000023067 0.000022745 0.000022389 0.000022381 0.000022232 0.000022273 0.000022097 0.000022165 0.000028533 
[1] 0.000022225 0.000022045 0.000022223 0.000022256 0.000026850 0.000050373 0.000022269 0.000022229 0.000022161 0.000022226 
[2] 0.000022254 0.000022139 0.000022149 0.000022171 0.000022197 0.000022173 0.000022203 0.000022223 0.000022174 0.000022130 
[3] 0.000022106 0.000022240 0.000022207 0.000022175 0.000022363 0.000022200 0.000022234 0.000022301 0.000022125 0.000022160 
[4] 0.000022252 0.000022086 0.000022169 0.000022140 0.000022128 0.000022233 0.000022216 0.000022309 0.000022311 0.000022199 
[5] 0.000022261 0.000022164 0.000028633 0.000022137 0.000022209 0.000022184 0.000022100 0.000022220 0.000030481 0.000022222 
[6] 0.000022105 0.000022239 0.000022269 0.000022239 0.000022299 0.000022322 0.000022219 0.000022095 0.000022230 0.000022169 
[7] 0.000022327 0.000022258 0.000022270 0.000027636 0.000022229 0.000022177 0.000022223 0.000022291 0.000022153 0.000022380 
[8] 0.000022275 0.000022201 0.000022214 0.000022136 0.000022287 0.000022308 0.000022192 0.000022124 0.000022169 0.000022252 
[9] 0.000022268 0.000022158 0.000022197 0.000022230 0.000022184 0.000022279 0.000028814 0.000022292 0.000022191 0.000022237 
[AVERAGE] 0.000022917 s

FEN: 5k2/5p2/6p1/7p/P7/2K3P1/7P/8 b - - 0 0
        [0]         [1]         [2]         [3]         [4]         [5]         [6]         [7]         [8]         [9]
[0] 0.000011667 0.000010324 0.000010010 0.000010037 0.000010125 0.000009995 0.000010002 0.000009933 0.000009902 0.000010011 
[1] 0.000009998 0.000009937 0.000009883 0.000009910 0.000009952 0.000009978 0.000010066 0.000009999 0.000009867 0.000010000 
[2] 0.000010033 0.000009894 0.000009916 0.000009921 0.000009938 0.000009984 0.000009961 0.000009994 0.000009988 0.000010018 
[3] 0.000009977 0.000009975 0.000010007 0.000009938 0.000009955 0.000010009 0.000009914 0.000010023 0.000009923 0.000010021 
[4] 0.000009972 0.000009981 0.000009854 0.000009953 0.000010004 0.000009940 0.000009917 0.000009942 0.000009932 0.000009990 
[5] 0.000009873 0.000009989 0.000009957 0.000009986 0.000010028 0.000009915 0.000009889 0.000009949 0.000009862 0.000010006 
[6] 0.000009993 0.000009909 0.000009902 0.000009894 0.000009950 0.000009935 0.000009924 0.000009967 0.000010023 0.000009949 
[7] 0.000009972 0.000009934 0.000009957 0.000010027 0.000010005 0.000009961 0.000024783 0.000010227 0.000010227 0.000023367 
[8] 0.000010328 0.000010156 0.000025268 0.000041744 0.000010230 0.000010277 0.000010267 0.000010166 0.000010246 0.000010307 
[9] 0.000010203 0.000010239 0.000018360 0.000009996 0.000010000 0.000009911 0.000009976 0.000009981 0.000009917 0.000009874 
[AVERAGE] 0.000010853 s

FEN: 8/8/5K2/3kn3/6B1/7P/8/8 b - - 0 0
        [0]         [1]         [2]         [3]         [4]         [5]         [6]         [7]         [8]         [9]
[0] 0.000029154 0.000027513 0.000026956 0.000026775 0.000026810 0.000026703 0.000026715 0.000026577 0.000059329 0.000027295 
[1] 0.000039467 0.000026694 0.000026560 0.000026616 0.000026532 0.000026640 0.000026631 0.000026636 0.000026706 0.000034874 
[2] 0.000061106 0.000027345 0.000039384 0.000026593 0.000033600 0.000026698 0.000026546 0.000026564 0.000026618 0.000026557 
[3] 0.000026679 0.000026637 0.000026701 0.000026718 0.000026578 0.000026607 0.000026579 0.000026578 0.000026630 0.000026647 
[4] 0.000026608 0.000026561 0.000026618 0.000026713 0.000026635 0.000026649 0.000026663 0.000026597 0.000026593 0.000026623 
[5] 0.000026657 0.000026657 0.000026715 0.000026596 0.000026629 0.000026776 0.000026627 0.000026647 0.000026588 0.000026730 
[6] 0.000026492 0.000032994 0.000026674 0.000026564 0.000026717 0.000026663 0.000026639 0.000026638 0.000026582 0.000026606 
[7] 0.000026707 0.000026597 0.000026643 0.000026753 0.000026490 0.000026606 0.000026655 0.000026621 0.000026567 0.000026673 
[8] 0.000026755 0.000026664 0.000026654 0.000026773 0.000026630 0.000026684 0.000026637 0.000026687 0.000026643 0.000026625 
[9] 0.000026710 0.000026593 0.000026684 0.000026725 0.000026613 0.000026670 0.000026641 0.000026629 0.000033049 0.000026735 
[AVERAGE] 0.000027901 s

FEN: 8/8/7k/8/8/8/5q2/3B2RK b - - 0 1
        [0]         [1]         [2]         [3]         [4]         [5]         [6]         [7]         [8]         [9]
[0] 0.000112038 0.000101530 0.000100541 0.000099803 0.000099743 0.000099370 0.000099004 0.000135009 0.000106401 0.000099076 
[1] 0.000103797 0.000181999 0.000161084 0.000104509 0.000173794 0.000104572 0.000111286 0.000104414 0.000104762 0.000135615 
[2] 0.000119187 0.000107143 0.000156648 0.000102493 0.000101594 0.000109658 0.000126695 0.000158085 0.000101410 0.000101315 
[3] 0.000101768 0.000101565 0.000101513 0.000136982 0.000107468 0.000148915 0.000104344 0.000104359 0.000104356 0.000104182 
[4] 0.000104327 0.000109687 0.000110896 0.000114225 0.000104332 0.000104302 0.000104284 0.000104250 0.000104389 0.000104253 
[5] 0.000104279 0.000104135 0.000111010 0.000104026 0.000104104 0.000104196 0.000104148 0.000104205 0.000104227 0.000104183 
[6] 0.000104423 0.000110920 0.000104443 0.000104224 0.000104262 0.000110550 0.000104412 0.000104250 0.000104154 0.000104253 
[7] 0.000104384 0.000110874 0.000112864 0.000104145 0.000104388 0.000118760 0.000104169 0.000104212 0.000104344 0.000104199 
[8] 0.000111003 0.000104251 0.000104267 0.000104162 0.000104169 0.000104118 0.000104236 0.000104292 0.000104361 0.000110791 
[9] 0.000104252 0.000104295 0.000104011 0.000104297 0.000104121 0.000104198 0.000104270 0.000108479 0.000104476 0.000110506 
[AVERAGE] 0.000109883 s

FEN: 8/p6p/1p2p1k1/4pp2/2P5/8/PP1K1PPP/8 b - - 0 0
        [0]         [1]         [2]         [3]         [4]         [5]         [6]         [7]         [8]         [9]
[0] 0.000044139 0.000050664 0.000041684 0.000041408 0.000041385 0.000041319 0.000041268 0.000041327 0.000041383 0.000041256 
[1] 0.000041275 0.000041296 0.000041685 0.000041376 0.000041204 0.000041194 0.000041295 0.000041231 0.000041249 0.000041293 
[2] 0.000048948 0.000075072 0.000066469 0.000041184 0.000041315 0.000041188 0.000041302 0.000041329 0.000041193 0.000041160 
[3] 0.000041219 0.000041284 0.000041176 0.000046626 0.000041267 0.000041210 0.000041313 0.000041267 0.000041128 0.000041230 
[4] 0.000041247 0.000041431 0.000041350 0.000041133 0.000047930 0.000041293 0.000041300 0.000049824 0.000041224 0.000041348 
[5] 0.000041340 0.000041308 0.000041293 0.000041317 0.000041155 0.000041183 0.000041348 0.000041323 0.000041389 0.000041264 
[6] 0.000041309 0.000041195 0.000041339 0.000049448 0.000047039 0.000084944 0.000049384 0.000070855 0.000070276 0.000076503 
[7] 0.000055555 0.000041382 0.000041164 0.000041156 0.000041270 0.000041285 0.000063182 0.000067242 0.000066595 0.000066575 
[8] 0.000066559 0.000061531 0.000041276 0.000041315 0.000049575 0.000041301 0.000041234 0.000041310 0.000041358 0.000041429 
[9] 0.000041367 0.000041164 0.000041287 0.000041433 0.000041151 0.000041334 0.000041239 0.000041226 0.000041472 0.000041250 
[AVERAGE] 0.000045543 s

FEN: 8/8/4kp2/5p1p/8/3KP1P1/7P/8 b - - 0 0
        [0]         [1]         [2]         [3]         [4]         [5]         [6]         [7]         [8]         [9]
[0] 0.000017959 0.000016633 0.000016158 0.000015942 0.000015932 0.000015695 0.000015729 0.000015785 0.000015754 0.000015744 
[1] 0.000015813 0.000015759 0.000015898 0.000015701 0.000015756 0.000015769 0.000015906 0.000015885 0.000015844 0.000022524 
[2] 0.000015914 0.000015766 0.000015828 0.000015961 0.000015889 0.000015805 0.000015773 0.000024732 0.000015796 0.000015870 
[3] 0.000015744 0.000015802 0.000015790 0.000015727 0.000015695 0.000015832 0.000015729 0.000015855 0.000015664 0.000015804 
[4] 0.000015826 0.000015791 0.000015709 0.000015713 0.000015775 0.000015886 0.000015765 0.000015920 0.000015810 0.000015773 
[5] 0.000015885 0.000015833 0.000015706 0.000015874 0.000015740 0.000015804 0.000015691 0.000015841 0.000015723 0.000015796 
[6] 0.000015778 0.000015907 0.000015825 0.000015836 0.000015873 0.000015691 0.000015713 0.000015828 0.000015774 0.000015836 
[7] 0.000015809 0.000015868 0.000015716 0.000015823 0.000015735 0.000015822 0.000015732 0.000015990 0.000015798 0.000015772 
[8] 0.000022337 0.000015887 0.000015943 0.000015806 0.000015771 0.000015831 0.000015844 0.000015826 0.000015709 0.000015811 
[9] 0.000015716 0.000015957 0.000015848 0.000015667 0.000015846 0.000015771 0.000015802 0.000015801 0.000015809 0.000015785 
[AVERAGE] 0.000016059 s

FEN: 8/7p/5kp1/4p3/p3rPRP/2K3P1/8/8 w - - 0 0
        [0]         [1]         [2]         [3]         [4]         [5]         [6]         [7]         [8]         [9]
[0] 0.000035923 0.000032741 0.000031977 0.000031226 0.000036464 0.000030776 0.000030703 0.000030700 0.000030612 0.000030495 
[1] 0.000030526 0.000030513 0.000030657 0.000030442 0.000030650 0.000030447 0.000030639 0.000030634 0.000030606 0.000030555 
[2] 0.000030555 0.000037428 0.000030494 0.000030675 0.000030494 0.000030574 0.000030506 0.000030548 0.000030598 0.000030787 
[3] 0.000030606 0.000030582 0.000030480 0.000030712 0.000030571 0.000030593 0.000030587 0.000030341 0.000030547 0.000030640 
[4] 0.000030645 0.000030463 0.000030561 0.000030586 0.000030736 0.000030653 0.000030388 0.000030722 0.000030622 0.000030633 
[5] 0.000030588 0.000038741 0.000056019 0.000049319 0.000049266 0.000056395 0.000031893 0.000035950 0.000030679 0.000030774 
[6] 0.000030682 0.000030433 0.000030691 0.000030588 0.000030740 0.000030790 0.000030792 0.000030633 0.000030657 0.000030597 
[7] 0.000030629 0.000030736 0.000030747 0.000030727 0.000030805 0.000043570 0.000031053 0.000030682 0.000030626 0.000030498 
[8] 0.000030580 0.000030703 0.000037953 0.000030579 0.000030641 0.000030711 0.000030644 0.000030677 0.000030634 0.000030610 
[9] 0.000030725 0.000030597 0.000030706 0.000030768 0.000030666 0.000030548 0.000030646 0.000030753 0.000030613 0.000030495 
[AVERAGE] 0.000032082 s

FEN: 8/6k1/8/R7/7K/1P6/5r2/8 b - - 0 1
        [0]         [1]         [2]         [3]         [4]         [5]         [6]         [7]         [8]         [9]
[0] 0.000056420 0.000055096 0.000054762 0.000054540 0.000108652 0.000054629 0.000054575 0.000061926 0.000054484 0.000063368 
[1] 0.000054545 0.000054458 0.000054454 0.000054700 0.000054514 0.000054614 0.000054566 0.000054604 0.000054447 0.000054544 
[2] 0.000054542 0.000054543 0.000054591 0.000054576 0.000054599 0.000061881 0.000054450 0.000054614 0.000054665 0.000054556 
[3] 0.000054557 0.000054531 0.000054513 0.000054480 0.000069005 0.000060176 0.000054533 0.000054619 0.000054498 0.000054569 
[4] 0.000054621 0.000054673 0.000061990 0.000054572 0.000054562 0.000054561 0.000054562 0.000054599 0.000062204 0.000054476 
[5] 0.000054491 0.000054485 0.000054583 0.000054501 0.000054415 0.000055072 0.000055147 0.000056174 0.000056272 0.000056096 
[6] 0.000062913 0.000054523 0.000111712 0.000079745 0.000079480 0.000079630 0.000079362 0.000054467 0.000054609 0.000054427 
[7] 0.000054423 0.000055068 0.000054708 0.000054596 0.000054522 0.000062049 0.000054517 0.000054484 0.000066564 0.000053148 
[8] 0.000053205 0.000053363 0.000069091 0.000077005 0.000104465 0.000093512 0.000067872 0.000065921 0.000053226 0.000053044 
[9] 0.000060810 0.000053139 0.000053305 0.000066928 0.000054681 0.000054499 0.000054387 0.000054491 0.000054462 0.000054506 
[AVERAGE] 0.000059213 s

FEN: 3b1N2/8/3k4/5pp1/8/5K1P/8/8 w - - 0 0
        [0]         [1]         [2]         [3]         [4]         [5]         [6]         [7]         [8]         [9]
[0] 0.000020504 0.000018236 0.000017768 0.000017545 0.000017494 0.000017570 0.000017378 0.000017343 0.000017338 0.000017456 
[1] 0.000017455 0.000017378 0.000017355 0.000017533 0.000017369 0.000017434 0.000017398 0.000017390 0.000017415 0.000017294 
[2] 0.000017411 0.000017392 0.000017395 0.000017445 0.000017427 0.000017329 0.000023924 0.000017449 0.000017414 0.000017299 
[3] 0.000017414 0.000017367 0.000017431 0.000026063 0.000029832 0.000016915 0.000017005 0.000016904 0.000016949 0.000016874 
[4] 0.000017056 0.000016965 0.000016921 0.000016911 0.000017037 0.000016909 0.000016991 0.000016930 0.000016994 0.000016938 
[5] 0.000016936 0.000037926 0.000017410 0.000029885 0.000016820 0.000017009 0.000017030 0.000016948 0.000016989 0.000016973 
[6] 0.000017051 0.000016899 0.000016995 0.000017010 0.000017017 0.000016928 0.000016994 0.000016999 0.000017036 0.000016960 
[7] 0.000017039 0.000017056 0.000017006 0.000016983 0.000017002 0.000016996 0.000016900 0.000016964 0.000016968 0.000016950 
[8] 0.000033497 0.000016973 0.000016963 0.000017000 0.000016983 0.000017061 0.000017010 0.000016986 0.000016955 0.000029835 
[9] 0.000017426 0.000017372 0.000017448 0.000017409 0.000017471 0.000017355 0.000017366 0.000017395 0.000017367 0.000017472 
[AVERAGE] 0.000018126 s

FEN: R7/P7/5p2/4pk1p/5p2/3K1PP1/r6P/8 b - - 0 0
        [0]         [1]         [2]         [3]         [4]         [5]         [6]         [7]         [8]         [9]
[0] 0.000055158 0.000051506 0.000050227 0.000049450 0.000049347 0.000049290 0.000049298 0.000049206 0.000049322 0.000049033 
[1] 0.000049336 0.000049256 0.000055748 0.000048929 0.000049131 0.000057682 0.000049148 0.000048944 0.000049132 0.000049133 
[2] 0.000049046 0.000049016 0.000049182 0.000049168 0.000049253 0.000049151 0.000048945 0.000048939 0.000062828 0.000056645 
[3] 0.000049171 0.000049122 0.000056268 0.000049116 0.000049000 0.000049116 0.000049235 0.000049062 0.000049128 0.000048897 
[4] 0.000049051 0.000048999 0.000049187 0.000049047 0.000049150 0.000049047 0.000049114 0.000054618 0.000049009 0.000049220 
[5] 0.000049158 0.000049258 0.000055853 0.000049266 0.000049188 0.000049222 0.000049010 0.000049059 0.000049105 0.000049161 
[6] 0.000049105 0.000048966 0.000049055 0.000049029 0.000049123 0.000049013 0.000049202 0.000049117 0.000049223 0.000049028 
[7] 0.000049016 0.000049103 0.000055466 0.000049081 0.000057907 0.000049180 0.000049169 0.000049189 0.000049003 0.000049167 
[8] 0.000049256 0.000049036 0.000049106 0.000049159 0.000049303 0.000049321 0.000049203 0.000049130 0.000049108 0.000049084 
[9] 0.000049023 0.000048982 0.000056320 0.000049164 0.000048986 0.000049167 0.000049088 0.000049092 0.000049179 0.000049097 
[AVERAGE] 0.000050002 s

FEN: 8/7p/6p1/5k2/7N/8/4KP2/8 b - - 0 0
        [0]         [1]         [2]         [3]         [4]         [5]         [6]         [7]         [8]         [9]
[0] 0.000021776 0.000019413 0.000018834 0.000018744 0.000018607 0.000018412 0.000018483 0.000018426 0.000018450 0.000018481 
[1] 0.000018454 0.000018548 0.000018453 0.000018450 0.000018474 0.000018446 0.000018597 0.000018503 0.000018498 0.000018489 
[2] 0.000018567 0.000018536 0.000018508 0.000018456 0.000018495 0.000018485 0.000018503 0.000018555 0.000018510 0.000018550 
[3] 0.000018471 0.000024842 0.000018530 0.000018532 0.000018514 0.000018511 0.000018518 0.000023372 0.000018554 0.000041845 
[4] 0.000031378 0.000018476 0.000018589 0.000018457 0.000018489 0.000018492 0.000018545 0.000018495 0.000018540 0.000018541 
[5] 0.000018465 0.000018534 0.000018458 0.000018575 0.000018478 0.000018450 0.000018561 0.000018454 0.000018456 0.000018485 
[6] 0.000018529 0.000018532 0.000018509 0.000018795 0.000018487 0.000018475 0.000018535 0.000018505 0.000018409 0.000018422 
[7] 0.000018388 0.000018466 0.000018434 0.000018475 0.000018496 0.000018384 0.000018522 0.000018482 0.000018521 0.000018456 
[8] 0.000018449 0.000025177 0.000018568 0.000018456 0.000018464 0.000018471 0.000018537 0.000018645 0.000033529 0.000018471 
[9] 0.000024752 0.000018816 0.000018435 0.000018496 0.000018523 0.000018508 0.000018512 0.000018443 0.000018501 0.000018466 
[AVERAGE] 0.000019304 s

FEN: 6k1/8/p7/1p6/3K4/8/PPr4P/4R3 w - - 0 1
        [0]         [1]         [2]         [3]         [4]         [5]         [6]         [7]         [8]         [9]
[0] 0.000147524 0.000143992 0.000143673 0.000142837 0.000149115 0.000141868 0.000141923 0.000141782 0.000142033 0.000142268 
[1] 0.000142046 0.000148861 0.000150372 0.000141659 0.000195102 0.000142145 0.000141654 0.000148879 0.000142200 0.000141508 
[2] 0.000141796 0.000141615 0.000141773 0.000141696 0.000147953 0.000141797 0.000141491 0.000141800 0.000141522 0.000141634 
[3] 0.000141730 0.000151923 0.000150279 0.000141535 0.000141580 0.000156592 0.000141513 0.000147100 0.000148253 0.000141417 
[4] 0.000141740 0.000141818 0.000141676 0.000141637 0.000141520 0.000148069 0.000141685 0.000141435 0.000141604 0.000141671 
[5] 0.000141436 0.000141750 0.000148049 0.000150222 0.000141514 0.000141323 0.000141595 0.000141641 0.000152183 0.000238311 
[6] 0.000141893 0.000141586 0.000141734 0.000141757 0.000141142 0.000150302 0.000155142 0.000145745 0.000142111 0.000143024 
[7] 0.000142253 0.000157995 0.000150111 0.000141456 0.000141748 0.000141518 0.000141707 0.000141822 0.000141922 0.000148256 
[8] 0.000141744 0.000141516 0.000181029 0.000141628 0.000141757 0.000141657 0.000148282 0.000150473 0.000141853 0.000141779 
[9] 0.000141662 0.000141447 0.000141798 0.000148015 0.000141323 0.000141506 0.000141800 0.000141623 0.000141328 0.000141529 
[AVERAGE] 0.000145643 s

FEN: 8/8/6R1/5p1p/5k2/7r/8/2K5 w - - 0 0
        [0]         [1]         [2]         [3]         [4]         [5]         [6]         [7]         [8]         [9]
[0] 0.000047040 0.000039727 0.000039272 0.000039179 0.000038966 0.000038948 0.000038886 0.000038965 0.000038882 0.000038941 
[1] 0.000038956 0.000038970 0.000038943 0.000039010 0.000038923 0.000039018 0.000038943 0.000038957 0.000038885 0.000038964 
[2] 0.000042853 0.000039017 0.000039015 0.000038974 0.000039046 0.000045444 0.000039118 0.000039074 0.000054970 0.000045280 
[3] 0.000038989 0.000039043 0.000038877 0.000038990 0.000039076 0.000038964 0.000039012 0.000039012 0.000038798 0.000039025 
[4] 0.000038927 0.000038994 0.000038891 0.000038901 0.000038993 0.000038893 0.000038946 0.000038961 0.000038922 0.000038962 
[5] 0.000045561 0.000038915 0.000039191 0.000038975 0.000039090 0.000039067 0.000038948 0.000038931 0.000039095 0.000038849 
[6] 0.000038930 0.000039047 0.000039134 0.000039080 0.000038971 0.000038996 0.000039047 0.000038989 0.000038948 0.000039008 
[7] 0.000038930 0.000038981 0.000039034 0.000039042 0.000038901 0.000045437 0.000039042 0.000039371 0.000048050 0.000038942 
[8] 0.000039089 0.000039035 0.000038954 0.000038997 0.000039104 0.000039110 0.000039151 0.000038894 0.000038893 0.000038973 
[9] 0.000038828 0.000038887 0.000038856 0.000038923 0.000039043 0.000038912 0.000039045 0.000039076 0.000038993 0.000038957 
[AVERAGE] 0.000039626 s

FEN: 8/6Rp/8/5k2/5p2/5K2/7r/8 b - - 0 0
        [0]         [1]         [2]         [3]         [4]         [5]         [6]         [7]         [8]         [9]
[0] 0.000115662 0.000110717 0.000104871 0.000104530 0.000103939 0.000103860 0.000103926 0.000103467 0.000103725 0.000110330 
[1] 0.000103692 0.000103602 0.000103589 0.000103554 0.000103754 0.000103751 0.000103730 0.000103622 0.000103706 0.000110153 
[2] 0.000111996 0.000103528 0.000103629 0.000119013 0.000103781 0.000103621 0.000103685 0.000103602 0.000110584 0.000103684 
[3] 0.000103681 0.000103758 0.000108716 0.000103781 0.000103816 0.000103539 0.000103865 0.000103751 0.000110504 0.000103728 
[4] 0.000103621 0.000103490 0.000103740 0.000103644 0.000103464 0.000103755 0.000103885 0.000110379 0.000112166 0.000103585 
[5] 0.000103676 0.000103627 0.000103665 0.000103764 0.000103653 0.000103604 0.000110158 0.000103684 0.000103573 0.000103757 
[6] 0.000103759 0.000103886 0.000103513 0.000103703 0.000108773 0.000103631 0.000110430 0.000112003 0.000103719 0.000103629 
[7] 0.000103730 0.000103823 0.000103582 0.000112318 0.000109702 0.000110545 0.000103961 0.000103390 0.000103796 0.000103477 
[8] 0.000103752 0.000103924 0.000103526 0.000103844 0.000103451 0.000110091 0.000103456 0.000103588 0.000103577 0.000103621 
[9] 0.000103479 0.000103340 0.000103663 0.000103593 0.000109959 0.000103753 0.000149575 0.000103617 0.000103717 0.000103551 
[AVERAGE] 0.000105658 s

FEN: 6k1/3R4/5Kp1/6r1/4P3/8/8/8 b - - 0 0
        [0]         [1]         [2]         [3]         [4]         [5]         [6]         [7]         [8]         [9]
[0] 0.000039159 0.000037537 0.000036929 0.000036708 0.000036533 0.000036709 0.000036668 0.000036536 0.000036447 0.000036507 
[1] 0.000036655 0.000043882 0.000036539 0.000036450 0.000036601 0.000036653 0.000046146 0.000041325 0.000036547 0.000036478 
[2] 0.000042029 0.000036565 0.000036633 0.000036534 0.000036472 0.000036544 0.000036571 0.000036524 0.000036622 0.000036539 
[3] 0.000036609 0.000036498 0.000036535 0.000036641 0.000036483 0.000036614 0.000036580 0.000043458 0.000036495 0.000036614 
[4] 0.000036634 0.000036534 0.000036579 0.000036555 0.000036552 0.000036591 0.000036514 0.000036581 0.000036506 0.000036541 
[5] 0.000036533 0.000036666 0.000036544 0.000036557 0.000036605 0.000036619 0.000036646 0.000036594 0.000036588 0.000036532 
[6] 0.000036540 0.000036562 0.000036577 0.000036600 0.000042978 0.000036543 0.000036541 0.000051134 0.000042631 0.000036432 
[7] 0.000036512 0.000052335 0.000051863 0.000052320 0.000051141 0.000036587 0.000036611 0.000036539 0.000036525 0.000036565 
[8] 0.000036683 0.000036601 0.000036592 0.000036503 0.000036560 0.000036518 0.000036618 0.000036592 0.000036470 0.000043433 
[9] 0.000036576 0.000036606 0.000036502 0.000036526 0.000036553 0.000036614 0.000036562 0.000036542 0.000036500 0.000036544 
[AVERAGE] 0.000037897 s

FEN: 6K1/8/5P1k/2R5/1r6/8/2p5/8 w - - 0 0        [0]         [1]         [2]         [3]         [4]         [5]         [6]         [7]         [8]         [9]
[0] 0.000082096 0.000078761 0.000077324 0.000076728 0.000076252 0.000075919 0.000075522 0.000081809 0.000075250 0.000083754 
[1] 0.000075459 0.000075556 0.000075262 0.000075714 0.000075358 0.000075550 0.000075488 0.000075256 0.000075458 0.000075344 
[2] 0.000081863 0.000075375 0.000075460 0.000075378 0.000075398 0.000075450 0.000075558 0.000075360 0.000075318 0.000075466 
[3] 0.000075380 0.000093088 0.000075651 0.000082119 0.000075547 0.000075369 0.000075225 0.000075501 0.000075460 0.000075485 
[4] 0.000075402 0.000075418 0.000075586 0.000075236 0.000075320 0.000075311 0.000081807 0.000075347 0.000083783 0.000075509 
[5] 0.000075505 0.000075385 0.000084310 0.000081644 0.000075583 0.000075343 0.000075564 0.000075394 0.000075402 0.000082173 
[6] 0.000075303 0.000075497 0.000075398 0.000075386 0.000075459 0.000075408 0.000075412 0.000075362 0.000075455 0.000075450 
[7] 0.000075615 0.000075328 0.000081667 0.000075429 0.000081072 0.000075415 0.000075293 0.000075275 0.000075354 0.000075251 
[8] 0.000075303 0.000075263 0.000075227 0.000075192 0.000075091 0.000082176 0.000075409 0.000083667 0.000075251 0.000078434 
[9] 0.000077707 0.000075447 0.000075289 0.000075417 0.000075166 0.000075236 0.000075388 0.000075394 0.000082925 0.000075468 
[AVERAGE] 0.000076766 s

----------------------------------- AVERAGES ------------------------------------------


---------- REGULAR POSITIONS ----------

 [0] 0.000294833
 [1] 0.000011418
 [2] 0.000089888
 [3] 0.000082216
 [4] 0.000101512
 [5] 0.000026487
 [6] 0.000342451
 [7] 0.000156670
 [8] 0.000071923
 [9] 0.000428135
[10] 0.000225254
[11] 0.000052665
[12] 0.000053137
[13] 0.000040333
[14] 0.000101755
[15] 0.000008761
[16] 0.000044304
[17] 0.000043054
[18] 0.000008838
[19] 0.000132473
[20] 0.000079816
[21] 0.000050330
[22] 0.000056765
[23] 0.000031530
[24] 0.000050856
[25] 0.000048614
[26] 0.000018595
[27] 0.000112187
[28] 0.000008096
[29] 0.000135424
[30] 0.000030300
[31] 0.000048509
[32] 0.000022917
[33] 0.000010853
[34] 0.000027901
[35] 0.000109883
[36] 0.000045543
[37] 0.000016059
[38] 0.000032082
[39] 0.000059213
[40] 0.000018126
[41] 0.000050002
[42] 0.000019304
[43] 0.000145643
[44] 0.000039626
[45] 0.000105658
[46] 0.000037897
[47] 0.000076766

----------------------------------- AVERAGES ------------------------------------------



