FEN: rnbqkbnr/pppppppp/8/8/8/8/PPPPPPPP/RNBQKBNR w KQkq - 0 1
        [0]         [1]         [2]         [3]         [4]         [5]         [6]         [7]         [8]         [9]
[0] 0.000226951 0.000284456 0.000227858 0.000301138 0.000298934 0.000367490 0.000314716 0.000237771 0.000222097 0.000225435 
[1] 0.000361782 0.000224338 0.000219692 0.000242626 0.000231557 0.000218077 0.000217560 0.000217797 0.000217748 0.000217509 
[2] 0.000217440 0.000217261 0.000216858 0.000217153 0.000217460 0.000216396 0.000216941 0.000216793 0.000217988 0.000252491 
[3] 0.000217649 0.000217069 0.000217469 0.000217605 0.000217026 0.000216594 0.000217023 0.000216960 0.000216810 0.000216934 
[4] 0.000216773 0.000216609 0.000216307 0.000216686 0.000251683 0.000216783 0.000217658 0.000217178 0.000216564 0.000216952 
[5] 0.000217364 0.000216635 0.000216951 0.000216898 0.000216626 0.000216823 0.000217661 0.000216459 0.000216969 0.000247487 
[6] 0.000217185 0.000216734 0.000216323 0.000217371 0.000216638 0.000216356 0.000216894 0.000216224 0.000216981 0.000216955 
[7] 0.000216294 0.000216735 0.000217161 0.000215975 0.000295063 0.000217341 0.000217454 0.000216784 0.000217603 0.000217194 
[8] 0.000217030 0.000217027 0.000216525 0.000216833 0.000216964 0.000216663 0.000216853 0.000217117 0.000216644 0.000252935 
[9] 0.000217183 0.000217353 0.000216378 0.000216412 0.000216700 0.000216681 0.000217178 0.000216894 0.000216900 0.000224670 
[AVERAGE] 0.000226527 s

FEN: 6k1/5p2/6p1/8/7p/8/6PP/6K1 b - - 0 0
        [0]         [1]         [2]         [3]         [4]         [5]         [6]         [7]         [8]         [9]
[0] 0.000019287 0.000016428 0.000015647 0.000015649 0.000015335 0.000015697 0.000015221 0.000015491 0.000015160 0.000015374 
[1] 0.000015035 0.000015162 0.000014981 0.000015218 0.000014970 0.000014909 0.000014907 0.000014908 0.000014885 0.000014920 
[2] 0.000014966 0.000014887 0.000014880 0.000020718 0.000021229 0.000022728 0.000022084 0.000022460 0.000022123 0.000022935 
[3] 0.000023697 0.000024509 0.000025168 0.000025297 0.000024592 0.000025799 0.000024463 0.000023088 0.000022298 0.000016788 
[4] 0.000015082 0.000015090 0.000015067 0.000014966 0.000014908 0.000021332 0.000019410 0.000019366 0.000019344 0.000019287 
[5] 0.000019413 0.000019461 0.000019397 0.000019405 0.000025839 0.000030095 0.000028271 0.000014949 0.000014917 0.000014929 
[6] 0.000014897 0.000014895 0.000014900 0.000014900 0.000014896 0.000014900 0.000014786 0.000014999 0.000014964 0.000014879 
[7] 0.000014872 0.000014948 0.000014912 0.000015020 0.000014884 0.000014939 0.000014855 0.000014864 0.000014941 0.000014989 
[8] 0.000014926 0.000014904 0.000014888 0.000014940 0.000014910 0.000015001 0.000014944 0.000014910 0.000014858 0.000014866 
[9] 0.000014964 0.000014895 0.000015050 0.000014897 0.000014931 0.000014838 0.000014890 0.000014930 0.000014918 0.000014934 
[AVERAGE] 0.000017211 s

FEN: 3k4/2n2B2/1KP5/2B2p2/5b1p/7P/8/8 b - - 0 0
        [0]         [1]         [2]         [3]         [4]         [5]         [6]         [7]         [8]         [9]
[0] 0.000204485 0.000199210 0.000198504 0.000197291 0.000196127 0.000195966 0.000195662 0.000195977 0.000195881 0.000195608 
[1] 0.000195301 0.000194871 0.000194784 0.000228558 0.000194822 0.000195224 0.000194760 0.000195610 0.000194845 0.000195261 
[2] 0.000195693 0.000194556 0.000194030 0.000194546 0.000194940 0.000194727 0.000194798 0.000194506 0.000194739 0.000195048 
[3] 0.000233786 0.000195156 0.000194601 0.000195001 0.000194034 0.000194377 0.000194577 0.000194378 0.000194316 0.000193603 
[4] 0.000195292 0.000194302 0.000194516 0.000194544 0.000194675 0.000195111 0.000194228 0.000230403 0.000194859 0.000194736 
[5] 0.000194348 0.000195159 0.000267934 0.000208513 0.000194027 0.000194466 0.000193463 0.000194659 0.000194711 0.000194205 
[6] 0.000193986 0.000194360 0.000194245 0.000227622 0.000195174 0.000194100 0.000194124 0.000194345 0.000194072 0.000194800 
[7] 0.000194816 0.000205079 0.000194725 0.000194731 0.000194834 0.000194207 0.000194613 0.000194335 0.000194468 0.000194749 
[8] 0.000198318 0.000194859 0.000194371 0.000195678 0.000195133 0.000194726 0.000194497 0.000194360 0.000194465 0.000194676 
[9] 0.000194631 0.000194353 0.000195032 0.000194594 0.000194366 0.000194898 0.000224831 0.000198469 0.000194654 0.000193980 
[AVERAGE] 0.000197686 s

FEN: r7/4R2P/3p4/3k1K2/2p5/8/8/8 b - - 0 0
        [0]         [1]         [2]         [3]         [4]         [5]         [6]         [7]         [8]         [9]
[0] 0.000220557 0.000216087 0.000214884 0.000214253 0.000214214 0.000242131 0.000215361 0.000212877 0.000212692 0.000212908 
[1] 0.000214081 0.000212519 0.000215775 0.000212718 0.000213128 0.000212736 0.000214645 0.000213054 0.000213070 0.000212827 
[2] 0.000214132 0.000212796 0.000212407 0.000212889 0.000212721 0.000212835 0.000212688 0.000212835 0.000215552 0.000212677 
[3] 0.000212633 0.000213256 0.000213011 0.000214611 0.000212362 0.000213339 0.000212838 0.000213194 0.000212284 0.000213368 
[4] 0.000213138 0.000212811 0.000212696 0.000212353 0.000215296 0.000212806 0.000212861 0.000212660 0.000212507 0.000212592 
[5] 0.000212647 0.000213797 0.000212725 0.000213715 0.000213963 0.000241129 0.000212642 0.000213247 0.000212771 0.000225770 
[6] 0.000207532 0.000207117 0.000207034 0.000206794 0.000218458 0.000202025 0.000202293 0.000261820 0.000258720 0.000249707 
[7] 0.000218000 0.000201798 0.000230151 0.000219132 0.000256707 0.000207587 0.000207448 0.000221446 0.000213005 0.000213295 
[8] 0.000212755 0.000213226 0.000221769 0.000207448 0.000207482 0.000208457 0.000206935 0.000215461 0.000202445 0.000202157 
[9] 0.000252219 0.000273308 0.000246584 0.000202257 0.000245585 0.000348466 0.000337553 0.000373188 0.000316380 0.000213267 
[AVERAGE] 0.000221921 s

FEN: 8/8/5p2/1P1K1k2/8/2r5/8/7R w - - 0 0
        [0]         [1]         [2]         [3]         [4]         [5]         [6]         [7]         [8]         [9]
[0] 0.000235675 0.000469687 0.000213970 0.000212871 0.000212206 0.000212603 0.000211866 0.000211651 0.000211404 0.000211278 
[1] 0.000211679 0.000211506 0.000211422 0.000210854 0.000211417 0.000211063 0.000210666 0.000214125 0.000210329 0.000210452 
[2] 0.000210647 0.000211139 0.000210693 0.000211217 0.000210670 0.000210528 0.000210483 0.000210162 0.000211063 0.000210563 
[3] 0.000210228 0.000210950 0.000212698 0.000210522 0.000211092 0.000210526 0.000210780 0.000210632 0.000210474 0.000210027 
[4] 0.000210606 0.000210145 0.000211270 0.000210871 0.000210503 0.000210907 0.000210752 0.000210565 0.000244648 0.000210440 
[5] 0.000238905 0.000210551 0.000210784 0.000210361 0.000210802 0.000210612 0.000210908 0.000211070 0.000210980 0.000210439 
[6] 0.000210872 0.000210133 0.000210557 0.000211116 0.000241270 0.000220069 0.000210778 0.000212466 0.000210466 0.000211001 
[7] 0.000211488 0.000211135 0.000210172 0.000210923 0.000211002 0.000241277 0.000210948 0.000210854 0.000210693 0.000250270 
[8] 0.000210836 0.000211088 0.000210638 0.000211512 0.000211421 0.000211179 0.000211076 0.000210594 0.000210807 0.000211391 
[9] 0.000210544 0.000296505 0.000255538 0.000310356 0.000310365 0.000251963 0.000225325 0.000211785 0.000298577 0.000211485 
[AVERAGE] 0.000220284 s

FEN: 5n2/R7/4pk2/8/5PK1/8/8/8 b - - 0 0
        [0]         [1]         [2]         [3]         [4]         [5]         [6]         [7]         [8]         [9]
[0] 0.000081923 0.000079369 0.000087888 0.000077165 0.000077061 0.000076614 0.000076293 0.000076174 0.000076744 0.000076119 
[1] 0.000076477 0.000076051 0.000076373 0.000076128 0.000075989 0.000076285 0.000075887 0.000075905 0.000076226 0.000076048 
[2] 0.000076070 0.000076036 0.000075924 0.000081971 0.000076063 0.000076189 0.000076273 0.000075766 0.000076164 0.000075790 
[3] 0.000075986 0.000077126 0.000075787 0.000076076 0.000075781 0.000076104 0.000075931 0.000076325 0.000076351 0.000076855 
[4] 0.000076216 0.000075675 0.000076016 0.000075884 0.000076344 0.000076529 0.000076189 0.000075632 0.000075928 0.000075826 
[5] 0.000075959 0.000075977 0.000075672 0.000076115 0.000077026 0.000075932 0.000076630 0.000076124 0.000076171 0.000076071 
[6] 0.000076206 0.000076119 0.000076088 0.000075917 0.000076068 0.000075889 0.000079232 0.000075957 0.000075895 0.000076084 
[7] 0.000076297 0.000076231 0.000076180 0.000076285 0.000076055 0.000075754 0.000076098 0.000076094 0.000075996 0.000076197 
[8] 0.000076028 0.000076078 0.000076152 0.000076031 0.000075880 0.000076021 0.000075864 0.000075996 0.000076357 0.000075956 
[9] 0.000075534 0.000076200 0.000075771 0.000075917 0.000076296 0.000076100 0.000076283 0.000076290 0.000075750 0.000076294 
[AVERAGE] 0.000076426 s

FEN: 3Q4/8/1k6/7p/p1p4P/2q3PB/7K/8 b - - 0 0
        [0]         [1]         [2]         [3]         [4]         [5]         [6]         [7]         [8]         [9]
[0] 0.000444193 0.000472922 0.000437550 0.000435513 0.000434418 0.000462624 0.000465610 0.000432867 0.000434708 0.000435811 
[1] 0.000433609 0.000434424 0.000434097 0.000433171 0.000432588 0.000434284 0.000435418 0.000434232 0.000434429 0.000432759 
[2] 0.000433015 0.000433505 0.000432306 0.000432495 0.000436658 0.000461116 0.000480424 0.000465118 0.000446015 0.000536541 
[3] 0.000446915 0.000437416 0.000432732 0.000433564 0.000432639 0.000432555 0.000441350 0.000433513 0.000432635 0.000435842 
[4] 0.000472835 0.000490793 0.000434210 0.000433639 0.000433340 0.000433774 0.000470124 0.000434627 0.000433659 0.000433805 
[5] 0.000432878 0.000433226 0.000433317 0.000552829 0.000463731 0.000434567 0.000434304 0.000434065 0.000433394 0.000433845 
[6] 0.000433498 0.000481695 0.000462483 0.000432404 0.000491060 0.000463240 0.000433902 0.000434189 0.000433779 0.000496550 
[7] 0.000566791 0.000478480 0.000492003 0.000433518 0.000432369 0.000433446 0.000537096 0.000454784 0.000432739 0.000488512 
[8] 0.000432376 0.000489576 0.000433019 0.000468143 0.000433421 0.000433552 0.000432707 0.000433207 0.000433238 0.000432656 
[9] 0.000468883 0.000441749 0.000433304 0.000432893 0.000442563 0.000433537 0.000433019 0.000432908 0.000479083 0.000433448 
[AVERAGE] 0.000448344 s

FEN: 4q3/2R4P/5R2/1p6/p3k3/P7/KP6/8 b - - 0 0
        [0]         [1]         [2]         [3]         [4]         [5]         [6]         [7]         [8]         [9]
[0] 0.000454881 0.000420657 0.000419334 0.000417191 0.000417369 0.000416959 0.000453459 0.000416558 0.000416027 0.000416347 
[1] 0.000417134 0.000416868 0.000415861 0.000475615 0.000415409 0.000415754 0.000415866 0.000415575 0.000416063 0.000415865 
[2] 0.000415927 0.000483806 0.000417510 0.000419684 0.000454458 0.000506174 0.000415040 0.000415450 0.000415513 0.000449296 
[3] 0.000414646 0.000417682 0.000416042 0.000416904 0.000415345 0.000416479 0.000414732 0.000449189 0.000415375 0.000415525 
[4] 0.000415193 0.000415543 0.000415277 0.000415730 0.000414829 0.000452352 0.000416403 0.000415522 0.000415087 0.000414889 
[5] 0.000424390 0.000480474 0.000420175 0.000449576 0.000416433 0.000416498 0.000415425 0.000415934 0.000415347 0.000415016 
[6] 0.000417260 0.000415083 0.000415283 0.000413995 0.000415343 0.000415604 0.000414480 0.000414819 0.000418251 0.000414916 
[7] 0.000415656 0.000502375 0.000419403 0.000447618 0.000425948 0.000473986 0.000464245 0.000413988 0.000414398 0.000414610 
[8] 0.000415010 0.000414959 0.000414211 0.000416058 0.000449343 0.000413824 0.000414489 0.000415434 0.000445247 0.000415252 
[9] 0.000414815 0.000414682 0.000450932 0.000422424 0.000414512 0.000415719 0.000415220 0.000415884 0.000415158 0.000415545 
[AVERAGE] 0.000424696 s

FEN: R7/8/5rk1/5p2/1p5P/5KP1/P7/8 b - - 0 0
        [0]         [1]         [2]         [3]         [4]         [5]         [6]         [7]         [8]         [9]
[0] 0.000185285 0.000141107 0.000140213 0.000167899 0.000138585 0.000138537 0.000138390 0.000138639 0.000138662 0.000138498 
[1] 0.000138635 0.000137539 0.000137916 0.000138133 0.000137687 0.000138178 0.000138440 0.000137861 0.000137899 0.000138037 
[2] 0.000138124 0.000137702 0.000138477 0.000215843 0.000138075 0.000138257 0.000138125 0.000144239 0.000138858 0.000137875 
[3] 0.000138682 0.000138270 0.000138149 0.000137938 0.000138226 0.000147001 0.000138580 0.000137682 0.000137910 0.000137977 
[4] 0.000138247 0.000137808 0.000138062 0.000137784 0.000138115 0.000137518 0.000137615 0.000177261 0.000138296 0.000137785 
[5] 0.000137745 0.000138033 0.000137594 0.000137669 0.000137299 0.000137872 0.000137686 0.000137573 0.000138127 0.000137785 
[6] 0.000137733 0.000137703 0.000137760 0.000137848 0.000137522 0.000137732 0.000137430 0.000137746 0.000137875 0.000137603 
[7] 0.000138495 0.000174626 0.000138495 0.000155445 0.000182210 0.000138846 0.000147241 0.000138709 0.000195338 0.000138656 
[8] 0.000138189 0.000137973 0.000137668 0.000137747 0.000138102 0.000137594 0.000137997 0.000137646 0.000137944 0.000137717 
[9] 0.000137777 0.000138150 0.000138457 0.000143126 0.000169112 0.000137837 0.000138118 0.000137710 0.000138533 0.000137532 
[AVERAGE] 0.000142179 s

FEN: 3k4/5ppp/2q5/3p2r1/8/1Q3P2/P4P1P/3R3K w - - 0 1
        [0]         [1]         [2]         [3]         [4]         [5]         [6]         [7]         [8]         [9]
[0] 0.000734448 0.000728766 0.000736971 0.000761569 0.000725823 0.000726084 0.000726056 0.000761356 0.000725141 0.000734668 
[1] 0.000753542 0.000724730 0.000754831 0.000726850 0.000724973 0.000725263 0.000726298 0.000724778 0.000724940 0.000724630 
[2] 0.000737061 0.000762525 0.000898612 0.000786316 0.000801262 0.000728796 0.000724865 0.000724682 0.000724649 0.000723222 
[3] 0.000726254 0.000724463 0.000724594 0.000724413 0.000726290 0.000723900 0.000724670 0.000723142 0.000724053 0.000841749 
[4] 0.000723676 0.000722782 0.000723389 0.000724344 0.000723878 0.000723460 0.000724747 0.000723181 0.000726347 0.000724249 
[5] 0.000722244 0.000828881 0.000811929 0.000875418 0.000732570 0.000727309 0.000752310 0.000759094 0.000724741 0.000724968 
[6] 0.000724110 0.000774315 0.000725058 0.000724053 0.000723659 0.000741545 0.000773780 0.000755065 0.000724812 0.000724177 
[7] 0.000763386 0.000725626 0.000724570 0.000724034 0.000723871 0.000754848 0.000724849 0.000723728 0.000723065 0.000803807 
[8] 0.000846800 0.000767892 0.000770311 0.000729276 0.000754582 0.000724105 0.000725208 0.000732356 0.000758858 0.000725234 
[9] 0.000724973 0.000725565 0.000723919 0.000757731 0.000724109 0.000723598 0.000723069 0.000760434 0.000723833 0.000724811 
[AVERAGE] 0.000741758 s

FEN: 4R3/1k6/1p2P1p1/p7/4r3/1P1r4/1K6/2R5 w - - 0 0
        [0]         [1]         [2]         [3]         [4]         [5]         [6]         [7]         [8]         [9]
[0] 0.000561220 0.000556320 0.000593379 0.000556065 0.000586136 0.000555570 0.000554700 0.000554757 0.000588747 0.000554331 
[1] 0.000590609 0.000554468 0.000554529 0.000552972 0.000642644 0.000589734 0.000554074 0.000553404 0.000554064 0.000553782 
[2] 0.000556311 0.000553445 0.000552497 0.000553987 0.000552984 0.000554072 0.000582464 0.000559464 0.000584087 0.000561369 
[3] 0.000553413 0.000553307 0.000634075 0.000553498 0.000552821 0.000551965 0.000553484 0.000554172 0.000600314 0.000539146 
[4] 0.000603959 0.000540545 0.000629000 0.000629307 0.000568506 0.000595354 0.000555602 0.000611219 0.000831939 0.000677823 
[5] 0.000698518 0.000601947 0.000554750 0.000553384 0.000586305 0.000553429 0.000552424 0.000552255 0.000552616 0.000552220 
[6] 0.000583767 0.000552900 0.000553413 0.000554022 0.000553641 0.000552862 0.000561566 0.000553709 0.000553594 0.000553183 
[7] 0.000552146 0.000559236 0.000591405 0.000555489 0.000553163 0.000552893 0.000553976 0.000553003 0.000555611 0.000553751 
[8] 0.000554022 0.000552463 0.000553007 0.000553305 0.000555236 0.000582548 0.000556082 0.000624230 0.000683587 0.000575992 
[9] 0.000565761 0.000552621 0.000553225 0.000552949 0.000555068 0.000586250 0.000552024 0.000553611 0.000553715 0.000553437 
[AVERAGE] 0.000571419 s

FEN: 5k2/R7/3K4/4p3/5P2/8/8/5r2 w - - 0 0
        [0]         [1]         [2]         [3]         [4]         [5]         [6]         [7]         [8]         [9]
[0] 0.000189708 0.000184669 0.000183342 0.000182902 0.000182473 0.000218496 0.000181590 0.000181229 0.000181780 0.000182229 
[1] 0.000181548 0.000182306 0.000181196 0.000181473 0.000180549 0.000180688 0.000181414 0.000181265 0.000180913 0.000180112 
[2] 0.000181206 0.000181257 0.000180608 0.000238850 0.000180899 0.000180657 0.000181413 0.000180655 0.000180976 0.000180817 
[3] 0.000181331 0.000181103 0.000180648 0.000180946 0.000180884 0.000180898 0.000181038 0.000180607 0.000181084 0.000180430 
[4] 0.000181065 0.000221918 0.000180610 0.000181144 0.000181391 0.000180702 0.000181201 0.000180779 0.000181872 0.000180739 
[5] 0.000181165 0.000190602 0.000181425 0.000181888 0.000181209 0.000181599 0.000180700 0.000181366 0.000181023 0.000204383 
[6] 0.000194212 0.000181125 0.000181702 0.000180781 0.000180608 0.000180348 0.000180602 0.000181255 0.000180489 0.000180888 
[7] 0.000180882 0.000180997 0.000181290 0.000180714 0.000181390 0.000181368 0.000181160 0.000181145 0.000183342 0.000181454 
[8] 0.000223855 0.000208804 0.000180962 0.000180851 0.000180561 0.000180793 0.000180881 0.000181643 0.000180712 0.000180909 
[9] 0.000180547 0.000180232 0.000180746 0.000181172 0.000181267 0.000183328 0.000211714 0.000180599 0.000180593 0.000181098 
[AVERAGE] 0.000184100 s

FEN: 5k2/1R6/4p1p1/1pr3Pp/7P/1K6/8/8 w - - 0 0
        [0]         [1]         [2]         [3]         [4]         [5]         [6]         [7]         [8]         [9]
[0] 0.000135896 0.000132157 0.000130970 0.000130547 0.000129995 0.000129825 0.000129685 0.000129603 0.000129395 0.000129425 
[1] 0.000129590 0.000129133 0.000129060 0.000129554 0.000129313 0.000128763 0.000129048 0.000129066 0.000129053 0.000131772 
[2] 0.000129324 0.000129401 0.000129017 0.000129206 0.000129150 0.000129170 0.000129385 0.000129382 0.000129305 0.000128851 
[3] 0.000129317 0.000129030 0.000129041 0.000129092 0.000128777 0.000128931 0.000128614 0.000128841 0.000129299 0.000129189 
[4] 0.000129405 0.000128572 0.000129014 0.000129161 0.000128998 0.000131476 0.000128943 0.000128944 0.000129149 0.000128967 
[5] 0.000128882 0.000129197 0.000129015 0.000129081 0.000129099 0.000185011 0.000128760 0.000128809 0.000128774 0.000129016 
[6] 0.000128920 0.000129008 0.000129260 0.000129016 0.000129097 0.000129014 0.000129061 0.000128943 0.000129456 0.000129261 
[7] 0.000131436 0.000139715 0.000125568 0.000126298 0.000125971 0.000125809 0.000154592 0.000126092 0.000137825 0.000122765 
[8] 0.000122734 0.000122527 0.000122605 0.000122774 0.000122397 0.000164118 0.000122825 0.000122495 0.000122493 0.000122444 
[9] 0.000122348 0.000122678 0.000122697 0.000165631 0.000192945 0.000124402 0.000171502 0.000122997 0.000122450 0.000122473 
[AVERAGE] 0.000130871 s

FEN: 5k2/8/p7/4K1P1/P4R2/6r1/8/8 b - - 0 0
        [0]         [1]         [2]         [3]         [4]         [5]         [6]         [7]         [8]         [9]
[0] 0.000170135 0.000138364 0.000137778 0.000137351 0.000137084 0.000136525 0.000136261 0.000167362 0.000156072 0.000135844 
[1] 0.000136148 0.000135930 0.000136166 0.000135954 0.000179191 0.000135924 0.000178499 0.000248153 0.000242797 0.000154493 
[2] 0.000186154 0.000143757 0.000183440 0.000184023 0.000155506 0.000144773 0.000144581 0.000156578 0.000229299 0.000266723 
[3] 0.000152967 0.000154029 0.000142721 0.000142958 0.000142786 0.000142554 0.000142929 0.000142566 0.000175542 0.000143419 
[4] 0.000143281 0.000143080 0.000143269 0.000142726 0.000143197 0.000142808 0.000143076 0.000143312 0.000142850 0.000143250 
[5] 0.000142548 0.000142849 0.000142808 0.000142860 0.000142843 0.000142847 0.000142536 0.000142762 0.000142712 0.000142740 
[6] 0.000142447 0.000145069 0.000143020 0.000142904 0.000171286 0.000142865 0.000142760 0.000142735 0.000142477 0.000142675 
[7] 0.000142969 0.000142820 0.000142883 0.000142835 0.000142944 0.000142425 0.000142306 0.000142326 0.000142434 0.000142759 
[8] 0.000142864 0.000142871 0.000142865 0.000142296 0.000144909 0.000142403 0.000142503 0.000142605 0.000142316 0.000143093 
[9] 0.000142561 0.000142440 0.000142827 0.000142263 0.000142332 0.000142668 0.000142894 0.000142306 0.000142707 0.000142961 
[AVERAGE] 0.000150113 s

FEN: 8/8/8/p2r1k2/7p/PP1RK3/6P1/8 b - - 0 0
        [0]         [1]         [2]         [3]         [4]         [5]         [6]         [7]         [8]         [9]
[0] 0.000136927 0.000164405 0.000132707 0.000131205 0.000130958 0.000130594 0.000129905 0.000149382 0.000142836 0.000129365 
[1] 0.000129123 0.000129588 0.000129400 0.000129273 0.000129167 0.000128988 0.000129028 0.000129058 0.000129238 0.000129353 
[2] 0.000129265 0.000129429 0.000129135 0.000128773 0.000129296 0.000129204 0.000129372 0.000129421 0.000128926 0.000129068 
[3] 0.000128892 0.000129426 0.000129548 0.000165832 0.000129732 0.000129320 0.000129373 0.000136454 0.000129463 0.000129390 
[4] 0.000129406 0.000129517 0.000129419 0.000129591 0.000129096 0.000129003 0.000129391 0.000129301 0.000128797 0.000129140 
[5] 0.000129290 0.000129795 0.000129236 0.000129618 0.000129111 0.000129507 0.000128987 0.000128850 0.000131199 0.000129057 
[6] 0.000129074 0.000143459 0.000125853 0.000125825 0.000125532 0.000125733 0.000125734 0.000198751 0.000208400 0.000126049 
[7] 0.000180462 0.000170294 0.000128106 0.000126748 0.000170491 0.000145472 0.000151018 0.000171837 0.000213961 0.000283219 
[8] 0.000217305 0.000151560 0.000130650 0.000130286 0.000130090 0.000129406 0.000129744 0.000129167 0.000129180 0.000129277 
[9] 0.000128944 0.000129306 0.000133736 0.000139052 0.000130422 0.000129639 0.000129149 0.000129293 0.000129159 0.000129313 
[AVERAGE] 0.000137778 s

FEN: 8/8/8/1P4p1/5k2/5p2/P6K/8 b - - 0 0
        [0]         [1]         [2]         [3]         [4]         [5]         [6]         [7]         [8]         [9]
[0] 0.000023937 0.000021783 0.000021179 0.000020934 0.000020623 0.000020675 0.000020485 0.000020652 0.000020540 0.000020525 
[1] 0.000020606 0.000020623 0.000020507 0.000020497 0.000020532 0.000020580 0.000020548 0.000020539 0.000020452 0.000020643 
[2] 0.000020719 0.000020590 0.000020580 0.000020656 0.000020581 0.000020559 0.000020569 0.000024582 0.000020648 0.000020522 
[3] 0.000020534 0.000020466 0.000020503 0.000020551 0.000020505 0.000020513 0.000020567 0.000020560 0.000020559 0.000020629 
[4] 0.000020584 0.000020598 0.000020615 0.000020548 0.000020538 0.000020585 0.000020522 0.000020519 0.000020494 0.000020582 
[5] 0.000020465 0.000020609 0.000020664 0.000020549 0.000020634 0.000020512 0.000020548 0.000020591 0.000020578 0.000020559 
[6] 0.000020596 0.000020462 0.000020639 0.000020588 0.000020452 0.000020541 0.000020523 0.000020574 0.000020509 0.000020478 
[7] 0.000020464 0.000020563 0.000020471 0.000020507 0.000020597 0.000020500 0.000020601 0.000020542 0.000020537 0.000020596 
[8] 0.000020608 0.000020443 0.000020615 0.000020584 0.000020476 0.000020543 0.000020602 0.000020566 0.000020555 0.000020547 
[9] 0.000020546 0.000020501 0.000020543 0.000020621 0.000020606 0.000020521 0.000020616 0.000020608 0.000020661 0.000020633 
[AVERAGE] 0.000020657 s

FEN: 3b2k1/1p3p2/p1p5/2P4p/1P2P1p1/5p2/5P2/4RK2 w - - 0 0
        [0]         [1]         [2]         [3]         [4]         [5]         [6]         [7]         [8]         [9]
[0] 0.000085424 0.000080999 0.000079415 0.000078631 0.000078085 0.000077993 0.000077642 0.000077671 0.000077600 0.000077502 
[1] 0.000077659 0.000077429 0.000077413 0.000077574 0.000091693 0.000078257 0.000077979 0.000077534 0.000077589 0.000077667 
[2] 0.000077413 0.000077476 0.000081495 0.000111244 0.000077548 0.000077371 0.000077431 0.000077487 0.000077364 0.000077420 
[3] 0.000077613 0.000077526 0.000077622 0.000077713 0.000077577 0.000077421 0.000077357 0.000077615 0.000077521 0.000077554 
[4] 0.000077668 0.000077435 0.000077725 0.000077495 0.000077480 0.000077618 0.000077560 0.000077595 0.000077675 0.000077403 
[5] 0.000077457 0.000077670 0.000077319 0.000077506 0.000077393 0.000077244 0.000077480 0.000077366 0.000077318 0.000077466 
[6] 0.000077449 0.000077469 0.000077328 0.000077512 0.000077557 0.000081030 0.000077587 0.000077576 0.000077428 0.000077446 
[7] 0.000081146 0.000109828 0.000082206 0.000077964 0.000077876 0.000077617 0.000077384 0.000077393 0.000077427 0.000077364 
[8] 0.000077499 0.000077361 0.000077504 0.000077428 0.000077315 0.000077390 0.000077332 0.000077451 0.000077331 0.000077466 
[9] 0.000077323 0.000077289 0.000077376 0.000077353 0.000077342 0.000077376 0.000077422 0.000077190 0.000077235 0.000077328 
[AVERAGE] 0.000078613 s

FEN: 5k2/3R4/2K1p1p1/4P1P1/5P2/8/3r4/8 b - - 0 0
        [0]         [1]         [2]         [3]         [4]         [5]         [6]         [7]         [8]         [9]
[0] 0.000147528 0.000143956 0.000142997 0.000145761 0.000175088 0.000140939 0.000140602 0.000140300 0.000140260 0.000140449 
[1] 0.000140632 0.000140277 0.000140024 0.000140108 0.000140414 0.000140271 0.000140370 0.000140081 0.000140179 0.000140124 
[2] 0.000140230 0.000140213 0.000139810 0.000139962 0.000139998 0.000140287 0.000140369 0.000176248 0.000139810 0.000140187 
[3] 0.000139990 0.000139966 0.000139637 0.000140027 0.000139952 0.000140167 0.000140057 0.000140004 0.000139779 0.000139882 
[4] 0.000139855 0.000140084 0.000140156 0.000139695 0.000153297 0.000140810 0.000140938 0.000140364 0.000140657 0.000198461 
[5] 0.000172956 0.000141218 0.000144208 0.000142239 0.000140368 0.000140155 0.000197374 0.000194530 0.000140917 0.000140916 
[6] 0.000140499 0.000140678 0.000140249 0.000140132 0.000140369 0.000139743 0.000140136 0.000139824 0.000140099 0.000140319 
[7] 0.000141317 0.000140354 0.000163811 0.000153696 0.000140019 0.000140226 0.000139680 0.000139917 0.000172879 0.000147514 
[8] 0.000141695 0.000140947 0.000140319 0.000140216 0.000139909 0.000139986 0.000139805 0.000139624 0.000139998 0.000140170 
[9] 0.000139685 0.000140248 0.000140520 0.000140286 0.000140360 0.000140352 0.000180056 0.000139819 0.000139723 0.000139892 
[AVERAGE] 0.000144512 s

FEN: 6k1/6pp/5p2/8/5P2/P7/2K4P/8 b - - 0 0
        [0]         [1]         [2]         [3]         [4]         [5]         [6]         [7]         [8]         [9]
[0] 0.000031330 0.000029070 0.000028469 0.000028300 0.000028275 0.000028013 0.000028057 0.000028016 0.000028004 0.000027950 
[1] 0.000027947 0.000028066 0.000028035 0.000028095 0.000027930 0.000027948 0.000027957 0.000027949 0.000027947 0.000028046 
[2] 0.000027949 0.000028019 0.000027961 0.000028008 0.000027934 0.000028128 0.000028072 0.000027876 0.000027894 0.000027908 
[3] 0.000027998 0.000027981 0.000028060 0.000028007 0.000028039 0.000027955 0.000027853 0.000027931 0.000027968 0.000027911 
[4] 0.000027896 0.000027949 0.000027901 0.000027834 0.000027968 0.000027897 0.000027887 0.000027966 0.000028089 0.000027903 
[5] 0.000027980 0.000027945 0.000027873 0.000028013 0.000027943 0.000027872 0.000028008 0.000027857 0.000028045 0.000027846 
[6] 0.000027902 0.000027995 0.000027917 0.000027989 0.000028016 0.000027899 0.000027839 0.000027995 0.000028042 0.000028042 
[7] 0.000028058 0.000027978 0.000028002 0.000027900 0.000028033 0.000028014 0.000028033 0.000027937 0.000028086 0.000028020 
[8] 0.000027946 0.000027952 0.000027974 0.000028020 0.000027962 0.000027957 0.000027981 0.000027946 0.000027899 0.000027841 
[9] 0.000027852 0.000027904 0.000028023 0.000027916 0.000027982 0.000027944 0.000027961 0.000060622 0.000027892 0.000027806 
[AVERAGE] 0.000028346 s

FEN: 8/3R4/8/r3N2p/P1Pp1P2/2k2K1P/3r4/8 w - - 0 0
        [0]         [1]         [2]         [3]         [4]         [5]         [6]         [7]         [8]         [9]
[0] 0.000345561 0.000341689 0.000341324 0.000340289 0.000355886 0.000352357 0.000340537 0.000338518 0.000339101 0.000342118 
[1] 0.000338636 0.000338426 0.000338238 0.000337615 0.000337683 0.000337895 0.000337410 0.000336858 0.000338417 0.000340564 
[2] 0.000337525 0.000337386 0.000337611 0.000337225 0.000337493 0.000337937 0.000337797 0.000337569 0.000337192 0.000370667 
[3] 0.000337502 0.000336541 0.000337782 0.000337622 0.000338581 0.000338415 0.000365026 0.000337442 0.000374173 0.000337465 
[4] 0.000337411 0.000337790 0.000338576 0.000338170 0.000337645 0.000338627 0.000338069 0.000337554 0.000375145 0.000394646 
[5] 0.000339178 0.000395919 0.000340102 0.000341442 0.000424264 0.000341695 0.000377381 0.000380231 0.000339521 0.000338360 
[6] 0.000340235 0.000338498 0.000351178 0.000339251 0.000368806 0.000338115 0.000455160 0.000338148 0.000339277 0.000338911 
[7] 0.000338642 0.000338119 0.000337948 0.000339129 0.000338274 0.000338254 0.000373758 0.000338146 0.000338130 0.000338263 
[8] 0.000337689 0.000338693 0.000338290 0.000338124 0.000337513 0.000337764 0.000372968 0.000337098 0.000337558 0.000338128 
[9] 0.000338167 0.000351916 0.000338113 0.000340384 0.000337747 0.000400482 0.000339587 0.000367501 0.000338365 0.000338070 
[AVERAGE] 0.000346302 s

FEN: 6k1/8/6r1/8/5b2/2PR4/4K3/8 w - - 0 0
        [0]         [1]         [2]         [3]         [4]         [5]         [6]         [7]         [8]         [9]
[0] 0.000231249 0.000226943 0.000225906 0.000225489 0.000224095 0.000223953 0.000224326 0.000224339 0.000274977 0.000224139 
[1] 0.000223741 0.000224077 0.000223367 0.000223611 0.000223579 0.000223626 0.000223099 0.000222880 0.000257083 0.000223642 
[2] 0.000224240 0.000224363 0.000256860 0.000223232 0.000222769 0.000223866 0.000224309 0.000223691 0.000223348 0.000223960 
[3] 0.000224181 0.000223095 0.000223451 0.000223303 0.000223567 0.000223360 0.000223391 0.000226638 0.000223594 0.000249580 
[4] 0.000224092 0.000223636 0.000247318 0.000223609 0.000223188 0.000223538 0.000224102 0.000222864 0.000223414 0.000223821 
[5] 0.000223902 0.000223675 0.000273829 0.000223897 0.000224093 0.000224035 0.000223590 0.000223615 0.000222880 0.000223448 
[6] 0.000223639 0.000223194 0.000223636 0.000223212 0.000223112 0.000290717 0.000262953 0.000224901 0.000224430 0.000223943 
[7] 0.000223914 0.000223911 0.000223757 0.000224267 0.000223320 0.000224039 0.000223908 0.000223980 0.000223105 0.000223805 
[8] 0.000303345 0.000224733 0.000225193 0.000280092 0.000225384 0.000229792 0.000225310 0.000281577 0.000279772 0.000224222 
[9] 0.000223375 0.000223466 0.000223125 0.000223746 0.000261199 0.000223951 0.000223584 0.000223788 0.000224204 0.000223402 
[AVERAGE] 0.000230105 s

FEN: 8/1p3k2/3B4/8/3b2P1/1P6/6K1/8 b - - 0 0
        [0]         [1]         [2]         [3]         [4]         [5]         [6]         [7]         [8]         [9]
[0] 0.000209566 0.000205648 0.000204631 0.000203746 0.000202608 0.000203080 0.000201828 0.000202017 0.000201283 0.000201713 
[1] 0.000237292 0.000202257 0.000201462 0.000201420 0.000201483 0.000200975 0.000202396 0.000201558 0.000201329 0.000201741 
[2] 0.000202139 0.000201649 0.000201410 0.000201582 0.000201742 0.000201303 0.000241945 0.000201838 0.000201835 0.000207428 
[3] 0.000202678 0.000201387 0.000201625 0.000201288 0.000260992 0.000205046 0.000204175 0.000203205 0.000261995 0.000202394 
[4] 0.000202194 0.000202756 0.000208817 0.000201501 0.000201704 0.000201579 0.000201411 0.000201474 0.000201093 0.000201510 
[5] 0.000201532 0.000201724 0.000202300 0.000201850 0.000201879 0.000201361 0.000201626 0.000201749 0.000210553 0.000201470 
[6] 0.000201093 0.000201828 0.000201989 0.000201343 0.000231647 0.000201157 0.000201732 0.000202772 0.000210122 0.000201292 
[7] 0.000201102 0.000201380 0.000201234 0.000201415 0.000201100 0.000205777 0.000201489 0.000242940 0.000203361 0.000202672 
[8] 0.000202438 0.000201977 0.000201955 0.000201503 0.000201523 0.000202033 0.000202013 0.000201505 0.000201138 0.000201674 
[9] 0.000232093 0.000206454 0.000201803 0.000202127 0.000202032 0.000201543 0.000201625 0.000201585 0.000201799 0.000201485 
[AVERAGE] 0.000205335 s

FEN: 8/8/8/2p1k3/P6R/1K6/6rP/8 w - - 0 0
        [0]         [1]         [2]         [3]         [4]         [5]         [6]         [7]         [8]         [9]
[0] 0.000199556 0.000197122 0.000196581 0.000196662 0.000195601 0.000195175 0.000195715 0.000198734 0.000226338 0.000194757 
[1] 0.000194553 0.000195053 0.000194597 0.000194722 0.000194729 0.000194558 0.000194540 0.000194916 0.000194311 0.000194757 
[2] 0.000194743 0.000194306 0.000194660 0.000204135 0.000210966 0.000203492 0.000190099 0.000189632 0.000213370 0.000184910 
[3] 0.000185027 0.000184869 0.000213045 0.000213921 0.000184825 0.000185214 0.000185183 0.000213133 0.000184686 0.000185255 
[4] 0.000184807 0.000300846 0.000256188 0.000320673 0.000185985 0.000185258 0.000213188 0.000185070 0.000185566 0.000185412 
[5] 0.000184673 0.000200700 0.000261041 0.000186288 0.000186125 0.000185425 0.000200096 0.000249364 0.000184613 0.000213282 
[6] 0.000185558 0.000227660 0.000185121 0.000185347 0.000185440 0.000184611 0.000226168 0.000213925 0.000199910 0.000270563 
[7] 0.000184637 0.000226768 0.000185322 0.000276329 0.000242393 0.000226965 0.000184787 0.000184541 0.000185052 0.000184662 
[8] 0.000213137 0.000225864 0.000184610 0.000184206 0.000241893 0.000356414 0.000274010 0.000223280 0.000239116 0.000248255 
[9] 0.000196258 0.000278440 0.000384440 0.000270376 0.000196923 0.000195632 0.000195127 0.000194899 0.000194479 0.000194860 
[AVERAGE] 0.000209510 s

FEN: 6k1/5p1p/6p1/1P1n4/1K4P1/N6P/8/8 w - - 0 0
        [0]         [1]         [2]         [3]         [4]         [5]         [6]         [7]         [8]         [9]
[0] 0.000074822 0.000070717 0.000069501 0.000069062 0.000068836 0.000068652 0.000068309 0.000068166 0.000110196 0.000068187 
[1] 0.000068535 0.000068175 0.000068062 0.000067910 0.000068329 0.000067982 0.000068361 0.000068207 0.000068221 0.000068180 
[2] 0.000068246 0.000068745 0.000068202 0.000068180 0.000068090 0.000067986 0.000068253 0.000068187 0.000068230 0.000068178 
[3] 0.000068578 0.000068350 0.000068396 0.000068337 0.000068453 0.000068249 0.000068520 0.000068578 0.000068200 0.000068300 
[4] 0.000068452 0.000068076 0.000068376 0.000068178 0.000068465 0.000068291 0.000068141 0.000068268 0.000068144 0.000068147 
[5] 0.000068412 0.000103406 0.000068163 0.000068313 0.000068110 0.000091085 0.000081231 0.000068214 0.000068292 0.000068367 
[6] 0.000068136 0.000068231 0.000068065 0.000068339 0.000068224 0.000068245 0.000068437 0.000068338 0.000068301 0.000068385 
[7] 0.000068170 0.000068551 0.000068164 0.000068445 0.000068237 0.000068498 0.000068396 0.000068413 0.000068376 0.000068239 
[8] 0.000068324 0.000068328 0.000068132 0.000067958 0.000068402 0.000068438 0.000068365 0.000068031 0.000068353 0.000068162 
[9] 0.000068410 0.000068410 0.000068395 0.000068322 0.000068284 0.000068315 0.000068433 0.000068317 0.000068209 0.000068660 
[AVERAGE] 0.000069532 s

FEN: 8/k5r1/2N5/PK6/2B5/8/8/8 b - - 0 0
        [0]         [1]         [2]         [3]         [4]         [5]         [6]         [7]         [8]         [9]
[0] 0.000160354 0.000203355 0.000155724 0.000155735 0.000155360 0.000155359 0.000154460 0.000154506 0.000154191 0.000153786 
[1] 0.000154652 0.000154282 0.000154129 0.000154103 0.000154557 0.000154212 0.000154260 0.000154197 0.000153741 0.000153926 
[2] 0.000153931 0.000154026 0.000187480 0.000153958 0.000154208 0.000153613 0.000153913 0.000153548 0.000154289 0.000153934 
[3] 0.000153866 0.000153642 0.000154078 0.000153870 0.000153855 0.000153712 0.000154049 0.000154038 0.000153900 0.000153724 
[4] 0.000153940 0.000204971 0.000173785 0.000160277 0.000155001 0.000154544 0.000154518 0.000154134 0.000154071 0.000153495 
[5] 0.000153888 0.000154141 0.000153939 0.000154413 0.000165896 0.000150082 0.000150181 0.000149952 0.000150054 0.000149852 
[6] 0.000150384 0.000149930 0.000162615 0.000146210 0.000146510 0.000225431 0.000174678 0.000204908 0.000261935 0.000178606 
[7] 0.000181617 0.000168879 0.000219763 0.000205916 0.000153402 0.000154985 0.000207504 0.000293086 0.000240449 0.000154208 
[8] 0.000153809 0.000153922 0.000189570 0.000153771 0.000153768 0.000153934 0.000154211 0.000154024 0.000153829 0.000153928 
[9] 0.000154331 0.000154445 0.000153939 0.000199733 0.000170384 0.000154971 0.000154561 0.000154351 0.000154140 0.000153870 
[AVERAGE] 0.000163682 s

FEN: 6k1/8/5K2/8/5P1R/r6P/8/8 b - - 0 0
        [0]         [1]         [2]         [3]         [4]         [5]         [6]         [7]         [8]         [9]
[0] 0.000110329 0.000107784 0.000106834 0.000106678 0.000143940 0.000106147 0.000105695 0.000105619 0.000105504 0.000105850 
[1] 0.000105517 0.000105328 0.000105635 0.000105356 0.000105381 0.000105328 0.000105514 0.000105184 0.000105020 0.000104948 
[2] 0.000105023 0.000105401 0.000105490 0.000105084 0.000105202 0.000105348 0.000105206 0.000104944 0.000105313 0.000105459 
[3] 0.000105727 0.000105157 0.000104894 0.000105200 0.000105588 0.000107718 0.000104938 0.000105352 0.000104987 0.000105689 
[4] 0.000105043 0.000105164 0.000104865 0.000105663 0.000105422 0.000105263 0.000105109 0.000105308 0.000105292 0.000105289 
[5] 0.000105259 0.000105344 0.000105302 0.000104847 0.000105226 0.000105432 0.000105587 0.000105621 0.000105295 0.000105496 
[6] 0.000105363 0.000105015 0.000105351 0.000105053 0.000105130 0.000133787 0.000137104 0.000105033 0.000105254 0.000105243 
[7] 0.000105483 0.000105618 0.000104894 0.000104888 0.000105209 0.000105065 0.000104794 0.000105039 0.000104974 0.000104960 
[8] 0.000105023 0.000105152 0.000104889 0.000105000 0.000105076 0.000104930 0.000104872 0.000104816 0.000105236 0.000105001 
[9] 0.000104826 0.000105441 0.000105246 0.000104988 0.000105314 0.000105240 0.000105317 0.000104919 0.000107409 0.000105047 
[AVERAGE] 0.000106381 s

FEN: 8/8/4k1KP/p5P1/r7/8/8/8 w - - 0 0
        [0]         [1]         [2]         [3]         [4]         [5]         [6]         [7]         [8]         [9]
[0] 0.000040314 0.000037854 0.000037240 0.000037068 0.000036840 0.000036664 0.000036497 0.000036562 0.000036438 0.000036246 
[1] 0.000036331 0.000036314 0.000036581 0.000036291 0.000036424 0.000036503 0.000036345 0.000036277 0.000036338 0.000036283 
[2] 0.000036411 0.000036473 0.000036309 0.000036275 0.000036326 0.000036388 0.000036270 0.000036024 0.000036381 0.000036392 
[3] 0.000036333 0.000036240 0.000036275 0.000036298 0.000036200 0.000036310 0.000036383 0.000036329 0.000036420 0.000036431 
[4] 0.000036243 0.000036333 0.000036189 0.000036232 0.000036097 0.000036515 0.000036311 0.000036333 0.000036092 0.000036321 
[5] 0.000036463 0.000036358 0.000036243 0.000036519 0.000036373 0.000036501 0.000036414 0.000036361 0.000036303 0.000036387 
[6] 0.000036573 0.000036265 0.000036313 0.000036362 0.000036114 0.000036349 0.000036289 0.000036156 0.000036234 0.000047874 
[7] 0.000035569 0.000035343 0.000035345 0.000035341 0.000035398 0.000035409 0.000035399 0.000035439 0.000035492 0.000035446 
[8] 0.000035246 0.000035487 0.000035228 0.000035331 0.000035502 0.000037363 0.000068836 0.000048779 0.000035359 0.000035246 
[9] 0.000036442 0.000058105 0.000041447 0.000035808 0.000035547 0.000047143 0.000034566 0.000034523 0.000034594 0.000034703 
[AVERAGE] 0.000037124 s

FEN: 1R6/p2r4/2ppkp2/6p1/2PKP2p/P4P2/6PP/8 b - - 0 0
        [0]         [1]         [2]         [3]         [4]         [5]         [6]         [7]         [8]         [9]
[0] 0.000222421 0.000217747 0.000244635 0.000216028 0.000216341 0.000315892 0.000256921 0.000227482 0.000214422 0.000214325 
[1] 0.000214488 0.000317043 0.000230075 0.000413351 0.000269366 0.000242987 0.000214500 0.000214392 0.000242664 0.000273032 
[2] 0.000261264 0.000214650 0.000256428 0.000245964 0.000272194 0.000220232 0.000219607 0.000235075 0.000225590 0.000226188 
[3] 0.000225654 0.000238044 0.000219779 0.000220343 0.000296443 0.000233480 0.000214759 0.000232568 0.000257983 0.000219542 
[4] 0.000219744 0.000219391 0.000219796 0.000220186 0.000220051 0.000219607 0.000219374 0.000220204 0.000219968 0.000249460 
[5] 0.000233267 0.000219556 0.000219442 0.000267705 0.000219583 0.000219364 0.000220037 0.000254171 0.000362933 0.000219759 
[6] 0.000219981 0.000220259 0.000219781 0.000220140 0.000219424 0.000219667 0.000219054 0.000253315 0.000220094 0.000220197 
[7] 0.000219936 0.000219760 0.000220209 0.000219883 0.000220078 0.000219397 0.000219451 0.000219829 0.000220024 0.000279416 
[8] 0.000286417 0.000359013 0.000242890 0.000213940 0.000214218 0.000213979 0.000229374 0.000227465 0.000214069 0.000214270 
[9] 0.000214460 0.000257587 0.000227194 0.000214267 0.000214073 0.000335425 0.000251379 0.000233022 0.000220196 0.000342888 
[AVERAGE] 0.000237935 s

FEN: 8/7p/6p1/8/k7/8/2K3P1/8 b - - 0 0
        [0]         [1]         [2]         [3]         [4]         [5]         [6]         [7]         [8]         [9]
[0] 0.000026669 0.000025104 0.000024874 0.000051875 0.000024997 0.000065168 0.000024190 0.000036229 0.000023686 0.000023447 
[1] 0.000023483 0.000023467 0.000023388 0.000038508 0.000037173 0.000023925 0.000023924 0.000023963 0.000036212 0.000037791 
[2] 0.000023842 0.000064953 0.000038858 0.000049974 0.000039860 0.000037842 0.000024449 0.000024572 0.000024643 0.000035806 
[3] 0.000023384 0.000023222 0.000023196 0.000023256 0.000023265 0.000023254 0.000023275 0.000023439 0.000023226 0.000023293 
[4] 0.000023298 0.000023148 0.000023394 0.000023375 0.000023239 0.000023141 0.000023320 0.000023443 0.000023201 0.000023156 
[5] 0.000023321 0.000023205 0.000023283 0.000023244 0.000023360 0.000023162 0.000023197 0.000023208 0.000023347 0.000023171 
[6] 0.000023303 0.000023379 0.000023233 0.000038353 0.000037369 0.000023881 0.000023881 0.000023885 0.000051966 0.000023919 
[7] 0.000023854 0.000023947 0.000023810 0.000036164 0.000023289 0.000023254 0.000023229 0.000023233 0.000023345 0.000048469 
[8] 0.000062116 0.000023169 0.000023335 0.000023342 0.000023130 0.000023267 0.000023388 0.000023229 0.000023339 0.000023285 
[9] 0.000023341 0.000023324 0.000036862 0.000036249 0.000023327 0.000023326 0.000023270 0.000023232 0.000023252 0.000023122 
[AVERAGE] 0.000027776 s

FEN: R7/8/8/6p1/4k3/3rPp1P/8/6K1 b - - 0 0
        [0]         [1]         [2]         [3]         [4]         [5]         [6]         [7]         [8]         [9]
[0] 0.000198967 0.000168597 0.000167392 0.000167093 0.000167033 0.000165906 0.000165326 0.000165425 0.000164798 0.000165063 
[1] 0.000164613 0.000164696 0.000176689 0.000160665 0.000161094 0.000161129 0.000225268 0.000160835 0.000221269 0.000160857 
[2] 0.000160639 0.000160288 0.000160675 0.000161432 0.000160805 0.000160861 0.000161304 0.000161267 0.000160919 0.000160922 
[3] 0.000160785 0.000160673 0.000160607 0.000160794 0.000198449 0.000367596 0.000251188 0.000275469 0.000163382 0.000208662 
[4] 0.000165968 0.000165813 0.000165292 0.000165176 0.000176170 0.000168183 0.000165519 0.000164968 0.000193890 0.000164738 
[5] 0.000164946 0.000165618 0.000164852 0.000203791 0.000164491 0.000164972 0.000164924 0.000166981 0.000164893 0.000164573 
[6] 0.000164887 0.000164537 0.000164980 0.000175145 0.000160794 0.000160823 0.000160387 0.000160437 0.000160847 0.000160696 
[7] 0.000161472 0.000160883 0.000160654 0.000237862 0.000274159 0.000160471 0.000161501 0.000160607 0.000204426 0.000173861 
[8] 0.000175672 0.000164443 0.000164847 0.000164895 0.000164699 0.000164539 0.000175093 0.000160288 0.000160317 0.000160973 
[9] 0.000161018 0.000160573 0.000207903 0.000160942 0.000160752 0.000160862 0.000160528 0.000161045 0.000175950 0.000268225 
[AVERAGE] 0.000174782 s

FEN: 8/7p/1p1k2p1/p1p2p2/8/PP2P2P/4KPP1/8 w - - 0 0
        [0]         [1]         [2]         [3]         [4]         [5]         [6]         [7]         [8]         [9]
[0] 0.000081454 0.000078548 0.000077278 0.000077057 0.000076394 0.000130284 0.000115304 0.000088365 0.000102626 0.000101454 
[1] 0.000073939 0.000074481 0.000074880 0.000075037 0.000073515 0.000101770 0.000102489 0.000088667 0.000150120 0.000130212 
[2] 0.000102421 0.000075865 0.000075820 0.000075809 0.000075240 0.000075492 0.000075486 0.000075532 0.000075473 0.000075417 
[3] 0.000075334 0.000075407 0.000075361 0.000075487 0.000075362 0.000075372 0.000075372 0.000075275 0.000075312 0.000075384 
[4] 0.000091698 0.000091401 0.000076007 0.000075800 0.000075477 0.000075488 0.000075461 0.000075336 0.000075495 0.000075422 
[5] 0.000075445 0.000075521 0.000075284 0.000075378 0.000075178 0.000075155 0.000075243 0.000075209 0.000075275 0.000075197 
[6] 0.000075322 0.000075328 0.000075101 0.000079602 0.000075164 0.000075238 0.000075195 0.000075235 0.000075422 0.000075279 
[7] 0.000075086 0.000075321 0.000075205 0.000075126 0.000075085 0.000075247 0.000075088 0.000075067 0.000075233 0.000075221 
[8] 0.000075225 0.000075110 0.000075239 0.000075072 0.000075001 0.000075213 0.000075263 0.000075176 0.000075122 0.000075215 
[9] 0.000075015 0.000075265 0.000075118 0.000075040 0.000075121 0.000074985 0.000075130 0.000075103 0.000075218 0.000075172 
[AVERAGE] 0.000079619 s

FEN: 8/p7/1P6/1r3p1k/7P/3R1KP1/8/8 b - - 0 0
        [0]         [1]         [2]         [3]         [4]         [5]         [6]         [7]         [8]         [9]
[0] 0.000160126 0.000155602 0.000154067 0.000156567 0.000153264 0.000152979 0.000152723 0.000152600 0.000152433 0.000152565 
[1] 0.000152566 0.000152465 0.000152400 0.000152437 0.000152142 0.000152093 0.000151563 0.000152238 0.000151638 0.000152590 
[2] 0.000152192 0.000152001 0.000152258 0.000152231 0.000152424 0.000154789 0.000152120 0.000161186 0.000246374 0.000164679 
[3] 0.000154349 0.000152952 0.000152866 0.000152625 0.000152333 0.000152542 0.000151957 0.000152607 0.000152341 0.000151790 
[4] 0.000152147 0.000152370 0.000151911 0.000152282 0.000151570 0.000152255 0.000156914 0.000152253 0.000152141 0.000152032 
[5] 0.000152229 0.000152231 0.000152290 0.000152410 0.000152530 0.000152401 0.000151928 0.000152294 0.000151825 0.000152271 
[6] 0.000152458 0.000152063 0.000151813 0.000152124 0.000152041 0.000151987 0.000152043 0.000152038 0.000185994 0.000151817 
[7] 0.000151908 0.000151737 0.000151891 0.000152127 0.000151821 0.000152181 0.000151751 0.000152094 0.000152051 0.000151731 
[8] 0.000151627 0.000152118 0.000152079 0.000152030 0.000237592 0.000183244 0.000152424 0.000152496 0.000152379 0.000187686 
[9] 0.000181070 0.000154970 0.000183972 0.000153078 0.000152271 0.000152954 0.000212280 0.000153462 0.000152267 0.000152022 
[AVERAGE] 0.000156756 s

FEN: 8/5p1p/pk1p2p1/2pP4/2P2P2/4K2P/1P4P1/8 w - - 0 0
        [0]         [1]         [2]         [3]         [4]         [5]         [6]         [7]         [8]         [9]
[0] 0.000065292 0.000061826 0.000061008 0.000060353 0.000059939 0.000059650 0.000059972 0.000059733 0.000059617 0.000059526 
[1] 0.000059551 0.000059765 0.000059851 0.000059522 0.000059556 0.000059675 0.000059684 0.000059735 0.000059653 0.000059711 
[2] 0.000059676 0.000059714 0.000059658 0.000059863 0.000059771 0.000098221 0.000059981 0.000059861 0.000059715 0.000059727 
[3] 0.000059616 0.000059731 0.000059811 0.000059845 0.000059682 0.000059779 0.000059676 0.000059703 0.000059783 0.000059697 
[4] 0.000059701 0.000059646 0.000059883 0.000059710 0.000059596 0.000059672 0.000059856 0.000059679 0.000059700 0.000059643 
[5] 0.000059728 0.000059638 0.000059709 0.000059747 0.000059719 0.000059769 0.000059593 0.000059590 0.000059751 0.000059456 
[6] 0.000059604 0.000071847 0.000077430 0.000060091 0.000060072 0.000059649 0.000059476 0.000059606 0.000059714 0.000059751 
[7] 0.000059824 0.000059744 0.000059743 0.000059773 0.000059604 0.000059772 0.000059844 0.000059812 0.000059675 0.000063617 
[8] 0.000091997 0.000059830 0.000059589 0.000059484 0.000059645 0.000059648 0.000059778 0.000059918 0.000059842 0.000059847 
[9] 0.000059535 0.000059576 0.000059694 0.000059862 0.000059721 0.000059741 0.000059688 0.000059879 0.000059756 0.000059864 
[AVERAGE] 0.000060865 s

FEN: 5k2/5p2/6p1/7p/P7/2K3P1/7P/8 b - - 0 0
        [0]         [1]         [2]         [3]         [4]         [5]         [6]         [7]         [8]         [9]
[0] 0.000032437 0.000030251 0.000029346 0.000029139 0.000028978 0.000028878 0.000028884 0.000028839 0.000028839 0.000028832 
[1] 0.000028984 0.000028707 0.000028922 0.000028813 0.000028759 0.000028893 0.000028874 0.000029001 0.000028906 0.000028894 
[2] 0.000028865 0.000028809 0.000028689 0.000028892 0.000028844 0.000028967 0.000028953 0.000028927 0.000028915 0.000028913 
[3] 0.000028866 0.000028853 0.000028771 0.000028985 0.000028941 0.000028948 0.000028920 0.000028886 0.000028782 0.000028880 
[4] 0.000028923 0.000028896 0.000029002 0.000028933 0.000028875 0.000028814 0.000028812 0.000028760 0.000028873 0.000028796 
[5] 0.000029009 0.000028902 0.000029028 0.000029008 0.000028946 0.000028861 0.000028822 0.000028925 0.000028875 0.000028977 
[6] 0.000028995 0.000028949 0.000028862 0.000028886 0.000028902 0.000028925 0.000028929 0.000028918 0.000028856 0.000028819 
[7] 0.000041229 0.000064102 0.000028959 0.000028825 0.000028964 0.000028813 0.000028853 0.000028788 0.000028852 0.000028932 
[8] 0.000028886 0.000028904 0.000028734 0.000028808 0.000028934 0.000028821 0.000028978 0.000028942 0.000028892 0.000028970 
[9] 0.000028833 0.000028911 0.000028662 0.000028900 0.000028797 0.000028958 0.000028868 0.000028886 0.000028760 0.000028868 
[AVERAGE] 0.000029415 s

FEN: 8/8/5K2/3kn3/6B1/7P/8/8 b - - 0 0
        [0]         [1]         [2]         [3]         [4]         [5]         [6]         [7]         [8]         [9]
[0] 0.000095991 0.000093093 0.000092068 0.000090986 0.000090605 0.000090213 0.000090325 0.000090833 0.000089648 0.000117979 
[1] 0.000089884 0.000089927 0.000090216 0.000089874 0.000089934 0.000089822 0.000089916 0.000089151 0.000089467 0.000089585 
[2] 0.000089179 0.000089331 0.000089558 0.000089477 0.000089610 0.000089648 0.000092774 0.000089436 0.000089603 0.000089642 
[3] 0.000089415 0.000089511 0.000089596 0.000089259 0.000089659 0.000089320 0.000088761 0.000092589 0.000123660 0.000120494 
[4] 0.000090425 0.000090100 0.000090021 0.000089520 0.000089799 0.000089074 0.000089595 0.000089329 0.000089384 0.000089372 
[5] 0.000089312 0.000089938 0.000089346 0.000089214 0.000089519 0.000089202 0.000089374 0.000089429 0.000089683 0.000089401 
[6] 0.000089573 0.000089427 0.000096514 0.000100089 0.000089826 0.000089612 0.000089445 0.000089390 0.000089640 0.000090055 
[7] 0.000089865 0.000089472 0.000089049 0.000089533 0.000089609 0.000089312 0.000089578 0.000089424 0.000089310 0.000089142 
[8] 0.000089246 0.000089483 0.000089424 0.000095223 0.000092797 0.000089631 0.000089905 0.000089312 0.000089340 0.000088988 
[9] 0.000089232 0.000089386 0.000089643 0.000090003 0.000088966 0.000089247 0.000089146 0.000089131 0.000089721 0.000127165 
[AVERAGE] 0.000091339 s

FEN: 8/8/7k/8/8/8/5q2/3B2RK b - - 0 1
        [0]         [1]         [2]         [3]         [4]         [5]         [6]         [7]         [8]         [9]
[0] 0.000243231 0.000267427 0.000238717 0.000237431 0.000236922 0.000236970 0.000235786 0.000235472 0.000235744 0.000263951 
[1] 0.000235630 0.000235621 0.000235368 0.000270997 0.000235113 0.000235372 0.000235366 0.000235012 0.000235007 0.000242376 
[2] 0.000228517 0.000228605 0.000229176 0.000228919 0.000229395 0.000229164 0.000228771 0.000276568 0.000229087 0.000229571 
[3] 0.000229587 0.000257253 0.000286119 0.000228669 0.000229068 0.000229120 0.000228595 0.000256748 0.000228616 0.000254712 
[4] 0.000231261 0.000281184 0.000229837 0.000229945 0.000285255 0.000229235 0.000228900 0.000229261 0.000229096 0.000229353 
[5] 0.000228981 0.000229838 0.000229502 0.000239572 0.000437101 0.000251441 0.000223770 0.000223756 0.000223293 0.000251112 
[6] 0.000223399 0.000223385 0.000222764 0.000222909 0.000279581 0.000251447 0.000266516 0.000238373 0.000295428 0.000223793 
[7] 0.000223569 0.000223586 0.000293485 0.000264874 0.000223074 0.000372763 0.000224263 0.000223820 0.000222994 0.000252460 
[8] 0.000237037 0.000276174 0.000222935 0.000251983 0.000251854 0.000223180 0.000223282 0.000223155 0.000317150 0.000371819 
[9] 0.000289907 0.000304612 0.000302142 0.000295191 0.000289902 0.000415352 0.000299594 0.000229140 0.000247293 0.000235229 
[AVERAGE] 0.000250149 s

FEN: 8/p6p/1p2p1k1/4pp2/2P5/8/PP1K1PPP/8 b - - 0 0
        [0]         [1]         [2]         [3]         [4]         [5]         [6]         [7]         [8]         [9]
[0] 0.000096306 0.000091189 0.000090289 0.000089594 0.000089296 0.000089216 0.000088996 0.000088701 0.000088748 0.000088863 
[1] 0.000088631 0.000088746 0.000088932 0.000088550 0.000088779 0.000088903 0.000091860 0.000088915 0.000088328 0.000088767 
[2] 0.000088401 0.000088408 0.000088501 0.000088638 0.000088583 0.000088686 0.000088681 0.000088511 0.000088454 0.000088567 
[3] 0.000088687 0.000088707 0.000088728 0.000088566 0.000088768 0.000088516 0.000088749 0.000088489 0.000088527 0.000088567 
[4] 0.000088462 0.000088562 0.000088340 0.000088356 0.000088553 0.000088547 0.000088389 0.000088366 0.000088548 0.000088353 
[5] 0.000088517 0.000088391 0.000088513 0.000088594 0.000122439 0.000088420 0.000088749 0.000088621 0.000088712 0.000088649 
[6] 0.000088553 0.000088473 0.000088663 0.000088268 0.000088517 0.000088803 0.000088501 0.000088731 0.000088867 0.000088488 
[7] 0.000088727 0.000088598 0.000088493 0.000099278 0.000086175 0.000086346 0.000086429 0.000086364 0.000086452 0.000142757 
[8] 0.000086316 0.000086207 0.000086301 0.000086436 0.000086197 0.000086226 0.000086355 0.000086205 0.000086327 0.000086112 
[9] 0.000086246 0.000150485 0.000123247 0.000108402 0.000087974 0.000087445 0.000087396 0.000086281 0.000086750 0.000086555 
[AVERAGE] 0.000090464 s

FEN: 8/8/4kp2/5p1p/8/3KP1P1/7P/8 b - - 0 0
        [0]         [1]         [2]         [3]         [4]         [5]         [6]         [7]         [8]         [9]
[0] 0.000032360 0.000029975 0.000029095 0.000028929 0.000028712 0.000043526 0.000056761 0.000044452 0.000041712 0.000056810 
[1] 0.000043582 0.000070203 0.000028575 0.000028506 0.000028552 0.000028412 0.000028350 0.000028469 0.000028335 0.000028506 
[2] 0.000028345 0.000028431 0.000028607 0.000028415 0.000028388 0.000028349 0.000028529 0.000028499 0.000028470 0.000028353 
[3] 0.000028364 0.000028407 0.000028533 0.000028402 0.000028455 0.000028434 0.000028340 0.000028575 0.000028379 0.000028344 
[4] 0.000028554 0.000028376 0.000028447 0.000028673 0.000028383 0.000028385 0.000028458 0.000028290 0.000028482 0.000028414 
[5] 0.000028591 0.000028568 0.000028400 0.000028470 0.000028457 0.000028488 0.000028515 0.000028526 0.000028542 0.000028368 
[6] 0.000028447 0.000028265 0.000028412 0.000028478 0.000028489 0.000028524 0.000028548 0.000028512 0.000028402 0.000028520 
[7] 0.000028535 0.000028465 0.000028467 0.000028318 0.000043663 0.000029103 0.000029197 0.000033539 0.000069785 0.000028576 
[8] 0.000028295 0.000028364 0.000028522 0.000028434 0.000028414 0.000056696 0.000028383 0.000028266 0.000028469 0.000028428 
[9] 0.000028570 0.000028423 0.000028395 0.000028447 0.000028441 0.000028510 0.000028500 0.000028502 0.000028424 0.000028527 
[AVERAGE] 0.000031011 s

FEN: 8/7p/5kp1/4p3/p3rPRP/2K3P1/8/8 w - - 0 0
        [0]         [1]         [2]         [3]         [4]         [5]         [6]         [7]         [8]         [9]
[0] 0.000092189 0.000087823 0.000087240 0.000086338 0.000085902 0.000086177 0.000085791 0.000085501 0.000085677 0.000085485 
[1] 0.000085549 0.000085591 0.000085497 0.000085775 0.000085435 0.000085486 0.000085657 0.000085572 0.000085575 0.000085493 
[2] 0.000085543 0.000085543 0.000085530 0.000085462 0.000085486 0.000085712 0.000085373 0.000173098 0.000100987 0.000115646 
[3] 0.000085588 0.000085541 0.000085475 0.000085572 0.000085471 0.000085337 0.000085218 0.000093746 0.000085686 0.000085805 
[4] 0.000085633 0.000085480 0.000085536 0.000085497 0.000085618 0.000085339 0.000085487 0.000085574 0.000085383 0.000085439 
[5] 0.000085411 0.000085346 0.000085707 0.000085378 0.000085310 0.000085410 0.000109375 0.000105348 0.000086843 0.000086531 
[6] 0.000085757 0.000085605 0.000085572 0.000085538 0.000113564 0.000175288 0.000171504 0.000126880 0.000085539 0.000173769 
[7] 0.000142217 0.000086075 0.000085684 0.000085023 0.000102331 0.000129184 0.000116743 0.000118236 0.000118317 0.000099247 
[8] 0.000130103 0.000168480 0.000142544 0.000098452 0.000085319 0.000098340 0.000087635 0.000087545 0.000087432 0.000087732 
[9] 0.000087514 0.000087522 0.000087816 0.000087548 0.000087415 0.000087437 0.000092086 0.000119125 0.000094659 0.000091806 
[AVERAGE] 0.000095998 s

FEN: 8/6k1/8/R7/7K/1P6/5r2/8 b - - 0 1
        [0]         [1]         [2]         [3]         [4]         [5]         [6]         [7]         [8]         [9]
[0] 0.000188667 0.000186435 0.000184823 0.000184723 0.000183523 0.000183192 0.000183221 0.000182473 0.000193231 0.000183151 
[1] 0.000183040 0.000183368 0.000183723 0.000183836 0.000182569 0.000182669 0.000218528 0.000183105 0.000182914 0.000182697 
[2] 0.000183072 0.000182731 0.000182794 0.000182657 0.000182791 0.000182692 0.000182864 0.000182826 0.000182690 0.000182703 
[3] 0.000183235 0.000182845 0.000182818 0.000182950 0.000220601 0.000183766 0.000182368 0.000182430 0.000182541 0.000182950 
[4] 0.000182497 0.000182348 0.000182451 0.000182726 0.000182378 0.000182542 0.000182584 0.000212151 0.000182604 0.000182762 
[5] 0.000182359 0.000182474 0.000186225 0.000182664 0.000182937 0.000182475 0.000194012 0.000255418 0.000179650 0.000179065 
[6] 0.000178881 0.000178214 0.000177984 0.000178149 0.000177608 0.000178222 0.000177978 0.000177641 0.000177718 0.000177643 
[7] 0.000213745 0.000177842 0.000178109 0.000177891 0.000178071 0.000192956 0.000221464 0.000177360 0.000178025 0.000178054 
[8] 0.000177829 0.000177971 0.000178316 0.000177730 0.000192447 0.000182376 0.000182391 0.000185179 0.000216018 0.000195160 
[9] 0.000234251 0.000177621 0.000177876 0.000252983 0.000206027 0.000183351 0.000182860 0.000182307 0.000182757 0.000182854 
[AVERAGE] 0.000186584 s

FEN: 3b1N2/8/3k4/5pp1/8/5K1P/8/8 w - - 0 0
        [0]         [1]         [2]         [3]         [4]         [5]         [6]         [7]         [8]         [9]
[0] 0.000076286 0.000073031 0.000072589 0.000072179 0.000071897 0.000071698 0.000071701 0.000071441 0.000071412 0.000092612 
[1] 0.000100475 0.000107252 0.000083817 0.000069878 0.000069660 0.000069466 0.000069476 0.000069604 0.000069487 0.000069489 
[2] 0.000079938 0.000096833 0.000086219 0.000069944 0.000069781 0.000083190 0.000071700 0.000071334 0.000071105 0.000071246 
[3] 0.000071276 0.000071201 0.000071241 0.000071198 0.000071553 0.000071402 0.000071414 0.000071465 0.000071164 0.000071268 
[4] 0.000071321 0.000071508 0.000071444 0.000071248 0.000071281 0.000071382 0.000071232 0.000071365 0.000071109 0.000071398 
[5] 0.000071343 0.000071213 0.000071911 0.000071466 0.000071147 0.000071422 0.000071147 0.000077083 0.000071337 0.000071311 
[6] 0.000071004 0.000071147 0.000071237 0.000071241 0.000085707 0.000100159 0.000071403 0.000071624 0.000071504 0.000071377 
[7] 0.000071477 0.000071270 0.000071589 0.000071609 0.000071519 0.000071339 0.000071511 0.000071516 0.000071424 0.000071228 
[8] 0.000071153 0.000071344 0.000071173 0.000071460 0.000081368 0.000071937 0.000071459 0.000071494 0.000071451 0.000071436 
[9] 0.000071469 0.000071485 0.000070985 0.000071144 0.000071185 0.000071339 0.000071290 0.000071326 0.000071118 0.000071276 
[AVERAGE] 0.000073484 s

FEN: R7/P7/5p2/4pk1p/5p2/3K1PP1/r6P/8 b - - 0 0
        [0]         [1]         [2]         [3]         [4]         [5]         [6]         [7]         [8]         [9]
[0] 0.000181666 0.000219218 0.000175872 0.000185864 0.000169613 0.000169848 0.000169771 0.000168588 0.000169153 0.000168031 
[1] 0.000168896 0.000224834 0.000168853 0.000168599 0.000168139 0.000168693 0.000168194 0.000168108 0.000168132 0.000167716 
[2] 0.000232863 0.000168507 0.000255050 0.000202091 0.000167645 0.000168195 0.000168409 0.000168062 0.000168210 0.000168129 
[3] 0.000244213 0.000167764 0.000167956 0.000168017 0.000167451 0.000168014 0.000167633 0.000168042 0.000217114 0.000168293 
[4] 0.000168246 0.000168800 0.000169482 0.000168178 0.000168174 0.000168230 0.000168129 0.000197419 0.000170059 0.000169560 
[5] 0.000169781 0.000168943 0.000258864 0.000169111 0.000169829 0.000168569 0.000168573 0.000245085 0.000168891 0.000169049 
[6] 0.000168277 0.000168587 0.000168071 0.000168908 0.000168458 0.000168663 0.000168341 0.000168325 0.000224306 0.000198226 
[7] 0.000197310 0.000324744 0.000168806 0.000245894 0.000220552 0.000196171 0.000238946 0.000169827 0.000201046 0.000299068 
[8] 0.000199138 0.000224804 0.000168148 0.000180995 0.000172857 0.000172007 0.000172603 0.000172854 0.000172082 0.000171997 
[9] 0.000172401 0.000210478 0.000172580 0.000205558 0.000220312 0.000175205 0.000175013 0.000174377 0.000173878 0.000173409 
[AVERAGE] 0.000184556 s

FEN: 8/7p/6p1/5k2/7N/8/4KP2/8 b - - 0 0
        [0]         [1]         [2]         [3]         [4]         [5]         [6]         [7]         [8]         [9]
[0] 0.000046005 0.000043565 0.000042727 0.000042127 0.000041954 0.000041964 0.000041418 0.000041553 0.000041471 0.000041192 
[1] 0.000041508 0.000041278 0.000041495 0.000041502 0.000041228 0.000041180 0.000041315 0.000041420 0.000041136 0.000041381 
[2] 0.000041337 0.000041349 0.000041074 0.000041254 0.000041326 0.000041208 0.000041265 0.000041292 0.000041506 0.000041407 
[3] 0.000041511 0.000041297 0.000041410 0.000041300 0.000041248 0.000041422 0.000041095 0.000041163 0.000041296 0.000041246 
[4] 0.000041130 0.000076240 0.000041060 0.000041448 0.000041439 0.000041259 0.000041466 0.000041109 0.000041427 0.000041103 
[5] 0.000041292 0.000041351 0.000041275 0.000041161 0.000041312 0.000041353 0.000041356 0.000041334 0.000041540 0.000041323 
[6] 0.000041303 0.000041212 0.000041294 0.000041600 0.000041330 0.000041555 0.000041329 0.000041153 0.000041250 0.000041467 
[7] 0.000041777 0.000041297 0.000041280 0.000041335 0.000041222 0.000041311 0.000041298 0.000041356 0.000041381 0.000041599 
[8] 0.000041318 0.000041356 0.000041329 0.000041204 0.000041261 0.000041325 0.000041361 0.000041405 0.000041233 0.000041434 
[9] 0.000041333 0.000041392 0.000041384 0.000041249 0.000041321 0.000041412 0.000068395 0.000054711 0.000053053 0.000040128 
[AVERAGE] 0.000042294 s

FEN: 6k1/8/p7/1p6/3K4/8/PPr4P/4R3 w - - 0 1
        [0]         [1]         [2]         [3]         [4]         [5]         [6]         [7]         [8]         [9]
[0] 0.000299150 0.000266762 0.000371646 0.000275330 0.000264118 0.000263792 0.000263568 0.000263928 0.000263103 0.000449250 
[1] 0.000270633 0.000269860 0.000270254 0.000270379 0.000308614 0.000269246 0.000269923 0.000270181 0.000270558 0.000270136 
[2] 0.000271074 0.000270357 0.000269873 0.000269453 0.000269551 0.000270445 0.000305639 0.000342150 0.000263002 0.000263044 
[3] 0.000262931 0.000263217 0.000262694 0.000263520 0.000295826 0.000263614 0.000264468 0.000293089 0.000371205 0.000336208 
[4] 0.000376340 0.000321421 0.000263311 0.000395315 0.000326079 0.000370240 0.000269584 0.000278572 0.000312848 0.000262984 
[5] 0.000276718 0.000269489 0.000269265 0.000270044 0.000268771 0.000269812 0.000269317 0.000269450 0.000276175 0.000262578 
[6] 0.000298791 0.000276658 0.000269960 0.000269783 0.000303089 0.000278555 0.000262860 0.000263236 0.000263560 0.000281965 
[7] 0.000270413 0.000270633 0.000317862 0.000263197 0.000263547 0.000262498 0.000262606 0.000292145 0.000263183 0.000262914 
[8] 0.000262966 0.000262637 0.000263528 0.000278746 0.000343290 0.000269457 0.000269517 0.000276438 0.000262696 0.000263064 
[9] 0.000262946 0.000263038 0.000273776 0.000263405 0.000263147 0.000262817 0.000262696 0.000296865 0.000262658 0.000262703 
[AVERAGE] 0.000281939 s

FEN: 8/8/6R1/5p1p/5k2/7r/8/2K5 w - - 0 0
        [0]         [1]         [2]         [3]         [4]         [5]         [6]         [7]         [8]         [9]
[0] 0.000135755 0.000132775 0.000132478 0.000131831 0.000131686 0.000131538 0.000130906 0.000205388 0.000143686 0.000130589 
[1] 0.000130361 0.000131031 0.000131354 0.000130460 0.000130630 0.000130291 0.000130260 0.000130385 0.000176605 0.000130763 
[2] 0.000130734 0.000219379 0.000158624 0.000130416 0.000224823 0.000134726 0.000134111 0.000133904 0.000134399 0.000134662 
[3] 0.000162572 0.000133723 0.000144621 0.000192203 0.000135566 0.000189185 0.000130756 0.000254731 0.000135655 0.000171408 
[4] 0.000134112 0.000134400 0.000221183 0.000134347 0.000133687 0.000133899 0.000133855 0.000134111 0.000134118 0.000133983 
[5] 0.000133740 0.000133843 0.000133808 0.000133892 0.000133694 0.000133514 0.000133476 0.000133437 0.000133538 0.000133936 
[6] 0.000133585 0.000134179 0.000133839 0.000170120 0.000133894 0.000134360 0.000134279 0.000133803 0.000133968 0.000134554 
[7] 0.000134116 0.000133518 0.000134054 0.000134222 0.000133772 0.000134161 0.000134013 0.000134020 0.000133923 0.000133775 
[8] 0.000133823 0.000133971 0.000134337 0.000133974 0.000134046 0.000133887 0.000134115 0.000133785 0.000167668 0.000134192 
[9] 0.000134091 0.000133957 0.000133930 0.000134583 0.000134463 0.000134394 0.000133993 0.000134207 0.000134161 0.000134092 
[AVERAGE] 0.000141414 s

FEN: 8/6Rp/8/5k2/5p2/5K2/7r/8 b - - 0 0
        [0]         [1]         [2]         [3]         [4]         [5]         [6]         [7]         [8]         [9]
[0] 0.000227304 0.000198363 0.000197034 0.000196650 0.000195800 0.000195840 0.000194506 0.000195306 0.000250620 0.000195136 
[1] 0.000194494 0.000194902 0.000210860 0.000360396 0.000245577 0.000202065 0.000194720 0.000194069 0.000193826 0.000193827 
[2] 0.000193649 0.000194052 0.000194030 0.000194226 0.000198209 0.000194732 0.000193761 0.000193635 0.000194193 0.000194532 
[3] 0.000193773 0.000193446 0.000194257 0.000193990 0.000193332 0.000193712 0.000194015 0.000194183 0.000193660 0.000193359 
[4] 0.000194057 0.000203392 0.000194513 0.000193875 0.000193755 0.000193639 0.000204290 0.000205044 0.000232405 0.000189086 
[5] 0.000217731 0.000227156 0.000189194 0.000189250 0.000245823 0.000188584 0.000224187 0.000221507 0.000188978 0.000189184 
[6] 0.000189113 0.000188890 0.000189595 0.000188427 0.000188864 0.000188282 0.000345126 0.000232716 0.000189000 0.000217257 
[7] 0.000188568 0.000189266 0.000188463 0.000235177 0.000288799 0.000330088 0.000306441 0.000205986 0.000191539 0.000190963 
[8] 0.000221225 0.000190932 0.000189719 0.000203547 0.000194184 0.000194596 0.000194628 0.000194256 0.000242706 0.000189789 
[9] 0.000247134 0.000189429 0.000189244 0.000205528 0.000193808 0.000193823 0.000194510 0.000194116 0.000203958 0.000189056 
[AVERAGE] 0.000206484 s

FEN: 6k1/3R4/5Kp1/6r1/4P3/8/8/8 b - - 0 0
        [0]         [1]         [2]         [3]         [4]         [5]         [6]         [7]         [8]         [9]
[0] 0.000138986 0.000135572 0.000135059 0.000148687 0.000274497 0.000133022 0.000179253 0.000133117 0.000132817 0.000132999 
[1] 0.000205678 0.000136034 0.000135921 0.000136024 0.000135646 0.000135927 0.000135641 0.000135669 0.000144990 0.000162303 
[2] 0.000132900 0.000132712 0.000176196 0.000258962 0.000133241 0.000132633 0.000132283 0.000132594 0.000183470 0.000132490 
[3] 0.000132300 0.000132530 0.000132947 0.000132084 0.000132548 0.000132691 0.000188852 0.000160969 0.000132493 0.000132130 
[4] 0.000132429 0.000132843 0.000132586 0.000132536 0.000132566 0.000132391 0.000132408 0.000132217 0.000132250 0.000131900 
[5] 0.000132274 0.000131909 0.000178259 0.000132318 0.000132337 0.000132547 0.000132438 0.000191447 0.000135977 0.000194114 
[6] 0.000162637 0.000133021 0.000132645 0.000132484 0.000132634 0.000132451 0.000132451 0.000149708 0.000145560 0.000133137 
[7] 0.000132665 0.000132684 0.000132241 0.000132608 0.000132493 0.000132414 0.000184020 0.000132652 0.000132451 0.000132493 
[8] 0.000132734 0.000132355 0.000189748 0.000220328 0.000229710 0.000161952 0.000240581 0.000132950 0.000132781 0.000132777 
[9] 0.000205970 0.000166264 0.000183264 0.000133809 0.000249156 0.000197242 0.000132476 0.000145535 0.000136463 0.000135547 
[AVERAGE] 0.000149377 s

FEN: 6K1/8/5P1k/2R5/1r6/8/2p5/8 w - - 0 0        [0]         [1]         [2]         [3]         [4]         [5]         [6]         [7]         [8]         [9]
[0] 0.000177309 0.000173819 0.000174545 0.000172053 0.000171496 0.000171466 0.000172651 0.000171706 0.000171778 0.000172256 
[1] 0.000171961 0.000171319 0.000170671 0.000171313 0.000171445 0.000205978 0.000171887 0.000171605 0.000171823 0.000171549 
[2] 0.000210782 0.000181987 0.000168470 0.000167659 0.000167063 0.000224722 0.000181350 0.000172383 0.000171886 0.000171250 
[3] 0.000171505 0.000171712 0.000182778 0.000167399 0.000219696 0.000166916 0.000166971 0.000188699 0.000171688 0.000171764 
[4] 0.000171171 0.000171614 0.000171502 0.000170851 0.000171588 0.000171373 0.000171151 0.000171496 0.000171220 0.000199809 
[5] 0.000180360 0.000166662 0.000166594 0.000216245 0.000199852 0.000318454 0.000167627 0.000167316 0.000166824 0.000166721 
[6] 0.000168207 0.000167226 0.000167348 0.000167266 0.000167502 0.000189590 0.000171000 0.000171084 0.000171272 0.000202711 
[7] 0.000179059 0.000195457 0.000167244 0.000167246 0.000167234 0.000166598 0.000167139 0.000183297 0.000170972 0.000171408 
[8] 0.000171003 0.000170647 0.000183274 0.000167243 0.000262377 0.000188696 0.000168140 0.000167589 0.000197314 0.000217682 
[9] 0.000168138 0.000167364 0.000167071 0.000182013 0.000171366 0.000171361 0.000171486 0.000171223 0.000171066 0.000180295 
[AVERAGE] 0.000178279 s

----------------------------------- AVERAGES ------------------------------------------


---------- REGULAR POSITIONS ----------

 [0] 0.000226527
 [1] 0.000017211
 [2] 0.000197686
 [3] 0.000221921
 [4] 0.000220284
 [5] 0.000076426
 [6] 0.000448344
 [7] 0.000424696
 [8] 0.000142179
 [9] 0.000741758
[10] 0.000571419
[11] 0.000184100
[12] 0.000130871
[13] 0.000150113
[14] 0.000137778
[15] 0.000020657
[16] 0.000078613
[17] 0.000144512
[18] 0.000028346
[19] 0.000346302
[20] 0.000230105
[21] 0.000205335
[22] 0.000209510
[23] 0.000069532
[24] 0.000163682
[25] 0.000106381
[26] 0.000037124
[27] 0.000237935
[28] 0.000027776
[29] 0.000174782
[30] 0.000079619
[31] 0.000156756
[32] 0.000060865
[33] 0.000029415
[34] 0.000091339
[35] 0.000250149
[36] 0.000090464
[37] 0.000031011
[38] 0.000095998
[39] 0.000186584
[40] 0.000073484
[41] 0.000184556
[42] 0.000042294
[43] 0.000281939
[44] 0.000141414
[45] 0.000206484
[46] 0.000149377
[47] 0.000178279

----------------------------------- AVERAGES ------------------------------------------



