FEN: rnbqkbnr/pppppppp/8/8/8/8/PPPPPPPP/RNBQKBNR w KQkq - 0 1
        [0]         [1]         [2]         [3]         [4]         [5]         [6]         [7]         [8]         [9]
[0] 0.000212489 0.000278043 0.000225378 0.000191748 0.000188253 0.000188346 0.000187850 0.000195055 0.000187871 0.000187098 
[1] 0.000188024 0.000186454 0.000194917 0.000235840 0.000188741 0.000185841 0.000187545 0.000194169 0.000186956 0.000187388 
[2] 0.000185419 0.000186465 0.000193340 0.000186562 0.000185627 0.000185391 0.000185568 0.000185684 0.000199537 0.000204469 
[3] 0.000204558 0.000185218 0.000185373 0.000191689 0.000184540 0.000185113 0.000184608 0.000185035 0.000190196 0.000193534 
[4] 0.000185569 0.000184453 0.000185196 0.000193039 0.000185138 0.000183670 0.000184542 0.000184962 0.000220223 0.000191289 
[5] 0.000184675 0.000184203 0.000188781 0.000189083 0.000195553 0.000197387 0.000187026 0.000243370 0.000187661 0.000193967 
[6] 0.000187251 0.000187154 0.000186156 0.000186308 0.000192727 0.000231745 0.000187334 0.000186206 0.000185607 0.000193131 
[7] 0.000194708 0.000185314 0.000186581 0.000187148 0.000192960 0.000198073 0.000181287 0.000184570 0.000181081 0.000181653 
[8] 0.000188905 0.000181045 0.000246273 0.000180819 0.000287305 0.000195174 0.000181301 0.000181716 0.000181589 0.000180795 
[9] 0.000200940 0.000186775 0.000187015 0.000185287 0.000185645 0.000191894 0.000204477 0.000180199 0.000179718 0.000229689 
[AVERAGE] 0.000193493 s

FEN: 6k1/5p2/6p1/8/7p/8/6PP/6K1 b - - 0 0
        [0]         [1]         [2]         [3]         [4]         [5]         [6]         [7]         [8]         [9]
[0] 0.000020560 0.000015905 0.000015082 0.000014191 0.000013792 0.000013548 0.000020725 0.000013265 0.000013154 0.000027687 
[1] 0.000026369 0.000012911 0.000027855 0.000013288 0.000027758 0.000013311 0.000013192 0.000013202 0.000013177 0.000013165 
[2] 0.000013142 0.000013216 0.000013118 0.000013263 0.000013106 0.000013125 0.000013089 0.000013065 0.000013085 0.000013047 
[3] 0.000013103 0.000013092 0.000013073 0.000013105 0.000013073 0.000013058 0.000013184 0.000013139 0.000013165 0.000013138 
[4] 0.000013120 0.000013097 0.000013181 0.000013173 0.000013071 0.000013183 0.000013049 0.000013127 0.000013089 0.000012960 
[5] 0.000013201 0.000013094 0.000013072 0.000013120 0.000013093 0.000013049 0.000013040 0.000013127 0.000013068 0.000013096 
[6] 0.000013063 0.000013120 0.000013060 0.000013114 0.000013127 0.000013177 0.000013175 0.000013157 0.000013110 0.000013031 
[7] 0.000013127 0.000013193 0.000013029 0.000013245 0.000013215 0.000013120 0.000019439 0.000013146 0.000012970 0.000013006 
[8] 0.000013009 0.000013033 0.000013092 0.000013250 0.000012986 0.000013154 0.000012995 0.000013091 0.000013062 0.000013046 
[9] 0.000013057 0.000013008 0.000013136 0.000013075 0.000013083 0.000012994 0.000013063 0.000012986 0.000013014 0.000013136 
[AVERAGE] 0.000013964 s

FEN: 3k4/2n2B2/1KP5/2B2p2/5b1p/7P/8/8 b - - 0 0
        [0]         [1]         [2]         [3]         [4]         [5]         [6]         [7]         [8]         [9]
[0] 0.000255597 0.000249818 0.000256537 0.000272803 0.000247424 0.000247883 0.000253250 0.000287529 0.000244241 0.000245979 
[1] 0.000250847 0.000255820 0.000248015 0.000248259 0.000255523 0.000245776 0.000243112 0.000246196 0.000249352 0.000245018 
[2] 0.000295085 0.000242446 0.000258110 0.000243319 0.000244370 0.000243879 0.000251197 0.000246871 0.000247611 0.000248334 
[3] 0.000250799 0.000245523 0.000241784 0.000281526 0.000257598 0.000250458 0.000237686 0.000236308 0.000245778 0.000296957 
[4] 0.000238659 0.000239759 0.000251959 0.000238771 0.000236866 0.000301909 0.000328397 0.000239212 0.000238956 0.000239111 
[5] 0.000242652 0.000237383 0.000239107 0.000236397 0.000254862 0.000238331 0.000238782 0.000238894 0.000244199 0.000237317 
[6] 0.000298301 0.000236647 0.000246741 0.000242113 0.000238872 0.000237061 0.000252277 0.000325603 0.000236267 0.000239140 
[7] 0.000242959 0.000238402 0.000237429 0.000278369 0.000255071 0.000238788 0.000239988 0.000237998 0.000244050 0.000241384 
[8] 0.000403795 0.000307728 0.000239769 0.000290078 0.000245389 0.000365631 0.000263887 0.000315570 0.000249437 0.000247621 
[9] 0.000234385 0.000262738 0.000251897 0.000248454 0.000236301 0.000235670 0.000245157 0.000246905 0.000287784 0.000237643 
[AVERAGE] 0.000254994 s

FEN: r7/4R2P/3p4/3k1K2/2p5/8/8/8 b - - 0 0
        [0]         [1]         [2]         [3]         [4]         [5]         [6]         [7]         [8]         [9]
[0] 0.000356086 0.000326245 0.000324909 0.000342195 0.000327681 0.000320510 0.000327700 0.000322445 0.000324027 0.000343192 
[1] 0.000313272 0.000314833 0.000329151 0.000315534 0.000356693 0.000320076 0.000314326 0.000315863 0.000318712 0.000345037 
[2] 0.000314519 0.000320301 0.000425337 0.000312808 0.000318622 0.000312204 0.000311716 0.000318755 0.000319757 0.000346978 
[3] 0.000319259 0.000312558 0.000311567 0.000318754 0.000313218 0.000311853 0.000311906 0.000328218 0.000397101 0.000350131 
[4] 0.000312911 0.000314814 0.000312142 0.000319225 0.000314682 0.000314126 0.000329143 0.000313049 0.000360299 0.000514184 
[5] 0.000370773 0.000423178 0.000346038 0.000422798 0.000346924 0.000337153 0.000354855 0.000323565 0.000349218 0.000318548 
[6] 0.000318746 0.000310364 0.000313686 0.000319200 0.000311962 0.000310019 0.000318937 0.000310975 0.000347970 0.000396886 
[7] 0.000312046 0.000315651 0.000322456 0.000314293 0.000314573 0.000330680 0.000312501 0.000312690 0.000356050 0.000340067 
[8] 0.000316492 0.000318990 0.000314070 0.000315363 0.000319219 0.000322296 0.000444832 0.000322732 0.000319384 0.000314006 
[9] 0.000321371 0.000315141 0.000313507 0.000319695 0.000323538 0.000315019 0.000318753 0.000311180 0.000313339 0.000367486 
[AVERAGE] 0.000331478 s

FEN: 8/8/5p2/1P1K1k2/8/2r5/8/7R w - - 0 0
        [0]         [1]         [2]         [3]         [4]         [5]         [6]         [7]         [8]         [9]
[0] 0.000343352 0.000325949 0.000420795 0.000323272 0.000324859 0.000333974 0.000321343 0.000323134 0.000327445 0.000337537 
[1] 0.000323895 0.000331098 0.000423492 0.000372298 0.000394301 0.000391575 0.000371639 0.000478648 0.000324263 0.000330710 
[2] 0.000320533 0.000322075 0.000348694 0.000331680 0.000335600 0.000348712 0.000323987 0.000325539 0.000327369 0.000323382 
[3] 0.000323509 0.000337881 0.000323602 0.000407936 0.000330211 0.000324006 0.000330109 0.000363764 0.000324618 0.000326197 
[4] 0.000339778 0.000324956 0.000325448 0.000334985 0.000323287 0.000323067 0.000339661 0.000327161 0.000423958 0.000394825 
[5] 0.000325107 0.000329817 0.000325391 0.000322641 0.000322456 0.000338041 0.000329429 0.000375238 0.000346261 0.000332590 
[6] 0.000325596 0.000316877 0.000317220 0.000318749 0.000446236 0.000316427 0.000322621 0.000370393 0.000325821 0.000329794 
[7] 0.000332281 0.000323111 0.000330524 0.000390220 0.000399202 0.000336225 0.000403162 0.000338037 0.000337336 0.000465420 
[8] 0.000343478 0.000324509 0.000324195 0.000328875 0.000322581 0.000321675 0.000364857 0.000333889 0.000324354 0.000330175 
[9] 0.000330254 0.000325099 0.000332731 0.000335696 0.000327281 0.000423498 0.000337687 0.000324464 0.000333136 0.000324794 
[AVERAGE] 0.000343856 s

FEN: 5n2/R7/4pk2/8/5PK1/8/8/8 b - - 0 0
        [0]         [1]         [2]         [3]         [4]         [5]         [6]         [7]         [8]         [9]
[0] 0.000119248 0.000112886 0.000110963 0.000110104 0.000115652 0.000117325 0.000108712 0.000108951 0.000109715 0.000109571 
[1] 0.000109915 0.000108805 0.000109071 0.000116443 0.000108855 0.000109698 0.000109182 0.000133507 0.000121790 0.000108305 
[2] 0.000108860 0.000108478 0.000115160 0.000108965 0.000108670 0.000107967 0.000108981 0.000108640 0.000109070 0.000107870 
[3] 0.000108863 0.000115463 0.000145980 0.000210914 0.000109543 0.000109089 0.000107903 0.000108748 0.000108609 0.000114965 
[4] 0.000108399 0.000107376 0.000109286 0.000108837 0.000108977 0.000108015 0.000142305 0.000108410 0.000114828 0.000117012 
[5] 0.000108901 0.000108610 0.000109515 0.000109282 0.000108977 0.000108590 0.000108242 0.000115641 0.000109395 0.000108411 
[6] 0.000108466 0.000108469 0.000108761 0.000108828 0.000109017 0.000109395 0.000116446 0.000121128 0.000107038 0.000106449 
[7] 0.000104671 0.000105700 0.000105652 0.000106145 0.000107082 0.000113618 0.000163202 0.000105749 0.000118642 0.000176207 
[8] 0.000105961 0.000106898 0.000105845 0.000112734 0.000107041 0.000105756 0.000106106 0.000106331 0.000106002 0.000159710 
[9] 0.000106126 0.000105546 0.000111354 0.000106553 0.000105700 0.000105583 0.000105877 0.000105975 0.000105538 0.000106987 
[AVERAGE] 0.000113187 s

FEN: 3Q4/8/1k6/7p/p1p4P/2q3PB/7K/8 b - - 0 0
        [0]         [1]         [2]         [3]         [4]         [5]         [6]         [7]         [8]         [9]
[0] 0.000368192 0.000352965 0.000414410 0.000549847 0.000405558 0.000453930 0.000365851 0.000509312 0.000351697 0.000382938 
[1] 0.000341478 0.000344151 0.000344755 0.000347732 0.000339666 0.000345134 0.000345913 0.000336460 0.000376301 0.000340027 
[2] 0.000335052 0.000383810 0.000371592 0.000346084 0.000349425 0.000347384 0.000344836 0.000357964 0.000371433 0.000349283 
[3] 0.000341064 0.000339570 0.000355060 0.000343212 0.000351702 0.000350161 0.000374692 0.000517861 0.000348289 0.000335682 
[4] 0.000345099 0.000337926 0.000343438 0.000345915 0.000347888 0.000342754 0.000348749 0.000386526 0.000340687 0.000356669 
[5] 0.000342200 0.000398992 0.000348504 0.000340754 0.000335850 0.000342015 0.000371973 0.000346690 0.000385767 0.000443407 
[6] 0.000452981 0.000465102 0.000395883 0.000415301 0.000484868 0.000494856 0.000341938 0.000353580 0.000343410 0.000344100 
[7] 0.000382432 0.000369063 0.000486413 0.000526374 0.000367037 0.000332046 0.000331540 0.000338797 0.000359984 0.000397255 
[8] 0.000361138 0.000379344 0.000359369 0.000335759 0.000332027 0.000333161 0.000346969 0.000329199 0.000329952 0.000454441 
[9] 0.000338406 0.000406266 0.000343479 0.000373676 0.000422841 0.000339835 0.000345403 0.000353647 0.000341410 0.000348777 
[AVERAGE] 0.000371403 s

FEN: 4q3/2R4P/5R2/1p6/p3k3/P7/KP6/8 b - - 0 0
        [0]         [1]         [2]         [3]         [4]         [5]         [6]         [7]         [8]         [9]
[0] 0.000715078 0.000647790 0.000651697 0.000638696 0.000743545 0.000735294 0.000639666 0.000652740 0.000646564 0.000810078 
[1] 0.000640583 0.000635254 0.000829109 0.000645808 0.000704254 0.000640769 0.000641966 0.000649812 0.000632473 0.000704802 
[2] 0.000727843 0.000647265 0.000644536 0.000652157 0.000685697 0.000645625 0.000640833 0.000640621 0.000752565 0.000691290 
[3] 0.000640656 0.000637965 0.000637219 0.000632826 0.000709769 0.000674626 0.000742163 0.000621228 0.000673397 0.000676331 
[4] 0.000698634 0.000881848 0.000818511 0.000839650 0.000636989 0.000641566 0.000648319 0.000642614 0.000676235 0.000682303 
[5] 0.000720243 0.000712270 0.000629754 0.000684370 0.000653246 0.000643891 0.000634892 0.000637187 0.000702414 0.000751545 
[6] 0.000642678 0.000644987 0.000634324 0.000708781 0.000642991 0.000636185 0.000647254 0.000700277 0.000698511 0.000640404 
[7] 0.000651582 0.000632512 0.000729791 0.000803384 0.000854973 0.000714833 0.000644382 0.000657440 0.000693252 0.000695048 
[8] 0.000643506 0.000691743 0.000750137 0.000688653 0.000640475 0.000637055 0.000648118 0.000636482 0.000703291 0.000649149 
[9] 0.000785746 0.000639379 0.000642448 0.000700000 0.000644031 0.000646406 0.000642603 0.000640263 0.000736949 0.000638622 
[AVERAGE] 0.000679957 s

FEN: R7/8/5rk1/5p2/1p5P/5KP1/P7/8 b - - 0 0
        [0]         [1]         [2]         [3]         [4]         [5]         [6]         [7]         [8]         [9]
[0] 0.000196915 0.000190464 0.000186676 0.000186169 0.000189473 0.000194597 0.000183764 0.000183330 0.000181703 0.000184929 
[1] 0.000209081 0.000197888 0.000182471 0.000257234 0.000225255 0.000187293 0.000259700 0.000230027 0.000185591 0.000220208 
[2] 0.000227642 0.000309413 0.000218998 0.000192995 0.000183392 0.000185267 0.000233440 0.000186090 0.000192049 0.000184897 
[3] 0.000185531 0.000214794 0.000183263 0.000183148 0.000210718 0.000182957 0.000183361 0.000182275 0.000182092 0.000189253 
[4] 0.000210926 0.000196143 0.000185091 0.000228921 0.000200518 0.000182288 0.000183954 0.000184628 0.000273568 0.000191260 
[5] 0.000184778 0.000187650 0.000185066 0.000182240 0.000190180 0.000183108 0.000183010 0.000183520 0.000182833 0.000190593 
[6] 0.000253923 0.000183809 0.000181460 0.000184128 0.000191214 0.000183318 0.000184582 0.000183933 0.000184909 0.000184646 
[7] 0.000190882 0.000184662 0.000182836 0.000185547 0.000183727 0.000188911 0.000307359 0.000251957 0.000185414 0.000192415 
[8] 0.000182981 0.000187493 0.000211080 0.000210623 0.000182083 0.000226257 0.000195318 0.000183695 0.000184038 0.000183198 
[9] 0.000189193 0.000183132 0.000186681 0.000184823 0.000259536 0.000189323 0.000183646 0.000185162 0.000184692 0.000185192 
[AVERAGE] 0.000197824 s

FEN: 3k4/5ppp/2q5/3p2r1/8/1Q3P2/P4P1P/3R3K w - - 0 1
        [0]         [1]         [2]         [3]         [4]         [5]         [6]         [7]         [8]         [9]
[0] 0.000941464 0.000898751 0.000963899 0.000885094 0.000914222 0.000883595 0.000944696 0.000896052 0.000889073 0.000895667 
[1] 0.000873719 0.000892001 0.000928997 0.000908903 0.000902301 0.000898099 0.000871956 0.000943929 0.000988559 0.000881133 
[2] 0.000915093 0.000850407 0.000862649 0.000875927 0.001140745 0.000923757 0.000846941 0.001037064 0.001036312 0.001106683 
[3] 0.000871287 0.000955006 0.000890468 0.000888494 0.000936699 0.000879795 0.000887824 0.000890622 0.000891607 0.000895952 
[4] 0.000910889 0.000904359 0.000902943 0.000898084 0.000879711 0.000880576 0.000873175 0.000904449 0.000873865 0.000888624 
[5] 0.000900083 0.000961181 0.000936768 0.001020510 0.000861931 0.000907465 0.000870013 0.000911795 0.000920877 0.000881220 
[6] 0.000933063 0.000866481 0.000924143 0.000914225 0.000987023 0.000879313 0.000914440 0.000865391 0.000921641 0.000872047 
[7] 0.001003687 0.000928827 0.000865690 0.000874901 0.000991802 0.000948494 0.000911760 0.000892789 0.000923848 0.000867572 
[8] 0.000854096 0.000873245 0.001002251 0.000901048 0.000943063 0.001004683 0.000936274 0.000931210 0.000951695 0.000936074 
[9] 0.000862697 0.000839510 0.000829642 0.001050744 0.000846889 0.000867048 0.000873797 0.001091965 0.001048792 0.001055982 
[AVERAGE] 0.000918618 s

FEN: 4R3/1k6/1p2P1p1/p7/4r3/1P1r4/1K6/2R5 w - - 0 0
        [0]         [1]         [2]         [3]         [4]         [5]         [6]         [7]         [8]         [9]
[0] 0.000624623 0.000545044 0.000546541 0.000544006 0.000535843 0.000550509 0.000590958 0.000588537 0.000623146 0.000537216 
[1] 0.000537667 0.000537451 0.000627283 0.000557978 0.000571375 0.000530007 0.000542069 0.000660370 0.000711293 0.000546573 
[2] 0.000531703 0.000549471 0.000532945 0.000591897 0.000655868 0.000548992 0.000564257 0.000545214 0.000561182 0.000626930 
[3] 0.000550248 0.000561843 0.000564515 0.000570315 0.000609767 0.000636475 0.000607386 0.000595718 0.000648624 0.000546160 
[4] 0.000618032 0.000536704 0.000530663 0.000551679 0.000533536 0.000617413 0.000586008 0.000554299 0.000562452 0.000557360 
[5] 0.000567560 0.000547762 0.000570494 0.000529717 0.000669308 0.000545109 0.000532382 0.000542002 0.000609860 0.000570332 
[6] 0.000533046 0.000563818 0.000529623 0.000548805 0.000635887 0.000554503 0.000550245 0.000544558 0.000573631 0.000539227 
[7] 0.000720795 0.000571204 0.000571937 0.000660462 0.000535136 0.000577482 0.000538108 0.000535410 0.000547216 0.000535448 
[8] 0.000548593 0.000530635 0.000654320 0.000531444 0.000544081 0.000540803 0.000593350 0.000572795 0.000601817 0.000546883 
[9] 0.000549993 0.000563434 0.000671700 0.000600166 0.000546458 0.000533357 0.000567831 0.000549584 0.000552676 0.000554572 
[AVERAGE] 0.000571617 s

FEN: 5k2/R7/3K4/4p3/5P2/8/8/5r2 w - - 0 0
        [0]         [1]         [2]         [3]         [4]         [5]         [6]         [7]         [8]         [9]
[0] 0.000156011 0.000124861 0.000123662 0.000121462 0.000121424 0.000121477 0.000179103 0.000129060 0.000122445 0.000121167 
[1] 0.000121213 0.000121034 0.000120809 0.000121589 0.000120405 0.000127068 0.000120334 0.000121290 0.000121200 0.000120946 
[2] 0.000121869 0.000121546 0.000120418 0.000126880 0.000166325 0.000120738 0.000119981 0.000120583 0.000120481 0.000120311 
[3] 0.000119679 0.000128372 0.000119937 0.000177410 0.000120433 0.000178764 0.000120640 0.000120201 0.000127278 0.000120347 
[4] 0.000120279 0.000121134 0.000120383 0.000121287 0.000120336 0.000119792 0.000172379 0.000164631 0.000145410 0.000161637 
[5] 0.000124243 0.000124214 0.000124065 0.000130554 0.000135254 0.000120247 0.000119724 0.000121377 0.000120756 0.000121271 
[6] 0.000121915 0.000126819 0.000128508 0.000119824 0.000119732 0.000120472 0.000119321 0.000120320 0.000121120 0.000131184 
[7] 0.000120290 0.000120916 0.000120733 0.000121234 0.000120740 0.000119950 0.000170566 0.000126679 0.000133909 0.000123833 
[8] 0.000123810 0.000123698 0.000124489 0.000124228 0.000124125 0.000130246 0.000143036 0.000120109 0.000120318 0.000194936 
[9] 0.000133488 0.000120982 0.000126752 0.000119442 0.000119887 0.000119760 0.000177115 0.000148381 0.000135568 0.000192090 
[AVERAGE] 0.000129683 s

FEN: 5k2/1R6/4p1p1/1pr3Pp/7P/1K6/8/8 w - - 0 0
        [0]         [1]         [2]         [3]         [4]         [5]         [6]         [7]         [8]         [9]
[0] 0.000209701 0.000136383 0.000137506 0.000136943 0.000165978 0.000213885 0.000159304 0.000140383 0.000140756 0.000140498 
[1] 0.000138188 0.000138229 0.000147212 0.000138768 0.000136266 0.000139327 0.000140794 0.000138705 0.000139965 0.000147368 
[2] 0.000150550 0.000138778 0.000144178 0.000176675 0.000138050 0.000141971 0.000159479 0.000149768 0.000133647 0.000132721 
[3] 0.000134678 0.000134339 0.000135725 0.000141508 0.000147885 0.000139421 0.000139320 0.000142519 0.000140933 0.000138636 
[4] 0.000145317 0.000157954 0.000134202 0.000134981 0.000136462 0.000134302 0.000241165 0.000140763 0.000152513 0.000140812 
[5] 0.000137030 0.000138067 0.000139337 0.000137413 0.000144733 0.000146158 0.000161197 0.000225420 0.000134663 0.000134936 
[6] 0.000141840 0.000171490 0.000149660 0.000135026 0.000134421 0.000136743 0.000136440 0.000145445 0.000246386 0.000205994 
[7] 0.000134228 0.000134430 0.000134142 0.000142247 0.000229806 0.000138018 0.000137726 0.000139007 0.000138274 0.000156297 
[8] 0.000139518 0.000138932 0.000150892 0.000164444 0.000193902 0.000136518 0.000150807 0.000133572 0.000134252 0.000232004 
[9] 0.000164205 0.000183283 0.000170701 0.000135591 0.000134756 0.000211608 0.000253384 0.000185234 0.000149244 0.000138735 
[AVERAGE] 0.000152536 s

FEN: 5k2/8/p7/4K1P1/P4R2/6r1/8/8 b - - 0 0
        [0]         [1]         [2]         [3]         [4]         [5]         [6]         [7]         [8]         [9]
[0] 0.000172564 0.000165033 0.000162669 0.000168488 0.000159824 0.000160888 0.000160498 0.000159691 0.000197021 0.000166331 
[1] 0.000168650 0.000160078 0.000159948 0.000159303 0.000159867 0.000166230 0.000171329 0.000157856 0.000156542 0.000155906 
[2] 0.000156371 0.000156902 0.000169366 0.000155074 0.000155037 0.000155007 0.000156822 0.000212662 0.000206958 0.000169816 
[3] 0.000155917 0.000154576 0.000155989 0.000155163 0.000162184 0.000156134 0.000156575 0.000155139 0.000154436 0.000154774 
[4] 0.000162562 0.000164690 0.000156651 0.000155762 0.000155878 0.000156061 0.000163264 0.000163779 0.000156085 0.000207658 
[5] 0.000156332 0.000156927 0.000162582 0.000156011 0.000155801 0.000155213 0.000155042 0.000156187 0.000155372 0.000170799 
[6] 0.000222718 0.000190114 0.000156011 0.000155067 0.000162388 0.000155557 0.000154807 0.000155404 0.000156004 0.000194498 
[7] 0.000175187 0.000207321 0.000155014 0.000154760 0.000155334 0.000155943 0.000161191 0.000156309 0.000155900 0.000156767 
[8] 0.000158768 0.000156803 0.000155869 0.000163952 0.000170997 0.000159265 0.000160110 0.000159338 0.000158646 0.000164900 
[9] 0.000221933 0.000155506 0.000226265 0.000154639 0.000161841 0.000156148 0.000156535 0.000154291 0.000154964 0.000155767 
[AVERAGE] 0.000164091 s

FEN: 8/8/8/p2r1k2/7p/PP1RK3/6P1/8 b - - 0 0
        [0]         [1]         [2]         [3]         [4]         [5]         [6]         [7]         [8]         [9]
[0] 0.000161127 0.000160372 0.000150307 0.000150762 0.000150869 0.000149844 0.000148596 0.000155815 0.000157233 0.000155301 
[1] 0.000203482 0.000147908 0.000147548 0.000222089 0.000161482 0.000214232 0.000163013 0.000213364 0.000161668 0.000198345 
[2] 0.000179773 0.000236297 0.000149539 0.000204484 0.000251575 0.000153520 0.000153750 0.000154335 0.000188472 0.000160685 
[3] 0.000165758 0.000150145 0.000148617 0.000150205 0.000149185 0.000149817 0.000155467 0.000159429 0.000150441 0.000149057 
[4] 0.000150176 0.000148119 0.000154997 0.000151037 0.000149187 0.000148399 0.000149614 0.000150137 0.000148454 0.000156028 
[5] 0.000194829 0.000149461 0.000149748 0.000149694 0.000149438 0.000154831 0.000185665 0.000177018 0.000149692 0.000150632 
[6] 0.000149059 0.000155522 0.000148922 0.000149002 0.000150598 0.000149377 0.000149734 0.000149255 0.000155992 0.000154911 
[7] 0.000145648 0.000179519 0.000146655 0.000147159 0.000147646 0.000155980 0.000147272 0.000147808 0.000152221 0.000147374 
[8] 0.000146610 0.000153473 0.000147009 0.000146957 0.000147051 0.000148244 0.000147067 0.000147376 0.000154610 0.000171173 
[9] 0.000151982 0.000151490 0.000168864 0.000154326 0.000158021 0.000163522 0.000146731 0.000147066 0.000146591 0.000147222 
[AVERAGE] 0.000159261 s

FEN: 8/8/8/1P4p1/5k2/5p2/P6K/8 b - - 0 0
        [0]         [1]         [2]         [3]         [4]         [5]         [6]         [7]         [8]         [9]
[0] 0.000019982 0.000016885 0.000016020 0.000015571 0.000015393 0.000015034 0.000015036 0.000014833 0.000014888 0.000014829 
[1] 0.000014752 0.000014544 0.000020944 0.000014564 0.000014476 0.000014526 0.000014525 0.000014531 0.000014501 0.000014581 
[2] 0.000014540 0.000014714 0.000027216 0.000014915 0.000014995 0.000014873 0.000014908 0.000014829 0.000014965 0.000014776 
[3] 0.000014808 0.000014788 0.000014811 0.000015003 0.000014852 0.000014858 0.000014883 0.000014779 0.000014887 0.000014747 
[4] 0.000014898 0.000014857 0.000014956 0.000014917 0.000014842 0.000014892 0.000014850 0.000014957 0.000014858 0.000014980 
[5] 0.000014847 0.000014806 0.000014826 0.000014946 0.000014924 0.000014834 0.000014922 0.000014931 0.000014843 0.000014779 
[6] 0.000014893 0.000014931 0.000014760 0.000014799 0.000014882 0.000014875 0.000014866 0.000014886 0.000014922 0.000014709 
[7] 0.000014952 0.000014869 0.000014707 0.000014985 0.000014849 0.000014818 0.000014775 0.000014914 0.000021386 0.000014887 
[8] 0.000014769 0.000014994 0.000014933 0.000014741 0.000014703 0.000014904 0.000023795 0.000027317 0.000014560 0.000014490 
[9] 0.000014610 0.000014586 0.000014658 0.000014587 0.000014569 0.000014633 0.000014560 0.000014647 0.000014405 0.000014534 
[AVERAGE] 0.000015359 s

FEN: 3b2k1/1p3p2/p1p5/2P4p/1P2P1p1/5p2/5P2/4RK2 w - - 0 0
        [0]         [1]         [2]         [3]         [4]         [5]         [6]         [7]         [8]         [9]
[0] 0.000070398 0.000064387 0.000061240 0.000059872 0.000059140 0.000058822 0.000057258 0.000057483 0.000057019 0.000057419 
[1] 0.000063611 0.000056954 0.000077569 0.000070483 0.000056871 0.000057204 0.000056983 0.000056938 0.000057482 0.000056610 
[2] 0.000057225 0.000056933 0.000056803 0.000057131 0.000057058 0.000056655 0.000056638 0.000062889 0.000057424 0.000078813 
[3] 0.000059531 0.000059076 0.000058648 0.000058751 0.000058922 0.000058274 0.000058337 0.000058873 0.000058887 0.000059737 
[4] 0.000059955 0.000059586 0.000059567 0.000065284 0.000059084 0.000059162 0.000070577 0.000056751 0.000056861 0.000056740 
[5] 0.000056997 0.000057283 0.000056743 0.000057194 0.000056970 0.000056715 0.000057240 0.000057152 0.000056811 0.000056158 
[6] 0.000056212 0.000062658 0.000056207 0.000056932 0.000056477 0.000056351 0.000056277 0.000056634 0.000056138 0.000058887 
[7] 0.000056520 0.000056268 0.000056709 0.000056529 0.000056002 0.000056056 0.000056758 0.000056905 0.000063137 0.000056213 
[8] 0.000065466 0.000056617 0.000057491 0.000056533 0.000056508 0.000056858 0.000056422 0.000056832 0.000056989 0.000056358 
[9] 0.000056456 0.000057083 0.000056904 0.000056540 0.000056456 0.000063461 0.000056533 0.000056561 0.000056416 0.000057322 
[AVERAGE] 0.000058669 s

FEN: 5k2/3R4/2K1p1p1/4P1P1/5P2/8/3r4/8 b - - 0 0
        [0]         [1]         [2]         [3]         [4]         [5]         [6]         [7]         [8]         [9]
[0] 0.000198566 0.000149604 0.000139994 0.000138202 0.000145051 0.000137664 0.000136642 0.000137115 0.000135812 0.000136423 
[1] 0.000170182 0.000170823 0.000266188 0.000194420 0.000164188 0.000171357 0.000158985 0.000180779 0.000151811 0.000185893 
[2] 0.000162125 0.000159952 0.000176226 0.000169811 0.000162728 0.000175864 0.000173360 0.000193334 0.000170224 0.000206009 
[3] 0.000148519 0.000176206 0.000194341 0.000199416 0.000138571 0.000138222 0.000137470 0.000136853 0.000137600 0.000137489 
[4] 0.000137547 0.000151905 0.000139009 0.000136521 0.000209300 0.000150183 0.000137461 0.000143294 0.000153312 0.000140118 
[5] 0.000147358 0.000141936 0.000140331 0.000141431 0.000147556 0.000152175 0.000136896 0.000138242 0.000136680 0.000136841 
[6] 0.000136971 0.000143581 0.000146267 0.000139146 0.000137919 0.000138087 0.000145560 0.000138223 0.000145592 0.000136720 
[7] 0.000136989 0.000137487 0.000135931 0.000137773 0.000170358 0.000143906 0.000145425 0.000138805 0.000137938 0.000138909 
[8] 0.000137869 0.000180708 0.000221002 0.000137882 0.000138619 0.000137794 0.000138514 0.000139483 0.000137334 0.000144070 
[9] 0.000137236 0.000137762 0.000137352 0.000138560 0.000138098 0.000137004 0.000144464 0.000202690 0.000141932 0.000141374 
[AVERAGE] 0.000152834 s

FEN: 6k1/6pp/5p2/8/5P2/P7/2K4P/8 b - - 0 0
        [0]         [1]         [2]         [3]         [4]         [5]         [6]         [7]         [8]         [9]
[0] 0.000026807 0.000022912 0.000021675 0.000020946 0.000020663 0.000020684 0.000020560 0.000020564 0.000020513 0.000020177 
[1] 0.000020175 0.000020307 0.000020327 0.000020208 0.000019938 0.000020110 0.000020129 0.000020230 0.000020061 0.000026743 
[2] 0.000020084 0.000020124 0.000020210 0.000020055 0.000020065 0.000020125 0.000032352 0.000019668 0.000019637 0.000019634 
[3] 0.000019565 0.000019605 0.000019721 0.000019461 0.000019453 0.000019416 0.000019476 0.000019601 0.000019585 0.000019681 
[4] 0.000019557 0.000019500 0.000019600 0.000019530 0.000019546 0.000019654 0.000019517 0.000019705 0.000019599 0.000019572 
[5] 0.000019605 0.000019586 0.000019524 0.000019513 0.000019423 0.000019631 0.000019586 0.000019653 0.000019506 0.000019573 
[6] 0.000019637 0.000019539 0.000019618 0.000019530 0.000019631 0.000019617 0.000019500 0.000019502 0.000026009 0.000019538 
[7] 0.000019594 0.000019463 0.000019604 0.000019609 0.000019644 0.000019653 0.000019661 0.000019577 0.000019593 0.000019633 
[8] 0.000019566 0.000019643 0.000019569 0.000019620 0.000019790 0.000019574 0.000019596 0.000019581 0.000019561 0.000019513 
[9] 0.000019490 0.000019623 0.000019570 0.000019712 0.000019651 0.000019588 0.000019624 0.000019548 0.000019743 0.000019641 
[AVERAGE] 0.000020130 s

FEN: 8/3R4/8/r3N2p/P1Pp1P2/2k2K1P/3r4/8 w - - 0 0
        [0]         [1]         [2]         [3]         [4]         [5]         [6]         [7]         [8]         [9]
[0] 0.000291033 0.000340802 0.000340028 0.000281087 0.000299180 0.000277695 0.000282899 0.000281947 0.000335512 0.000275291 
[1] 0.000273285 0.000282325 0.000330631 0.000480018 0.000324373 0.000333620 0.000320321 0.000294477 0.000348136 0.000328415 
[2] 0.000298424 0.000287318 0.000281452 0.000291028 0.000318673 0.000282648 0.000291879 0.000288598 0.000280709 0.000281953 
[3] 0.000290589 0.000282094 0.000284822 0.000287432 0.000295198 0.000316066 0.000314101 0.000291786 0.000283463 0.000283574 
[4] 0.000288477 0.000290118 0.000274763 0.000275693 0.000305432 0.000284225 0.000305303 0.000345192 0.000279366 0.000280730 
[5] 0.000292694 0.000283819 0.000284360 0.000279097 0.000295779 0.000302211 0.000285054 0.000292084 0.000324207 0.000288355 
[6] 0.000281231 0.000297483 0.000285120 0.000280768 0.000291768 0.000283023 0.000281579 0.000281787 0.000286669 0.000320927 
[7] 0.000279279 0.000288956 0.000290263 0.000315671 0.000286639 0.000282681 0.000282532 0.000282840 0.000287549 0.000283220 
[8] 0.000285071 0.000325098 0.000294748 0.000284329 0.000284537 0.000303705 0.000284597 0.000281578 0.000295794 0.000402104 
[9] 0.000274466 0.000447998 0.000284558 0.000284023 0.000287039 0.000281380 0.000284793 0.000282054 0.000307949 0.000274719 
[AVERAGE] 0.000298304 s

FEN: 6k1/8/6r1/8/5b2/2PR4/4K3/8 w - - 0 0
        [0]         [1]         [2]         [3]         [4]         [5]         [6]         [7]         [8]         [9]
[0] 0.000150618 0.000140821 0.000139262 0.000144687 0.000141523 0.000140034 0.000175426 0.000138652 0.000138830 0.000138777 
[1] 0.000143928 0.000137204 0.000136298 0.000138149 0.000137955 0.000139484 0.000137590 0.000143377 0.000218184 0.000138850 
[2] 0.000137977 0.000137886 0.000137445 0.000137490 0.000145147 0.000138099 0.000136827 0.000137396 0.000138300 0.000186293 
[3] 0.000143724 0.000158549 0.000142036 0.000141882 0.000141046 0.000140266 0.000140990 0.000149662 0.000152711 0.000144743 
[4] 0.000139738 0.000141191 0.000138070 0.000137740 0.000145201 0.000136876 0.000136574 0.000136695 0.000136966 0.000137411 
[5] 0.000138294 0.000143932 0.000193044 0.000149479 0.000136974 0.000256846 0.000138224 0.000146678 0.000179696 0.000141777 
[6] 0.000141087 0.000142150 0.000141560 0.000140599 0.000147542 0.000140698 0.000143706 0.000140657 0.000142222 0.000139882 
[7] 0.000142980 0.000151992 0.000161298 0.000142305 0.000194334 0.000139549 0.000136642 0.000135962 0.000142698 0.000137161 
[8] 0.000137423 0.000135916 0.000136520 0.000136831 0.000139086 0.000142718 0.000160087 0.000139579 0.000139860 0.000139214 
[9] 0.000139483 0.000139487 0.000145682 0.000151406 0.000136689 0.000135452 0.000136394 0.000157506 0.000187237 0.000136812 
[AVERAGE] 0.000145979 s

FEN: 8/1p3k2/3B4/8/3b2P1/1P6/6K1/8 b - - 0 0
        [0]         [1]         [2]         [3]         [4]         [5]         [6]         [7]         [8]         [9]
[0] 0.000126346 0.000113850 0.000112815 0.000110144 0.000110388 0.000111260 0.000110119 0.000145985 0.000117790 0.000109621 
[1] 0.000109293 0.000109599 0.000108434 0.000109419 0.000108690 0.000108717 0.000116410 0.000134890 0.000192245 0.000210404 
[2] 0.000109067 0.000138046 0.000109202 0.000116579 0.000221650 0.000137664 0.000167718 0.000110297 0.000111017 0.000111132 
[3] 0.000117834 0.000182926 0.000187969 0.000179576 0.000108187 0.000108149 0.000108906 0.000115557 0.000121502 0.000108213 
[4] 0.000106925 0.000107939 0.000108517 0.000108272 0.000108396 0.000108869 0.000143267 0.000132045 0.000108599 0.000114517 
[5] 0.000153453 0.000109343 0.000109318 0.000108523 0.000115696 0.000108291 0.000108444 0.000108159 0.000108844 0.000108821 
[6] 0.000109576 0.000109267 0.000126280 0.000142368 0.000109145 0.000108428 0.000108842 0.000109155 0.000108269 0.000108332 
[7] 0.000108211 0.000107989 0.000114675 0.000116925 0.000109843 0.000108296 0.000151702 0.000122553 0.000129536 0.000131635 
[8] 0.000115040 0.000109633 0.000112109 0.000107732 0.000108094 0.000107865 0.000109050 0.000108689 0.000107940 0.000115024 
[9] 0.000108448 0.000122878 0.000110687 0.000111404 0.000110850 0.000112206 0.000111104 0.000111287 0.000118618 0.000131670 
[AVERAGE] 0.000120252 s

FEN: 8/8/8/2p1k3/P6R/1K6/6rP/8 w - - 0 0
        [0]         [1]         [2]         [3]         [4]         [5]         [6]         [7]         [8]         [9]
[0] 0.000171486 0.000161749 0.000166077 0.000158904 0.000164730 0.000269021 0.000156515 0.000155295 0.000156684 0.000155126 
[1] 0.000161408 0.000163932 0.000154819 0.000154568 0.000155831 0.000230726 0.000294745 0.000161931 0.000161531 0.000161391 
[2] 0.000160507 0.000165832 0.000170727 0.000156168 0.000206410 0.000156641 0.000154699 0.000162141 0.000178225 0.000163965 
[3] 0.000164732 0.000158586 0.000161654 0.000166297 0.000158705 0.000159318 0.000159586 0.000159271 0.000159103 0.000164563 
[4] 0.000158020 0.000158136 0.000159811 0.000161754 0.000194332 0.000167773 0.000207545 0.000183613 0.000154650 0.000156275 
[5] 0.000155883 0.000160934 0.000154767 0.000155654 0.000153715 0.000155719 0.000154729 0.000165880 0.000171488 0.000155976 
[6] 0.000155847 0.000155510 0.000155518 0.000155448 0.000161042 0.000203795 0.000155701 0.000170180 0.000231862 0.000163167 
[7] 0.000155990 0.000156042 0.000156799 0.000155586 0.000154646 0.000154989 0.000170286 0.000153653 0.000155630 0.000285799 
[8] 0.000154595 0.000162548 0.000169840 0.000159400 0.000163687 0.000159360 0.000159069 0.000165024 0.000172368 0.000157758 
[9] 0.000158255 0.000156163 0.000155206 0.000155419 0.000168669 0.000155242 0.000155318 0.000154737 0.000160959 0.000162378 
[AVERAGE] 0.000167037 s

FEN: 6k1/5p1p/6p1/1P1n4/1K4P1/N6P/8/8 w - - 0 0
        [0]         [1]         [2]         [3]         [4]         [5]         [6]         [7]         [8]         [9]
[0] 0.000063761 0.000051418 0.000049335 0.000047428 0.000046947 0.000047165 0.000046825 0.000046912 0.000046273 0.000046636 
[1] 0.000046380 0.000046232 0.000045923 0.000046261 0.000046343 0.000046905 0.000046125 0.000082581 0.000058944 0.000046169 
[2] 0.000052589 0.000045793 0.000045613 0.000062753 0.000082803 0.000060430 0.000080691 0.000067989 0.000045923 0.000045942 
[3] 0.000045804 0.000046284 0.000052428 0.000104285 0.000100418 0.000086472 0.000053582 0.000045816 0.000045346 0.000045327 
[4] 0.000045587 0.000045891 0.000046082 0.000045844 0.000046143 0.000045848 0.000045983 0.000045633 0.000045707 0.000045309 
[5] 0.000045713 0.000045373 0.000045936 0.000045703 0.000046052 0.000046029 0.000045621 0.000052797 0.000045557 0.000045929 
[6] 0.000045670 0.000045629 0.000045958 0.000045776 0.000045607 0.000046084 0.000045956 0.000045931 0.000045666 0.000045631 
[7] 0.000045530 0.000045635 0.000045397 0.000045691 0.000046292 0.000045925 0.000046142 0.000045833 0.000045657 0.000052128 
[8] 0.000046070 0.000077804 0.000071890 0.000046818 0.000046834 0.000046867 0.000046786 0.000046830 0.000046797 0.000047220 
[9] 0.000046687 0.000046952 0.000046673 0.000047483 0.000046910 0.000047349 0.000056507 0.000052614 0.000055242 0.000046381 
[AVERAGE] 0.000050824 s

FEN: 8/k5r1/2N5/PK6/2B5/8/8/8 b - - 0 0
        [0]         [1]         [2]         [3]         [4]         [5]         [6]         [7]         [8]         [9]
[0] 0.000203224 0.000179249 0.000178228 0.000176555 0.000195885 0.000179265 0.000178820 0.000177352 0.000178332 0.000192728 
[1] 0.000305503 0.000292192 0.000178580 0.000176422 0.000184429 0.000178084 0.000178291 0.000177312 0.000176212 0.000175313 
[2] 0.000182448 0.000201104 0.000181024 0.000183010 0.000181657 0.000188197 0.000191404 0.000177503 0.000177550 0.000176301 
[3] 0.000235746 0.000190576 0.000180786 0.000181244 0.000180639 0.000195338 0.000199198 0.000189363 0.000204242 0.000205961 
[4] 0.000177397 0.000185297 0.000177520 0.000177704 0.000177762 0.000189008 0.000184554 0.000227368 0.000177773 0.000177574 
[5] 0.000177366 0.000178144 0.000192736 0.000177016 0.000176846 0.000176263 0.000176382 0.000300911 0.000181434 0.000187950 
[6] 0.000181495 0.000182374 0.000193988 0.000193459 0.000224105 0.000181647 0.000193299 0.000228905 0.000190037 0.000206679 
[7] 0.000176990 0.000178540 0.000184045 0.000175991 0.000177108 0.000207465 0.000177388 0.000177741 0.000194897 0.000176201 
[8] 0.000178721 0.000210556 0.000223618 0.000182907 0.000176478 0.000174603 0.000204956 0.000175669 0.000183499 0.000175730 
[9] 0.000176860 0.000177182 0.000177996 0.000176739 0.000218487 0.000206357 0.000176462 0.000175404 0.000175568 0.000182587 
[AVERAGE] 0.000189750 s

FEN: 6k1/8/5K2/8/5P1R/r6P/8/8 b - - 0 0
        [0]         [1]         [2]         [3]         [4]         [5]         [6]         [7]         [8]         [9]
[0] 0.000145363 0.000089960 0.000088997 0.000087537 0.000087794 0.000086506 0.000086636 0.000086045 0.000086180 0.000092731 
[1] 0.000086562 0.000094544 0.000085631 0.000086467 0.000087039 0.000087055 0.000086181 0.000085282 0.000085815 0.000086233 
[2] 0.000086382 0.000094087 0.000098307 0.000088217 0.000088017 0.000088137 0.000087900 0.000088216 0.000088584 0.000088393 
[3] 0.000087738 0.000088198 0.000094736 0.000088156 0.000099353 0.000085854 0.000086280 0.000132509 0.000096754 0.000085458 
[4] 0.000085544 0.000085910 0.000086009 0.000093082 0.000094969 0.000085468 0.000085557 0.000086019 0.000148657 0.000127979 
[5] 0.000085702 0.000086435 0.000086394 0.000092798 0.000085966 0.000087040 0.000086600 0.000085996 0.000086067 0.000086458 
[6] 0.000086626 0.000087734 0.000086544 0.000086849 0.000093442 0.000086657 0.000100271 0.000087600 0.000088569 0.000088094 
[7] 0.000087853 0.000087772 0.000087502 0.000140448 0.000095537 0.000087854 0.000108053 0.000086124 0.000085882 0.000085612 
[8] 0.000085614 0.000085066 0.000085541 0.000085365 0.000085286 0.000085944 0.000091799 0.000086195 0.000086442 0.000085818 
[9] 0.000086766 0.000086863 0.000085362 0.000085851 0.000086407 0.000085880 0.000086142 0.000092771 0.000086595 0.000107683 
[AVERAGE] 0.000090969 s

FEN: 8/8/4k1KP/p5P1/r7/8/8/8 w - - 0 0
        [0]         [1]         [2]         [3]         [4]         [5]         [6]         [7]         [8]         [9]
[0] 0.000077543 0.000069852 0.000068235 0.000067462 0.000067197 0.000066741 0.000066641 0.000066699 0.000066731 0.000103566 
[1] 0.000072906 0.000066356 0.000100827 0.000078058 0.000064926 0.000064984 0.000064443 0.000072496 0.000069099 0.000063927 
[2] 0.000064880 0.000064287 0.000064613 0.000064542 0.000065151 0.000072642 0.000065034 0.000064647 0.000065083 0.000065059 
[3] 0.000064950 0.000064350 0.000064130 0.000064665 0.000064973 0.000064804 0.000064293 0.000064926 0.000065147 0.000065266 
[4] 0.000071114 0.000064618 0.000073113 0.000064309 0.000064182 0.000064357 0.000064228 0.000064934 0.000064466 0.000064418 
[5] 0.000064633 0.000064133 0.000064832 0.000064577 0.000064387 0.000072885 0.000063969 0.000064360 0.000064263 0.000113657 
[6] 0.000080248 0.000114573 0.000100096 0.000070031 0.000065152 0.000064677 0.000065188 0.000064909 0.000088020 0.000105775 
[7] 0.000064518 0.000071078 0.000064460 0.000064974 0.000066085 0.000065691 0.000065180 0.000064823 0.000064652 0.000064917 
[8] 0.000064521 0.000064348 0.000101451 0.000127960 0.000074754 0.000105502 0.000079211 0.000065852 0.000065882 0.000065984 
[9] 0.000066101 0.000066487 0.000066578 0.000066512 0.000066206 0.000074150 0.000065849 0.000078375 0.000064620 0.000064233 
[AVERAGE] 0.000070732 s

FEN: 1R6/p2r4/2ppkp2/6p1/2PKP2p/P4P2/6PP/8 b - - 0 0
        [0]         [1]         [2]         [3]         [4]         [5]         [6]         [7]         [8]         [9]
[0] 0.000298020 0.000340804 0.000335317 0.000302911 0.000286825 0.000293355 0.000286206 0.000287421 0.000292822 0.000297095 
[1] 0.000281524 0.000283482 0.000348018 0.000338195 0.000280156 0.000288839 0.000281738 0.000281729 0.000291780 0.000280466 
[2] 0.000279660 0.000279454 0.000298685 0.000279706 0.000374600 0.000289922 0.000278426 0.000292193 0.000357312 0.000317879 
[3] 0.000279513 0.000375617 0.000292578 0.000280182 0.000343050 0.000304174 0.000286379 0.000307529 0.000305762 0.000293320 
[4] 0.000279325 0.000279816 0.000284553 0.000278363 0.000280190 0.000290738 0.000322933 0.000283101 0.000298247 0.000355229 
[5] 0.000278243 0.000278305 0.000302103 0.000289955 0.000287322 0.000294003 0.000303950 0.000328457 0.000286884 0.000280124 
[6] 0.000309068 0.000369856 0.000276281 0.000278975 0.000276609 0.000284958 0.000285962 0.000381847 0.000342944 0.000278861 
[7] 0.000277590 0.000278899 0.000294131 0.000296166 0.000280041 0.000296047 0.000284162 0.000280635 0.000283561 0.000330588 
[8] 0.000285548 0.000285464 0.000300467 0.000283437 0.000291080 0.000353209 0.000292660 0.000282176 0.000281074 0.000294281 
[9] 0.000328206 0.000278236 0.000294936 0.000279078 0.000277914 0.000285577 0.000344607 0.000277726 0.000279686 0.000301696 
[AVERAGE] 0.000298587 s

FEN: 8/7p/6p1/8/k7/8/2K3P1/8 b - - 0 0
        [0]         [1]         [2]         [3]         [4]         [5]         [6]         [7]         [8]         [9]
[0] 0.000023539 0.000020653 0.000019927 0.000019281 0.000018706 0.000018560 0.000018596 0.000018708 0.000018676 0.000018587 
[1] 0.000018555 0.000018363 0.000018345 0.000018275 0.000018316 0.000018268 0.000018359 0.000018423 0.000018351 0.000018231 
[2] 0.000018264 0.000018250 0.000018339 0.000018369 0.000018242 0.000018360 0.000018309 0.000018216 0.000018323 0.000023211 
[3] 0.000038297 0.000031575 0.000018302 0.000018372 0.000018389 0.000018389 0.000018374 0.000018571 0.000025220 0.000018419 
[4] 0.000018440 0.000018198 0.000018319 0.000018439 0.000027221 0.000018294 0.000018331 0.000063850 0.000038067 0.000046267 
[5] 0.000053161 0.000017906 0.000017875 0.000018054 0.000017856 0.000017863 0.000017919 0.000017841 0.000017715 0.000017880 
[6] 0.000018009 0.000017760 0.000017957 0.000018065 0.000017987 0.000017841 0.000017848 0.000017969 0.000018075 0.000018028 
[7] 0.000017860 0.000017819 0.000017904 0.000018017 0.000017911 0.000017720 0.000017892 0.000017888 0.000018023 0.000017746 
[8] 0.000017790 0.000017749 0.000017929 0.000017804 0.000017792 0.000024785 0.000017887 0.000017910 0.000018002 0.000017960 
[9] 0.000018011 0.000017914 0.000017795 0.000030651 0.000018396 0.000018293 0.000018308 0.000018278 0.000018453 0.000018442 
[AVERAGE] 0.000020285 s

FEN: R7/8/8/6p1/4k3/3rPp1P/8/6K1 b - - 0 0
        [0]         [1]         [2]         [3]         [4]         [5]         [6]         [7]         [8]         [9]
[0] 0.000309561 0.000299259 0.000326503 0.000291534 0.000294285 0.000308027 0.000347733 0.000284804 0.000321278 0.000288807 
[1] 0.000284683 0.000286204 0.000364704 0.000394747 0.000282769 0.000290326 0.000336292 0.000290595 0.000294100 0.000286122 
[2] 0.000284915 0.000291596 0.000294929 0.000284160 0.000329657 0.000448717 0.000297555 0.000370271 0.000376732 0.000294386 
[3] 0.000417596 0.000292620 0.000292251 0.000328881 0.000320213 0.000293266 0.000300374 0.000353069 0.000292998 0.000292096 
[4] 0.000298230 0.000292222 0.000291546 0.000300365 0.000292872 0.000294817 0.000299862 0.000356791 0.000340202 0.000298238 
[5] 0.000293802 0.000298503 0.000296076 0.000305875 0.000292682 0.000296052 0.000315030 0.000310492 0.000332603 0.000359869 
[6] 0.000291184 0.000291629 0.000298580 0.000315366 0.000319030 0.000301421 0.000319857 0.000293745 0.000289626 0.000319265 
[7] 0.000303089 0.000290857 0.000298778 0.000303567 0.000291232 0.000294528 0.000297981 0.000293554 0.000293363 0.000350769 
[8] 0.000327089 0.000349197 0.000325406 0.000291608 0.000320315 0.000302992 0.000294622 0.000291044 0.000291374 0.000304949 
[9] 0.000292313 0.000353642 0.000297593 0.000378673 0.000362727 0.000351124 0.000299791 0.000304331 0.000405934 0.000321363 
[AVERAGE] 0.000313283 s

FEN: 8/7p/1p1k2p1/p1p2p2/8/PP2P2P/4KPP1/8 w - - 0 0
        [0]         [1]         [2]         [3]         [4]         [5]         [6]         [7]         [8]         [9]
[0] 0.000111329 0.000100069 0.000116272 0.000109394 0.000139340 0.000092323 0.000092912 0.000092718 0.000092417 0.000092071 
[1] 0.000092921 0.000091878 0.000092000 0.000099193 0.000101339 0.000092363 0.000091256 0.000092024 0.000092127 0.000092723 
[2] 0.000093637 0.000093087 0.000092832 0.000099884 0.000093224 0.000093027 0.000091382 0.000092559 0.000091539 0.000092263 
[3] 0.000092090 0.000092018 0.000092103 0.000091987 0.000099508 0.000091973 0.000092726 0.000092836 0.000092118 0.000130993 
[4] 0.000091746 0.000091968 0.000093173 0.000091652 0.000098166 0.000092140 0.000101091 0.000091891 0.000092653 0.000106730 
[5] 0.000132627 0.000091409 0.000091516 0.000091986 0.000098021 0.000091531 0.000091645 0.000091292 0.000091605 0.000091101 
[6] 0.000091304 0.000091852 0.000091575 0.000091141 0.000090987 0.000098375 0.000091634 0.000091323 0.000091656 0.000091748 
[7] 0.000091610 0.000092399 0.000091827 0.000091756 0.000167101 0.000108235 0.000099186 0.000090776 0.000091100 0.000091206 
[8] 0.000091687 0.000090720 0.000090809 0.000091098 0.000098076 0.000091960 0.000099559 0.000104759 0.000093591 0.000094602 
[9] 0.000094931 0.000093662 0.000093750 0.000093872 0.000093679 0.000093361 0.000100978 0.000102560 0.000104345 0.000092000 
[AVERAGE] 0.000096392 s

FEN: 8/p7/1P6/1r3p1k/7P/3R1KP1/8/8 b - - 0 0
        [0]         [1]         [2]         [3]         [4]         [5]         [6]         [7]         [8]         [9]
[0] 0.000111821 0.000102374 0.000100100 0.000097009 0.000124393 0.000162012 0.000103281 0.000111615 0.000095313 0.000094725 
[1] 0.000095102 0.000096351 0.000095812 0.000095681 0.000095552 0.000102616 0.000096484 0.000095784 0.000095093 0.000095756 
[2] 0.000095269 0.000096358 0.000095678 0.000096900 0.000096170 0.000101708 0.000094568 0.000117941 0.000097624 0.000097984 
[3] 0.000098247 0.000097339 0.000099998 0.000097777 0.000098394 0.000105795 0.000097370 0.000108343 0.000095530 0.000095762 
[4] 0.000146101 0.000096605 0.000095843 0.000100121 0.000102709 0.000101542 0.000096674 0.000095458 0.000095985 0.000095431 
[5] 0.000094856 0.000096038 0.000096011 0.000096488 0.000096681 0.000102446 0.000103632 0.000151073 0.000096072 0.000095101 
[6] 0.000096079 0.000095843 0.000094944 0.000094939 0.000095006 0.000102658 0.000095693 0.000095639 0.000094240 0.000094365 
[7] 0.000095180 0.000095130 0.000094143 0.000157803 0.000093896 0.000102097 0.000103322 0.000095707 0.000095894 0.000095070 
[8] 0.000095244 0.000095054 0.000094271 0.000094758 0.000096367 0.000110028 0.000095252 0.000094632 0.000096569 0.000095431 
[9] 0.000094544 0.000152248 0.000095148 0.000094510 0.000096168 0.000102830 0.000095851 0.000095717 0.000095261 0.000094876 
[AVERAGE] 0.000100789 s

FEN: 8/5p1p/pk1p2p1/2pP4/2P2P2/4K2P/1P4P1/8 w - - 0 0
        [0]         [1]         [2]         [3]         [4]         [5]         [6]         [7]         [8]         [9]
[0] 0.000074855 0.000066438 0.000063596 0.000062316 0.000061126 0.000061353 0.000061644 0.000061144 0.000067718 0.000060732 
[1] 0.000131928 0.000061261 0.000061450 0.000060952 0.000076738 0.000113760 0.000095496 0.000064651 0.000068201 0.000060098 
[2] 0.000061190 0.000067474 0.000060120 0.000060220 0.000060052 0.000060297 0.000059901 0.000060663 0.000060437 0.000060359 
[3] 0.000060082 0.000060188 0.000060748 0.000060435 0.000060593 0.000060239 0.000060253 0.000067048 0.000060563 0.000059941 
[4] 0.000060615 0.000060277 0.000060315 0.000061027 0.000060338 0.000059861 0.000059898 0.000060429 0.000059723 0.000060961 
[5] 0.000060295 0.000059831 0.000060265 0.000060149 0.000066079 0.000060032 0.000068534 0.000060830 0.000060424 0.000061025 
[6] 0.000060002 0.000084917 0.000073123 0.000060407 0.000060731 0.000060750 0.000060270 0.000060969 0.000060215 0.000066408 
[7] 0.000060522 0.000060686 0.000060439 0.000060759 0.000060899 0.000061712 0.000060714 0.000060609 0.000060229 0.000060852 
[8] 0.000061060 0.000060234 0.000060422 0.000060238 0.000061355 0.000061673 0.000067740 0.000060780 0.000068679 0.000060034 
[9] 0.000059989 0.000060313 0.000060783 0.000060828 0.000060567 0.000060635 0.000060566 0.000060474 0.000060712 0.000089088 
[AVERAGE] 0.000063886 s

FEN: 5k2/5p2/6p1/7p/P7/2K3P1/7P/8 b - - 0 0
        [0]         [1]         [2]         [3]         [4]         [5]         [6]         [7]         [8]         [9]
[0] 0.000036124 0.000043819 0.000036983 0.000029779 0.000029259 0.000028868 0.000029174 0.000028889 0.000028610 0.000028644 
[1] 0.000028975 0.000028901 0.000028715 0.000029179 0.000029007 0.000028673 0.000028519 0.000028532 0.000028723 0.000028520 
[2] 0.000028871 0.000028645 0.000028641 0.000028554 0.000028375 0.000028466 0.000028464 0.000028332 0.000028143 0.000028327 
[3] 0.000062515 0.000055387 0.000028417 0.000028592 0.000028562 0.000034834 0.000028517 0.000028281 0.000028001 0.000028212 
[4] 0.000028434 0.000028268 0.000028489 0.000028429 0.000028732 0.000028486 0.000028417 0.000028959 0.000028864 0.000028841 
[5] 0.000028927 0.000028858 0.000028544 0.000028873 0.000028541 0.000028550 0.000028661 0.000028882 0.000028645 0.000028499 
[6] 0.000030625 0.000038902 0.000028336 0.000028405 0.000028069 0.000028334 0.000028547 0.000028262 0.000028354 0.000035361 
[7] 0.000028210 0.000028206 0.000028417 0.000036828 0.000028324 0.000028342 0.000028542 0.000028513 0.000028408 0.000028318 
[8] 0.000028241 0.000028343 0.000028483 0.000028447 0.000028301 0.000028347 0.000028179 0.000028416 0.000028078 0.000028441 
[9] 0.000028517 0.000028250 0.000028487 0.000028307 0.000028140 0.000028534 0.000028293 0.000028143 0.000028231 0.000028463 
[AVERAGE] 0.000029789 s

FEN: 8/8/5K2/3kn3/6B1/7P/8/8 b - - 0 0
        [0]         [1]         [2]         [3]         [4]         [5]         [6]         [7]         [8]         [9]
[0] 0.000126576 0.000119076 0.000111865 0.000110769 0.000110261 0.000109998 0.000110466 0.000110384 0.000110278 0.000116868 
[1] 0.000135409 0.000135556 0.000110715 0.000109449 0.000109939 0.000109709 0.000109408 0.000109501 0.000116386 0.000185332 
[2] 0.000149377 0.000110738 0.000110492 0.000109678 0.000109326 0.000109506 0.000115899 0.000109446 0.000109325 0.000109768 
[3] 0.000110124 0.000109752 0.000109584 0.000109998 0.000109528 0.000116556 0.000117670 0.000110011 0.000110007 0.000173315 
[4] 0.000110323 0.000109204 0.000109216 0.000116303 0.000110011 0.000109965 0.000109676 0.000110249 0.000109579 0.000114925 
[5] 0.000115138 0.000109586 0.000116444 0.000109242 0.000111061 0.000110055 0.000109269 0.000109045 0.000109249 0.000109847 
[6] 0.000109366 0.000116116 0.000118232 0.000118774 0.000106957 0.000163353 0.000149364 0.000140244 0.000133875 0.000112570 
[7] 0.000106791 0.000106107 0.000107486 0.000121498 0.000120805 0.000107138 0.000106874 0.000144204 0.000119210 0.000106580 
[8] 0.000106332 0.000106336 0.000106571 0.000106531 0.000106180 0.000106730 0.000105986 0.000112446 0.000114804 0.000170536 
[9] 0.000119995 0.000106151 0.000106537 0.000106748 0.000185307 0.000158668 0.000122041 0.000115184 0.000110214 0.000109676 
[AVERAGE] 0.000117049 s

FEN: 8/8/7k/8/8/8/5q2/3B2RK b - - 0 1
        [0]         [1]         [2]         [3]         [4]         [5]         [6]         [7]         [8]         [9]
[0] 0.000298690 0.000418608 0.000321820 0.000509925 0.000286088 0.000283731 0.000290063 0.000283935 0.000358634 0.000282187 
[1] 0.000298713 0.000281556 0.000282820 0.000289792 0.000281445 0.000282999 0.000285823 0.000288080 0.000283642 0.000312485 
[2] 0.000311912 0.000322866 0.000280965 0.000288784 0.000281585 0.000293595 0.000280807 0.000296587 0.000281623 0.000280936 
[3] 0.000288979 0.000343406 0.000289214 0.000281465 0.000305084 0.000289252 0.000290299 0.000316141 0.000281771 0.000430086 
[4] 0.000291025 0.000318920 0.000298106 0.000288895 0.000283206 0.000282203 0.000283396 0.000295741 0.000282031 0.000295013 
[5] 0.000289315 0.000301877 0.000288375 0.000299746 0.000306023 0.000283633 0.000341664 0.000288995 0.000282470 0.000282857 
[6] 0.000287450 0.000299462 0.000289010 0.000288529 0.000342743 0.000289778 0.000297972 0.000318762 0.000387929 0.000289571 
[7] 0.000317483 0.000332914 0.000296449 0.000316725 0.000470879 0.000283749 0.000288486 0.000282974 0.000282058 0.000303282 
[8] 0.000305561 0.000281304 0.000281507 0.000316558 0.000282115 0.000311250 0.000289906 0.000282748 0.000281645 0.000281610 
[9] 0.000297316 0.000338678 0.000282267 0.000288391 0.000293883 0.000282467 0.000287772 0.000343005 0.000289368 0.000289890 
[AVERAGE] 0.000303133 s

FEN: 8/p6p/1p2p1k1/4pp2/2P5/8/PP1K1PPP/8 b - - 0 0
        [0]         [1]         [2]         [3]         [4]         [5]         [6]         [7]         [8]         [9]
[0] 0.000083174 0.000076756 0.000066560 0.000064754 0.000063789 0.000063713 0.000063205 0.000063567 0.000063409 0.000062954 
[1] 0.000063122 0.000063399 0.000072057 0.000063025 0.000062909 0.000071418 0.000062859 0.000074838 0.000061341 0.000061205 
[2] 0.000061493 0.000061280 0.000061215 0.000062056 0.000061259 0.000061501 0.000061499 0.000061215 0.000061712 0.000061035 
[3] 0.000060729 0.000074983 0.000069642 0.000061433 0.000061564 0.000061341 0.000060961 0.000061450 0.000095422 0.000061029 
[4] 0.000061858 0.000061178 0.000060986 0.000089565 0.000147061 0.000098397 0.000061315 0.000061180 0.000061100 0.000061805 
[5] 0.000062188 0.000061124 0.000060801 0.000061486 0.000061416 0.000061489 0.000061573 0.000061497 0.000061612 0.000061846 
[6] 0.000068085 0.000061082 0.000061032 0.000060826 0.000061432 0.000061176 0.000061575 0.000061412 0.000061163 0.000061380 
[7] 0.000061473 0.000061265 0.000061361 0.000061131 0.000061198 0.000061234 0.000067935 0.000061446 0.000069926 0.000061338 
[8] 0.000061458 0.000063941 0.000071401 0.000061710 0.000061185 0.000061139 0.000061872 0.000061102 0.000085271 0.000075140 
[9] 0.000061291 0.000068526 0.000061407 0.000073364 0.000059847 0.000059716 0.000059849 0.000060166 0.000059942 0.000059588 
[AVERAGE] 0.000065257 s

FEN: 8/8/4kp2/5p1p/8/3KP1P1/7P/8 b - - 0 0
        [0]         [1]         [2]         [3]         [4]         [5]         [6]         [7]         [8]         [9]
[0] 0.000053292 0.000048842 0.000047170 0.000045941 0.000045132 0.000044808 0.000044381 0.000044803 0.000044753 0.000051340 
[1] 0.000044159 0.000044928 0.000044360 0.000044551 0.000044401 0.000044744 0.000043786 0.000044724 0.000072025 0.000044303 
[2] 0.000044791 0.000044726 0.000044245 0.000044175 0.000044274 0.000044340 0.000043937 0.000044367 0.000044123 0.000044476 
[3] 0.000043941 0.000051111 0.000044615 0.000067649 0.000103676 0.000083120 0.000044235 0.000044852 0.000044468 0.000044258 
[4] 0.000043898 0.000044435 0.000044569 0.000044675 0.000045002 0.000044784 0.000044930 0.000044196 0.000044194 0.000044501 
[5] 0.000050695 0.000044226 0.000044452 0.000092534 0.000070510 0.000044773 0.000044175 0.000044494 0.000044599 0.000044874 
[6] 0.000044587 0.000044732 0.000044332 0.000043992 0.000044005 0.000043787 0.000044116 0.000044027 0.000044353 0.000044584 
[7] 0.000044080 0.000050489 0.000044296 0.000043998 0.000052794 0.000044524 0.000043927 0.000044737 0.000043784 0.000043601 
[8] 0.000043993 0.000044542 0.000044548 0.000044378 0.000043913 0.000044557 0.000044684 0.000044138 0.000044388 0.000044280 
[9] 0.000044454 0.000059549 0.000088177 0.000056834 0.000057049 0.000045940 0.000045520 0.000045318 0.000045059 0.000045355 
[AVERAGE] 0.000048038 s

FEN: 8/7p/5kp1/4p3/p3rPRP/2K3P1/8/8 w - - 0 0
        [0]         [1]         [2]         [3]         [4]         [5]         [6]         [7]         [8]         [9]
[0] 0.000090270 0.000082526 0.000127678 0.000106704 0.000082420 0.000079664 0.000091046 0.000080719 0.000079493 0.000107757 
[1] 0.000108873 0.000133250 0.000078980 0.000081004 0.000080478 0.000124572 0.000115077 0.000079976 0.000087687 0.000079212 
[2] 0.000079177 0.000079050 0.000145572 0.000136525 0.000082749 0.000083519 0.000120448 0.000106923 0.000078693 0.000078972 
[3] 0.000080654 0.000078945 0.000078351 0.000107743 0.000078607 0.000079643 0.000078942 0.000077584 0.000084894 0.000078852 
[4] 0.000091907 0.000078985 0.000078895 0.000091873 0.000079243 0.000079068 0.000077923 0.000077917 0.000125812 0.000078695 
[5] 0.000084754 0.000087544 0.000078960 0.000080092 0.000079619 0.000080919 0.000078222 0.000079135 0.000080093 0.000078256 
[6] 0.000079044 0.000078360 0.000099616 0.000078716 0.000079006 0.000079358 0.000078890 0.000078082 0.000080028 0.000079123 
[7] 0.000079197 0.000079682 0.000080519 0.000079066 0.000085168 0.000108389 0.000100853 0.000079342 0.000080247 0.000078989 
[8] 0.000078992 0.000108517 0.000125175 0.000129552 0.000110836 0.000086222 0.000127296 0.000156127 0.000107600 0.000080318 
[9] 0.000080778 0.000078860 0.000080014 0.000079071 0.000079194 0.000086879 0.000081850 0.000079408 0.000080116 0.000078772 
[AVERAGE] 0.000089584 s

FEN: 8/6k1/8/R7/7K/1P6/5r2/8 b - - 0 1
        [0]         [1]         [2]         [3]         [4]         [5]         [6]         [7]         [8]         [9]
[0] 0.000157077 0.000146891 0.000145287 0.000145629 0.000161356 0.000145253 0.000145581 0.000144361 0.000144931 0.000145349 
[1] 0.000150961 0.000156988 0.000145030 0.000194609 0.000195722 0.000145052 0.000152138 0.000144678 0.000145591 0.000144117 
[2] 0.000146297 0.000144519 0.000144550 0.000150307 0.000199388 0.000205460 0.000144331 0.000145716 0.000145348 0.000152904 
[3] 0.000201019 0.000144903 0.000145010 0.000144129 0.000148245 0.000178302 0.000153434 0.000160777 0.000145266 0.000144655 
[4] 0.000146602 0.000145479 0.000150805 0.000145410 0.000145456 0.000144959 0.000144667 0.000144632 0.000144860 0.000151052 
[5] 0.000144433 0.000145474 0.000144672 0.000144177 0.000145392 0.000144482 0.000151083 0.000199875 0.000144342 0.000200201 
[6] 0.000143903 0.000142992 0.000150356 0.000144083 0.000144080 0.000144370 0.000144114 0.000144893 0.000144011 0.000150748 
[7] 0.000144589 0.000144903 0.000146066 0.000144704 0.000144294 0.000143544 0.000159156 0.000144359 0.000152770 0.000175880 
[8] 0.000143854 0.000145469 0.000208027 0.000158727 0.000145473 0.000146403 0.000144676 0.000145442 0.000152173 0.000152053 
[9] 0.000144109 0.000144936 0.000146027 0.000145092 0.000207349 0.000190876 0.000144212 0.000156997 0.000141846 0.000141895 
[AVERAGE] 0.000152887 s

FEN: 3b1N2/8/3k4/5pp1/8/5K1P/8/8 w - - 0 0
        [0]         [1]         [2]         [3]         [4]         [5]         [6]         [7]         [8]         [9]
[0] 0.000177914 0.000130377 0.000120649 0.000119926 0.000120130 0.000118454 0.000119457 0.000119052 0.000118995 0.000125205 
[1] 0.000126422 0.000134055 0.000121581 0.000121161 0.000119972 0.000121355 0.000121285 0.000128728 0.000120499 0.000131094 
[2] 0.000117957 0.000118426 0.000116903 0.000117238 0.000117767 0.000118833 0.000125284 0.000148076 0.000117663 0.000118316 
[3] 0.000118172 0.000117672 0.000118354 0.000118149 0.000155238 0.000219516 0.000129284 0.000118158 0.000118000 0.000118567 
[4] 0.000119649 0.000125938 0.000119152 0.000118932 0.000117832 0.000118248 0.000118687 0.000119215 0.000117525 0.000123834 
[5] 0.000156675 0.000120509 0.000130899 0.000151889 0.000117424 0.000118837 0.000117215 0.000124464 0.000131499 0.000121047 
[6] 0.000120447 0.000126820 0.000119843 0.000120109 0.000120289 0.000127143 0.000119991 0.000121901 0.000121173 0.000122403 
[7] 0.000120738 0.000120946 0.000121060 0.000127440 0.000130313 0.000120309 0.000122290 0.000149104 0.000185479 0.000145034 
[8] 0.000127793 0.000120445 0.000130233 0.000117385 0.000117045 0.000117584 0.000117529 0.000117328 0.000118413 0.000178540 
[9] 0.000132219 0.000121002 0.000121648 0.000121789 0.000121402 0.000120958 0.000127532 0.000141006 0.000119910 0.000118128 
[AVERAGE] 0.000126241 s

FEN: R7/P7/5p2/4pk1p/5p2/3K1PP1/r6P/8 b - - 0 0
        [0]         [1]         [2]         [3]         [4]         [5]         [6]         [7]         [8]         [9]
[0] 0.000135590 0.000124769 0.000123279 0.000121269 0.000127688 0.000157040 0.000134923 0.000122066 0.000121918 0.000122619 
[1] 0.000121425 0.000120650 0.000167370 0.000128621 0.000119878 0.000120232 0.000121036 0.000120924 0.000173581 0.000183940 
[2] 0.000120559 0.000120017 0.000120424 0.000121053 0.000121368 0.000119917 0.000121496 0.000126971 0.000132732 0.000123000 
[3] 0.000124374 0.000127041 0.000124431 0.000124551 0.000123853 0.000129696 0.000142307 0.000118892 0.000119691 0.000120932 
[4] 0.000121742 0.000121041 0.000136150 0.000166693 0.000151361 0.000235708 0.000162865 0.000143476 0.000123632 0.000131938 
[5] 0.000166762 0.000149585 0.000162283 0.000125271 0.000145708 0.000167073 0.000131831 0.000250458 0.000122541 0.000206440 
[6] 0.000123649 0.000122737 0.000131483 0.000123541 0.000124820 0.000123356 0.000123276 0.000152446 0.000122632 0.000123436 
[7] 0.000130176 0.000132745 0.000123069 0.000122927 0.000123947 0.000123541 0.000124403 0.000123979 0.000130648 0.000168782 
[8] 0.000123181 0.000124411 0.000125250 0.000122983 0.000124601 0.000130039 0.000123181 0.000123711 0.000123430 0.000123379 
[9] 0.000122912 0.000125459 0.000140438 0.000171436 0.000131873 0.000124080 0.000151339 0.000205652 0.000120345 0.000120480 
[AVERAGE] 0.000135085 s

FEN: 8/7p/6p1/5k2/7N/8/4KP2/8 b - - 0 0
        [0]         [1]         [2]         [3]         [4]         [5]         [6]         [7]         [8]         [9]
[0] 0.000094485 0.000078914 0.000075493 0.000074206 0.000073372 0.000073113 0.000124436 0.000073230 0.000072866 0.000072963 
[1] 0.000073211 0.000073680 0.000072549 0.000079248 0.000073331 0.000087206 0.000074669 0.000074913 0.000074935 0.000074488 
[2] 0.000075245 0.000074403 0.000074218 0.000075283 0.000074802 0.000074542 0.000081571 0.000083357 0.000074491 0.000074392 
[3] 0.000074503 0.000074566 0.000074372 0.000074468 0.000074843 0.000074548 0.000082246 0.000074575 0.000074402 0.000082444 
[4] 0.000074469 0.000085962 0.000072679 0.000072512 0.000072362 0.000072547 0.000072145 0.000072020 0.000072353 0.000075999 
[5] 0.000130750 0.000078554 0.000100435 0.000082730 0.000073969 0.000086864 0.000072061 0.000071923 0.000072164 0.000072860 
[6] 0.000072372 0.000072119 0.000129793 0.000165368 0.000085584 0.000072219 0.000072338 0.000072330 0.000072275 0.000071968 
[7] 0.000072102 0.000072139 0.000087565 0.000090877 0.000093544 0.000079581 0.000072743 0.000085106 0.000073915 0.000074065 
[8] 0.000073524 0.000074733 0.000074855 0.000073960 0.000074115 0.000074146 0.000074467 0.000073769 0.000081113 0.000073893 
[9] 0.000123682 0.000073649 0.000073934 0.000074150 0.000073800 0.000073858 0.000074004 0.000073566 0.000073610 0.000074045 
[AVERAGE] 0.000079048 s

FEN: 6k1/8/p7/1p6/3K4/8/PPr4P/4R3 w - - 0 1
        [0]         [1]         [2]         [3]         [4]         [5]         [6]         [7]         [8]         [9]
[0] 0.000363328 0.000330653 0.000330748 0.000362782 0.000328104 0.000327961 0.000470666 0.000387976 0.000333864 0.000327302 
[1] 0.000329903 0.000343526 0.000350970 0.000341249 0.000363282 0.000328393 0.000625944 0.000351058 0.000351044 0.000417254 
[2] 0.000519165 0.000347366 0.000327514 0.000326589 0.000338028 0.000384700 0.000333986 0.000360368 0.000325479 0.000328105 
[3] 0.000336008 0.000331288 0.000383794 0.000341585 0.000405245 0.000431721 0.000326064 0.000327177 0.000333668 0.000345082 
[4] 0.000336656 0.000342532 0.000346796 0.000358848 0.000390566 0.000336100 0.000335549 0.000344264 0.000338945 0.000337043 
[5] 0.000415479 0.000375826 0.000355683 0.000401140 0.000334721 0.000351414 0.000335641 0.000334923 0.000342516 0.000336323 
[6] 0.000334400 0.000343403 0.000373232 0.000337818 0.000355672 0.000392251 0.000335481 0.000341077 0.000335301 0.000337600 
[7] 0.000342931 0.000335012 0.000387474 0.000349648 0.000326152 0.000433513 0.000344881 0.000337401 0.000354565 0.000339114 
[8] 0.000394930 0.000420270 0.000332937 0.000340905 0.000332851 0.000333556 0.000341351 0.000343679 0.000337830 0.000341291 
[9] 0.000334714 0.000394299 0.000341928 0.000332991 0.000335676 0.000348418 0.000392143 0.000333172 0.000350608 0.000343731 
[AVERAGE] 0.000356341 s

FEN: 8/8/6R1/5p1p/5k2/7r/8/2K5 w - - 0 0
        [0]         [1]         [2]         [3]         [4]         [5]         [6]         [7]         [8]         [9]
[0] 0.000119681 0.000116466 0.000157839 0.000114712 0.000117163 0.000109914 0.000107591 0.000108220 0.000107649 0.000107808 
[1] 0.000108797 0.000108414 0.000115185 0.000106666 0.000107037 0.000107142 0.000114133 0.000106806 0.000106412 0.000107429 
[2] 0.000107458 0.000115439 0.000108463 0.000107704 0.000107453 0.000108096 0.000106380 0.000106873 0.000106140 0.000106381 
[3] 0.000112594 0.000151523 0.000121004 0.000107290 0.000135278 0.000165080 0.000191120 0.000113814 0.000107390 0.000107281 
[4] 0.000106593 0.000107241 0.000107026 0.000106719 0.000107265 0.000106948 0.000106668 0.000114318 0.000106629 0.000106050 
[5] 0.000106951 0.000105473 0.000106241 0.000106726 0.000106896 0.000106589 0.000113569 0.000114806 0.000106177 0.000107016 
[6] 0.000160083 0.000107497 0.000107216 0.000106616 0.000107163 0.000113626 0.000106312 0.000106332 0.000106447 0.000107023 
[7] 0.000110947 0.000106970 0.000107118 0.000107624 0.000146333 0.000144026 0.000136774 0.000149093 0.000120048 0.000106675 
[8] 0.000165582 0.000142245 0.000106329 0.000106119 0.000106151 0.000106308 0.000106274 0.000106800 0.000143755 0.000128590 
[9] 0.000114063 0.000106707 0.000106838 0.000106683 0.000119080 0.000106445 0.000107207 0.000107401 0.000107160 0.000114211 
[AVERAGE] 0.000114816 s

FEN: 8/6Rp/8/5k2/5p2/5K2/7r/8 b - - 0 0
        [0]         [1]         [2]         [3]         [4]         [5]         [6]         [7]         [8]         [9]
[0] 0.000279204 0.000262669 0.000263524 0.000268308 0.000386482 0.000312336 0.000304950 0.000317834 0.000262571 0.000267103 
[1] 0.000460468 0.000261484 0.000260042 0.000266437 0.000261041 0.000259805 0.000265623 0.000264895 0.000315513 0.000260324 
[2] 0.000264133 0.000260410 0.000274628 0.000260615 0.000268210 0.000306289 0.000328408 0.000266989 0.000267277 0.000315612 
[3] 0.000317916 0.000259487 0.000262038 0.000260511 0.000264409 0.000258783 0.000258686 0.000258958 0.000265969 0.000269032 
[4] 0.000258404 0.000265809 0.000341248 0.000259530 0.000260751 0.000268678 0.000269437 0.000274047 0.000293380 0.000311399 
[5] 0.000262667 0.000259500 0.000266605 0.000257427 0.000321236 0.000257245 0.000264116 0.000267346 0.000259775 0.000262950 
[6] 0.000267774 0.000259535 0.000260315 0.000261016 0.000266688 0.000269601 0.000251074 0.000318642 0.000328201 0.000250995 
[7] 0.000253359 0.000258353 0.000310174 0.000256323 0.000252163 0.000311150 0.000253373 0.000278867 0.000259950 0.000327208 
[8] 0.000373286 0.000416115 0.000301882 0.000288288 0.000269588 0.000341074 0.000437538 0.000267922 0.000258893 0.000291699 
[9] 0.000258729 0.000265635 0.000261539 0.000287364 0.000260589 0.000303808 0.000316859 0.000274539 0.000270026 0.000274956 
[AVERAGE] 0.000282856 s

FEN: 6k1/3R4/5Kp1/6r1/4P3/8/8/8 b - - 0 0
        [0]         [1]         [2]         [3]         [4]         [5]         [6]         [7]         [8]         [9]
[0] 0.000119581 0.000110206 0.000108834 0.000139738 0.000114478 0.000114846 0.000107691 0.000106541 0.000107246 0.000106668 
[1] 0.000107747 0.000122051 0.000134579 0.000114466 0.000106201 0.000106879 0.000106648 0.000105618 0.000106667 0.000106570 
[2] 0.000105929 0.000108583 0.000115858 0.000107358 0.000106978 0.000106491 0.000106882 0.000107010 0.000107386 0.000106490 
[3] 0.000107136 0.000108057 0.000114609 0.000155810 0.000107699 0.000107721 0.000107442 0.000106475 0.000107589 0.000106999 
[4] 0.000113153 0.000115587 0.000106839 0.000106761 0.000106090 0.000105967 0.000107051 0.000106094 0.000107607 0.000107315 
[5] 0.000112682 0.000106997 0.000120904 0.000106600 0.000106201 0.000106287 0.000107012 0.000105665 0.000106981 0.000113665 
[6] 0.000150976 0.000150429 0.000152300 0.000106988 0.000106786 0.000106250 0.000105953 0.000113526 0.000106242 0.000106967 
[7] 0.000106271 0.000106126 0.000105689 0.000106249 0.000106879 0.000106830 0.000114224 0.000115357 0.000107090 0.000106570 
[8] 0.000105577 0.000106292 0.000106309 0.000106665 0.000107831 0.000114032 0.000108548 0.000106856 0.000107984 0.000118868 
[9] 0.000105047 0.000103072 0.000104040 0.000180788 0.000163370 0.000119334 0.000106551 0.000111392 0.000106470 0.000105567 
[AVERAGE] 0.000112195 s

FEN: 6K1/8/5P1k/2R5/1r6/8/2p5/8 w - - 0 0        [0]         [1]         [2]         [3]         [4]         [5]         [6]         [7]         [8]         [9]
[0] 0.000289217 0.000296122 0.000310490 0.000278718 0.000279486 0.000283900 0.000277377 0.000269868 0.000354120 0.000271163 
[1] 0.000272166 0.000293871 0.000277582 0.000272410 0.000331571 0.000421632 0.000279981 0.000344641 0.000345464 0.000321795 
[2] 0.000492017 0.000367008 0.000270960 0.000281255 0.000272286 0.000274951 0.000271847 0.000352138 0.000270095 0.000336876 
[3] 0.000281613 0.000274039 0.000275358 0.000277826 0.000287100 0.000296908 0.000270507 0.000352900 0.000310860 0.000301345 
[4] 0.000329469 0.000332495 0.000326564 0.000294858 0.000266174 0.000267582 0.000308311 0.000324187 0.000281881 0.000275565 
[5] 0.000298022 0.000314090 0.000283394 0.000282550 0.000290088 0.000438938 0.000303885 0.000299414 0.000272832 0.000274785 
[6] 0.000276850 0.000273461 0.000280638 0.000346714 0.000274558 0.000269349 0.000272428 0.000281361 0.000273641 0.000271002 
[7] 0.000278027 0.000283599 0.000271157 0.000364927 0.000350865 0.000266741 0.000270157 0.000279805 0.000273698 0.000270962 
[8] 0.000271456 0.000285373 0.000270290 0.000271373 0.000277951 0.000350461 0.000301733 0.000278487 0.000270486 0.000268607 
[9] 0.000273128 0.000279309 0.000388477 0.000273978 0.000280956 0.000271676 0.000279338 0.000347097 0.000359794 0.000273181 
[AVERAGE] 0.000298576 s

----------------------------------- AVERAGES ------------------------------------------


---------- REGULAR POSITIONS ----------

 [0] 0.000193493
 [1] 0.000013964
 [2] 0.000254994
 [3] 0.000331478
 [4] 0.000343856
 [5] 0.000113187
 [6] 0.000371403
 [7] 0.000679957
 [8] 0.000197824
 [9] 0.000918618
[10] 0.000571617
[11] 0.000129683
[12] 0.000152536
[13] 0.000164091
[14] 0.000159261
[15] 0.000015359
[16] 0.000058669
[17] 0.000152834
[18] 0.000020130
[19] 0.000298304
[20] 0.000145979
[21] 0.000120252
[22] 0.000167037
[23] 0.000050824
[24] 0.000189750
[25] 0.000090969
[26] 0.000070732
[27] 0.000298587
[28] 0.000020285
[29] 0.000313283
[30] 0.000096392
[31] 0.000100789
[32] 0.000063886
[33] 0.000029789
[34] 0.000117049
[35] 0.000303133
[36] 0.000065257
[37] 0.000048038
[38] 0.000089584
[39] 0.000152887
[40] 0.000126241
[41] 0.000135085
[42] 0.000079048
[43] 0.000356341
[44] 0.000114816
[45] 0.000282856
[46] 0.000112195
[47] 0.000298576

----------------------------------- AVERAGES ------------------------------------------



