FEN: rnbqkbnr/pppppppp/8/8/8/8/PPPPPPPP/RNBQKBNR w KQkq - 0 1
        [0]         [1]         [2]         [3]         [4]         [5]         [6]         [7]         [8]         [9]
[0] 0.000894808 0.000807837 0.000870073 0.001290127 0.001399809 0.001349747 0.001154874 0.000576260 0.000575707 0.000576196 
[1] 0.000576454 0.000655895 0.000576661 0.000576416 0.000633396 0.000692840 0.000597530 0.000684226 0.000562507 0.000617815 
[2] 0.000589825 0.000561570 0.000639698 0.000613579 0.000665701 0.000590627 0.000561357 0.000652706 0.000700052 0.000708721 
[3] 0.000589613 0.000589750 0.000900142 0.000589935 0.000589902 0.000562386 0.000617658 0.000562375 0.000670175 0.000661979 
[4] 0.000561690 0.000700706 0.000604682 0.000608575 0.000632845 0.000618576 0.000647217 0.000604967 0.000628317 0.000922239 
[5] 0.000576096 0.000576538 0.000611471 0.000576058 0.000613956 0.000575737 0.000575865 0.000576085 0.000619629 0.000625901 
[6] 0.000576313 0.000576211 0.000576081 0.000666282 0.000999607 0.001173501 0.001312303 0.000914222 0.000576119 0.000576094 
[7] 0.000576337 0.000576159 0.000632320 0.000624224 0.000576684 0.000634819 0.000589788 0.000680051 0.000606144 0.000576533 
[8] 0.000576546 0.000721303 0.000576078 0.000608857 0.000575793 0.000576297 0.000575892 0.000576788 0.000607799 0.000606766 
[9] 0.000632021 0.000576639 0.000576132 0.000576532 0.000581364 0.000763007 0.001042958 0.000981544 0.000639349 0.000627773 
[AVERAGE] 0.000677633 s

FEN: 6k1/5p2/6p1/8/7p/8/6PP/6K1 b - - 0 0
        [0]         [1]         [2]         [3]         [4]         [5]         [6]         [7]         [8]         [9]
[0] 0.000014008 0.000012473 0.000012245 0.000012190 0.000012168 0.000012142 0.000012048 0.000012125 0.000012166 0.000012159 
[1] 0.000012197 0.000012093 0.000012103 0.000012134 0.000012221 0.000012094 0.000012066 0.000012143 0.000012184 0.000012107 
[2] 0.000012094 0.000027211 0.000012426 0.000025006 0.000012082 0.000012108 0.000012184 0.000012131 0.000012111 0.000012158 
[3] 0.000027137 0.000025203 0.000012080 0.000012167 0.000012156 0.000012099 0.000012163 0.000012154 0.000012141 0.000012173 
[4] 0.000012126 0.000012179 0.000012106 0.000012116 0.000012164 0.000012052 0.000012113 0.000012114 0.000012136 0.000012081 
[5] 0.000012117 0.000012075 0.000012158 0.000012065 0.000012128 0.000012144 0.000012124 0.000012080 0.000012082 0.000012144 
[6] 0.000012137 0.000012079 0.000012178 0.000012111 0.000012115 0.000012123 0.000012210 0.000012176 0.000012032 0.000012145 
[7] 0.000012163 0.000012129 0.000012081 0.000012031 0.000012094 0.000012144 0.000012132 0.000012144 0.000012065 0.000012058 
[8] 0.000012176 0.000012104 0.000012201 0.000012177 0.000027080 0.000025481 0.000012517 0.000012398 0.000012424 0.000012433 
[9] 0.000012845 0.000012515 0.000012449 0.000012411 0.000012427 0.000012451 0.000012463 0.000012362 0.000012468 0.000012377 
[AVERAGE] 0.000013045 s

FEN: 3k4/2n2B2/1KP5/2B2p2/5b1p/7P/8/8 b - - 0 0
        [0]         [1]         [2]         [3]         [4]         [5]         [6]         [7]         [8]         [9]
[0] 0.000315257 0.000288203 0.000288187 0.000287487 0.000320849 0.000286800 0.000286579 0.000293504 0.000375659 0.000307725 
[1] 0.000279064 0.000279429 0.000279151 0.000306632 0.000296025 0.000398818 0.000286733 0.000286585 0.000344769 0.000316828 
[2] 0.000286342 0.000286478 0.000286005 0.000286379 0.000286241 0.000343706 0.000362416 0.000286007 0.000286423 0.000286660 
[3] 0.000286247 0.000286677 0.000286417 0.000323060 0.000286612 0.000286474 0.000286060 0.000318653 0.000286052 0.000286070 
[4] 0.000286104 0.000286077 0.000286155 0.000342613 0.000286189 0.000286376 0.000286035 0.000296266 0.000279253 0.000414309 
[5] 0.000475049 0.000387081 0.000349164 0.000361314 0.000307498 0.000279308 0.000322317 0.000278974 0.000372042 0.000384607 
[6] 0.000357478 0.000286280 0.000286076 0.000286762 0.000357642 0.000326737 0.000286371 0.000333726 0.000333005 0.000286465 
[7] 0.000298469 0.000279482 0.000279304 0.000279287 0.000362833 0.000279003 0.000374265 0.000305903 0.000296401 0.000318778 
[8] 0.000286386 0.000286189 0.000342134 0.000286715 0.000286519 0.000286677 0.000286868 0.000344385 0.000286540 0.000286144 
[9] 0.000316496 0.000286156 0.000286506 0.000286463 0.000414629 0.000286435 0.000286449 0.000286531 0.000286414 0.000286828 
[AVERAGE] 0.000308357 s

FEN: r7/4R2P/3p4/3k1K2/2p5/8/8/8 b - - 0 0
        [0]         [1]         [2]         [3]         [4]         [5]         [6]         [7]         [8]         [9]
[0] 0.000283212 0.000325056 0.000279445 0.000278322 0.000277913 0.000277433 0.000278117 0.000277382 0.000277060 0.000277712 
[1] 0.000277234 0.000276841 0.000415270 0.000392969 0.000306757 0.000278146 0.000277394 0.000287431 0.000270526 0.000269939 
[2] 0.000340384 0.000286453 0.000352553 0.000504703 0.000483468 0.000487660 0.000450024 0.000569091 0.000272604 0.000271938 
[3] 0.000299165 0.000277360 0.000314343 0.000326868 0.000306438 0.000278109 0.000278515 0.000288176 0.000270943 0.000271308 
[4] 0.000299102 0.000283340 0.000277289 0.000324838 0.000332893 0.000277291 0.000278004 0.000277282 0.000277576 0.000277936 
[5] 0.000278111 0.000277265 0.000277475 0.000278463 0.000278153 0.000322590 0.000277971 0.000361683 0.000277422 0.000277946 
[6] 0.000277502 0.000278172 0.000278273 0.000451075 0.000278208 0.000280192 0.000277820 0.000278334 0.000278252 0.000277528 
[7] 0.000276999 0.000278015 0.000277608 0.000277353 0.000277201 0.000277019 0.000286672 0.000274158 0.000326924 0.000312090 
[8] 0.000270913 0.000360619 0.000284968 0.000272050 0.000271679 0.000299103 0.000270384 0.000270195 0.000270389 0.000370731 
[9] 0.000300252 0.000344394 0.000422015 0.000479659 0.000491212 0.000440424 0.000577959 0.000382605 0.000300897 0.000283073 
[AVERAGE] 0.000314098 s

FEN: 8/8/5p2/1P1K1k2/8/2r5/8/7R w - - 0 0
        [0]         [1]         [2]         [3]         [4]         [5]         [6]         [7]         [8]         [9]
[0] 0.000252765 0.000311695 0.000324010 0.000251489 0.000251201 0.000279115 0.000250976 0.000268048 0.000304295 0.000257350 
[1] 0.000257454 0.000257506 0.000257518 0.000257189 0.000257312 0.000316109 0.000257468 0.000257305 0.000257563 0.000257801 
[2] 0.000257328 0.000303013 0.000257621 0.000257575 0.000257568 0.000257390 0.000257520 0.000364562 0.000314991 0.000257746 
[3] 0.000257576 0.000257247 0.000257485 0.000322215 0.000385838 0.000285884 0.000257334 0.000257474 0.000257612 0.000257045 
[4] 0.000257612 0.000257391 0.000257260 0.000257292 0.000257755 0.000290469 0.000257325 0.000257624 0.000257267 0.000257240 
[5] 0.000257314 0.000257463 0.000257402 0.000300033 0.000315244 0.000257524 0.000257103 0.000302992 0.000257462 0.000257543 
[6] 0.000257453 0.000257389 0.000257482 0.000257503 0.000257681 0.000257369 0.000328828 0.000411555 0.000381076 0.000457414 
[7] 0.000440766 0.000459927 0.000258060 0.000257749 0.000257299 0.000287666 0.000257645 0.000257628 0.000257516 0.000295256 
[8] 0.000257578 0.000257471 0.000257385 0.000257402 0.000257546 0.000257178 0.000257576 0.000257253 0.000321835 0.000257118 
[9] 0.000257665 0.000357419 0.000270668 0.000257649 0.000257635 0.000257552 0.000257095 0.000257439 0.000257159 0.000257597 
[AVERAGE] 0.000277720 s

FEN: 5n2/R7/4pk2/8/5PK1/8/8/8 b - - 0 0
        [0]         [1]         [2]         [3]         [4]         [5]         [6]         [7]         [8]         [9]
[0] 0.000074263 0.000072627 0.000071998 0.000071678 0.000071430 0.000071402 0.000101215 0.000071041 0.000071054 0.000071138 
[1] 0.000070985 0.000071105 0.000070940 0.000071387 0.000071033 0.000071235 0.000090550 0.000099178 0.000112837 0.000071078 
[2] 0.000071077 0.000070984 0.000071233 0.000071199 0.000071212 0.000071017 0.000071136 0.000071256 0.000070963 0.000071200 
[3] 0.000071108 0.000071105 0.000070958 0.000071169 0.000071044 0.000070955 0.000071309 0.000071186 0.000071179 0.000155294 
[4] 0.000114114 0.000071223 0.000070953 0.000070963 0.000071126 0.000071095 0.000071035 0.000071141 0.000070973 0.000071053 
[5] 0.000071331 0.000071013 0.000070967 0.000071027 0.000071126 0.000081903 0.000069227 0.000069371 0.000069193 0.000069329 
[6] 0.000103608 0.000082590 0.000097518 0.000082809 0.000097500 0.000069281 0.000069655 0.000069411 0.000069398 0.000069259 
[7] 0.000069293 0.000069443 0.000069254 0.000097696 0.000071111 0.000104674 0.000069302 0.000069389 0.000083937 0.000084075 
[8] 0.000082398 0.000069299 0.000069403 0.000069467 0.000069435 0.000069621 0.000069309 0.000069272 0.000097412 0.000069518 
[9] 0.000069488 0.000069705 0.000097525 0.000069281 0.000069538 0.000084198 0.000114258 0.000083267 0.000069404 0.000069316 
[AVERAGE] 0.000076532 s

FEN: 3Q4/8/1k6/7p/p1p4P/2q3PB/7K/8 b - - 0 0
        [0]         [1]         [2]         [3]         [4]         [5]         [6]         [7]         [8]         [9]
[0] 0.000860360 0.000732813 0.000732198 0.000702237 0.000830886 0.000904333 0.000771632 0.000847474 0.000999220 0.000853524 
[1] 0.000715840 0.000757601 0.000779480 0.000802164 0.000727437 0.000770675 0.000861453 0.000829313 0.000784584 0.000701006 
[2] 0.000892373 0.000770806 0.000743258 0.000716256 0.000770495 0.000846864 0.000793849 0.000856837 0.000701195 0.000761471 
[3] 0.000770783 0.000748182 0.001152178 0.001198312 0.000738254 0.000721228 0.000720046 0.000756173 0.000718754 0.000719510 
[4] 0.000805823 0.000754180 0.000721055 0.000749566 0.000738915 0.000728955 0.000837293 0.000894714 0.000732057 0.000732494 
[5] 0.000736906 0.000729503 0.000775802 0.000729676 0.000804060 0.000742487 0.000701309 0.000757744 0.000772538 0.001237462 
[6] 0.001484408 0.001509097 0.001517522 0.001557667 0.001669669 0.001420428 0.000719247 0.000721585 0.000719860 0.000834338 
[7] 0.000750151 0.000818600 0.000734605 0.000732101 0.000721668 0.000718775 0.000778751 0.000718460 0.000727954 0.000803167 
[8] 0.000847475 0.000700959 0.000855511 0.000896503 0.000757125 0.000745054 0.000742643 0.000798655 0.000729235 0.000732832 
[9] 0.000784531 0.000827438 0.000778743 0.000735269 0.000719306 0.000719081 0.000784676 0.000806524 0.000720667 0.000719806 
[AVERAGE] 0.000828037 s

FEN: 4q3/2R4P/5R2/1p6/p3k3/P7/KP6/8 b - - 0 0
        [0]         [1]         [2]         [3]         [4]         [5]         [6]         [7]         [8]         [9]
[0] 0.000769664 0.000731726 0.000728896 0.000756324 0.000847049 0.000767355 0.000737506 0.000749988 0.001193599 0.001111619 
[1] 0.001054088 0.000710640 0.000830248 0.000767756 0.000751090 0.000709338 0.000949067 0.000741009 0.000726963 0.000726897 
[2] 0.000727024 0.000791533 0.000727603 0.000878516 0.000726988 0.000779583 0.000755413 0.000726938 0.000725862 0.000725932 
[3] 0.000924956 0.000727679 0.000758125 0.000859048 0.001242025 0.001022312 0.000998050 0.000777189 0.000728093 0.000728230 
[4] 0.000727201 0.000829774 0.000743589 0.000839764 0.000727110 0.000726273 0.000756460 0.000744554 0.000755204 0.000726865 
[5] 0.000915683 0.000754909 0.000726432 0.000726598 0.000728970 0.000725658 0.000726002 0.000809421 0.000727534 0.000729426 
[6] 0.000726867 0.000942486 0.001069252 0.001053097 0.000729246 0.000728602 0.000728402 0.000776732 0.000726903 0.000756391 
[7] 0.000800771 0.000756767 0.000726652 0.000725850 0.000726322 0.000745494 0.000777159 0.000869079 0.000756546 0.000736840 
[8] 0.000830272 0.000736479 0.000708811 0.000805175 0.000797784 0.000735717 0.000708804 0.000878524 0.000931959 0.000726555 
[9] 0.000726978 0.000895072 0.000736063 0.000855881 0.000736476 0.000735939 0.000809133 0.000929593 0.000736804 0.000750785 
[AVERAGE] 0.000794716 s

FEN: R7/8/5rk1/5p2/1p5P/5KP1/P7/8 b - - 0 0
        [0]         [1]         [2]         [3]         [4]         [5]         [6]         [7]         [8]         [9]
[0] 0.000233453 0.000189553 0.000189426 0.000217171 0.000216723 0.000234192 0.000188814 0.000188595 0.000233049 0.000188726 
[1] 0.000188501 0.000188672 0.000188572 0.000244952 0.000188821 0.000188415 0.000188668 0.000346708 0.000302999 0.000193443 
[2] 0.000213044 0.000207170 0.000193391 0.000193023 0.000193498 0.000193372 0.000193279 0.000193463 0.000193505 0.000193155 
[3] 0.000193194 0.000193289 0.000193372 0.000193205 0.000193202 0.000193409 0.000193490 0.000195699 0.000221577 0.000193242 
[4] 0.000193226 0.000193544 0.000193247 0.000264499 0.000193461 0.000193657 0.000193591 0.000193467 0.000193820 0.000193315 
[5] 0.000193103 0.000193297 0.000193378 0.000236360 0.000237668 0.000193238 0.000193509 0.000207739 0.000195051 0.000221708 
[6] 0.000285714 0.000313759 0.000247649 0.000320353 0.000294208 0.000307233 0.000343031 0.000235714 0.000216404 0.000188832 
[7] 0.000188502 0.000188477 0.000188325 0.000229520 0.000188758 0.000188492 0.000188600 0.000188591 0.000258706 0.000229402 
[8] 0.000188502 0.000188484 0.000188581 0.000295176 0.000203353 0.000188620 0.000188452 0.000247639 0.000243747 0.000188411 
[9] 0.000188627 0.000300156 0.000202045 0.000188737 0.000188500 0.000188281 0.000202930 0.000201914 0.000188751 0.000236281 
[AVERAGE] 0.000212984 s

FEN: 3k4/5ppp/2q5/3p2r1/8/1Q3P2/P4P1P/3R3K w - - 0 1
        [0]         [1]         [2]         [3]         [4]         [5]         [6]         [7]         [8]         [9]
[0] 0.001603914 0.001685073 0.001714993 0.001707746 0.001554921 0.001706897 0.001713346 0.002227131 0.001840668 0.001638484 
[1] 0.001585364 0.001685010 0.001619466 0.001893271 0.001711974 0.001603499 0.001554072 0.001674170 0.001584226 0.001644347 
[2] 0.001599208 0.001655383 0.001641522 0.001560959 0.001625763 0.001646173 0.001703548 0.001749036 0.001627749 0.001635283 
[3] 0.001766650 0.001675428 0.002152224 0.003244043 0.003420552 0.001783088 0.001604476 0.001677238 0.001554079 0.001672315 
[4] 0.001553532 0.001747514 0.001656676 0.002659475 0.001873872 0.001681677 0.001691053 0.001554315 0.001658225 0.001554751 
[5] 0.001733354 0.001555489 0.001630743 0.001728169 0.001615704 0.002186303 0.001948790 0.001634595 0.001599747 0.001613429 
[6] 0.001642164 0.001680153 0.001767442 0.001553025 0.001598578 0.001635587 0.001595786 0.001718317 0.001599041 0.001720001 
[7] 0.001650510 0.001553350 0.001773499 0.001609061 0.001626896 0.001698900 0.001697908 0.001579520 0.001680988 0.001579293 
[8] 0.001763383 0.002292678 0.001621992 0.001553640 0.001638911 0.001551766 0.001672784 0.001612868 0.001746651 0.001556748 
[9] 0.001648198 0.001692453 0.001664910 0.002234422 0.003250789 0.003271912 0.001712937 0.001609177 0.001732532 0.001553555 
[AVERAGE] 0.001761630 s

FEN: 4R3/1k6/1p2P1p1/p7/4r3/1P1r4/1K6/2R5 w - - 0 0
        [0]         [1]         [2]         [3]         [4]         [5]         [6]         [7]         [8]         [9]
[0] 0.001086626 0.001008695 0.001008335 0.001108570 0.001007590 0.001006555 0.001234226 0.001151150 0.001196211 0.001041939 
[1] 0.001095234 0.001009380 0.001260673 0.001082813 0.001037784 0.001051984 0.001063695 0.001108663 0.001037308 0.001006378 
[2] 0.001035099 0.001065273 0.001064615 0.001005842 0.001011067 0.001142210 0.001772335 0.001326887 0.001039302 0.001093098 
[3] 0.001057235 0.000999580 0.001149922 0.001097339 0.001098132 0.001005863 0.001111637 0.001078791 0.001034505 0.001038813 
[4] 0.001006568 0.001005711 0.001139545 0.001050859 0.001006451 0.001334265 0.001366413 0.001007523 0.001041493 0.001006902 
[5] 0.001006281 0.001149284 0.001005860 0.001006368 0.001023759 0.001040068 0.001224535 0.001006165 0.001037800 0.001006906 
[6] 0.001006635 0.001147065 0.001009520 0.001050974 0.001256063 0.001243733 0.001336498 0.001091985 0.001098227 0.001463984 
[7] 0.001154747 0.001007563 0.001026294 0.001068627 0.001008528 0.001080770 0.001123640 0.001066037 0.001006485 0.001009439 
[8] 0.001034900 0.001035460 0.001036242 0.001040429 0.001086362 0.001054648 0.001137059 0.001006325 0.001037601 0.001023158 
[9] 0.001123885 0.001115767 0.001053981 0.001066257 0.001053048 0.001212932 0.001166997 0.001032219 0.001077019 0.001009395 
[AVERAGE] 0.001089646 s

FEN: 5k2/R7/3K4/4p3/5P2/8/8/5r2 w - - 0 0
        [0]         [1]         [2]         [3]         [4]         [5]         [6]         [7]         [8]         [9]
[0] 0.000318225 0.000217163 0.000216583 0.000302336 0.000263745 0.000220708 0.000220564 0.000231736 0.000242591 0.000215137 
[1] 0.000215436 0.000229780 0.000299581 0.000243088 0.000214977 0.000349235 0.000455838 0.000306299 0.000288753 0.000249150 
[2] 0.000263167 0.000222561 0.000302028 0.000353908 0.000275141 0.000220315 0.000220470 0.000220520 0.000220495 0.000221184 
[3] 0.000283540 0.000220631 0.000220387 0.000220257 0.000221174 0.000220442 0.000220576 0.000220164 0.000220413 0.000248562 
[4] 0.000220382 0.000220568 0.000220488 0.000220236 0.000250621 0.000220508 0.000277336 0.000220270 0.000220083 0.000220105 
[5] 0.000220448 0.000220233 0.000220642 0.000220145 0.000220474 0.000220572 0.000220435 0.000220450 0.000239936 0.000224174 
[6] 0.000220882 0.000220676 0.000220454 0.000220297 0.000220616 0.000220388 0.000220409 0.000220369 0.000220372 0.000282136 
[7] 0.000356055 0.000220707 0.000220821 0.000223597 0.000220417 0.000220556 0.000220235 0.000220375 0.000220364 0.000220248 
[8] 0.000220529 0.000220462 0.000220521 0.000220221 0.000229152 0.000215153 0.000215068 0.000214937 0.000247165 0.000214876 
[9] 0.000214781 0.000215010 0.000279081 0.000303561 0.000215022 0.000215159 0.000242676 0.000214813 0.000215101 0.000274108 
[AVERAGE] 0.000238523 s

FEN: 5k2/1R6/4p1p1/1pr3Pp/7P/1K6/8/8 w - - 0 0
        [0]         [1]         [2]         [3]         [4]         [5]         [6]         [7]         [8]         [9]
[0] 0.000237108 0.000234692 0.000218102 0.000190048 0.000177220 0.000206252 0.000190059 0.000219677 0.000330325 0.000263980 
[1] 0.000209803 0.000181479 0.000251293 0.000237030 0.000256821 0.000183220 0.000268877 0.000328680 0.000194697 0.000181289 
[2] 0.000181105 0.000181297 0.000180789 0.000209372 0.000180902 0.000181261 0.000181165 0.000211210 0.000249793 0.000198949 
[3] 0.000185905 0.000201719 0.000199545 0.000233474 0.000181399 0.000181185 0.000181402 0.000180963 0.000209773 0.000209245 
[4] 0.000181082 0.000181087 0.000194758 0.000181232 0.000181038 0.000181234 0.000180936 0.000181031 0.000181178 0.000181058 
[5] 0.000181033 0.000215692 0.000181318 0.000181087 0.000180947 0.000181201 0.000181338 0.000180987 0.000181063 0.000181009 
[6] 0.000181145 0.000180801 0.000189976 0.000188902 0.000181241 0.000181224 0.000181065 0.000181000 0.000181101 0.000300514 
[7] 0.000411391 0.000200275 0.000181491 0.000181271 0.000181023 0.000181038 0.000180825 0.000181092 0.000180954 0.000181227 
[8] 0.000181347 0.000181147 0.000181108 0.000180752 0.000180948 0.000181234 0.000230333 0.000181309 0.000181350 0.000180802 
[9] 0.000181324 0.000180890 0.000180860 0.000181250 0.000181577 0.000181301 0.000209046 0.000181067 0.000194740 0.000181453 
[AVERAGE] 0.000198728 s

FEN: 5k2/8/p7/4K1P1/P4R2/6r1/8/8 b - - 0 0
        [0]         [1]         [2]         [3]         [4]         [5]         [6]         [7]         [8]         [9]
[0] 0.000181647 0.000180298 0.000179943 0.000201067 0.000221076 0.000178146 0.000178921 0.000178517 0.000178515 0.000178579 
[1] 0.000179169 0.000178952 0.000178643 0.000178832 0.000178795 0.000196925 0.000268952 0.000178674 0.000178679 0.000188558 
[2] 0.000173831 0.000238335 0.000271083 0.000254293 0.000236231 0.000319397 0.000218591 0.000174611 0.000174493 0.000173689 
[3] 0.000174582 0.000202320 0.000174317 0.000174623 0.000173849 0.000174888 0.000174829 0.000290729 0.000174384 0.000246730 
[4] 0.000174192 0.000203492 0.000203215 0.000174391 0.000174069 0.000215921 0.000274846 0.000229165 0.000174927 0.000174391 
[5] 0.000173703 0.000201925 0.000244434 0.000221384 0.000174806 0.000174235 0.000204386 0.000186871 0.000174504 0.000174358 
[6] 0.000174915 0.000174159 0.000246262 0.000186358 0.000174229 0.000174394 0.000217237 0.000202661 0.000187201 0.000178738 
[7] 0.000179069 0.000247381 0.000178911 0.000178794 0.000208375 0.000206489 0.000178787 0.000178932 0.000179281 0.000187182 
[8] 0.000259211 0.000178924 0.000178863 0.000179038 0.000178932 0.000178535 0.000178566 0.000179087 0.000227902 0.000178783 
[9] 0.000179040 0.000178914 0.000178792 0.000178660 0.000178945 0.000178857 0.000178795 0.000178574 0.000178685 0.000178799 
[AVERAGE] 0.000194332 s

FEN: 8/8/8/p2r1k2/7p/PP1RK3/6P1/8 b - - 0 0
        [0]         [1]         [2]         [3]         [4]         [5]         [6]         [7]         [8]         [9]
[0] 0.000190259 0.000188826 0.000187432 0.000186518 0.000186663 0.000186249 0.000190017 0.000186285 0.000200196 0.000186032 
[1] 0.000186152 0.000217010 0.000186230 0.000186363 0.000186158 0.000186043 0.000186282 0.000185798 0.000186112 0.000186068 
[2] 0.000185814 0.000185836 0.000194079 0.000181152 0.000416473 0.000347776 0.000186562 0.000215482 0.000214619 0.000201345 
[3] 0.000199818 0.000232994 0.000201512 0.000317366 0.000241370 0.000181621 0.000182376 0.000197929 0.000237028 0.000186232 
[4] 0.000187013 0.000186282 0.000217633 0.000214789 0.000216692 0.000186003 0.000186292 0.000186306 0.000195632 0.000181455 
[5] 0.000181634 0.000181376 0.000210353 0.000210632 0.000190678 0.000185875 0.000186388 0.000186114 0.000219391 0.000181691 
[6] 0.000237447 0.000181492 0.000209319 0.000181362 0.000181404 0.000181245 0.000181521 0.000181370 0.000221993 0.000186003 
[7] 0.000185973 0.000185765 0.000190888 0.000185845 0.000222393 0.000181426 0.000181804 0.000181645 0.000232736 0.000288485 
[8] 0.000195758 0.000181540 0.000181538 0.000252575 0.000194409 0.000181530 0.000181751 0.000427892 0.000181574 0.000181560 
[9] 0.000181320 0.000196594 0.000251051 0.000186276 0.000185984 0.000186160 0.000185875 0.000185957 0.000185916 0.000186102 
[AVERAGE] 0.000202518 s

FEN: 8/8/8/1P4p1/5k2/5p2/P6K/8 b - - 0 0
        [0]         [1]         [2]         [3]         [4]         [5]         [6]         [7]         [8]         [9]
[0] 0.000018629 0.000017223 0.000017007 0.000016898 0.000016772 0.000016782 0.000016606 0.000016738 0.000016690 0.000016731 
[1] 0.000016737 0.000016712 0.000016769 0.000016663 0.000016830 0.000016674 0.000016734 0.000016939 0.000016783 0.000016740 
[2] 0.000016707 0.000016649 0.000016697 0.000016685 0.000017053 0.000016659 0.000016691 0.000016651 0.000016709 0.000016633 
[3] 0.000016656 0.000016711 0.000016711 0.000016760 0.000016684 0.000016668 0.000016624 0.000029031 0.000016266 0.000016276 
[4] 0.000016286 0.000016232 0.000016344 0.000016383 0.000016275 0.000016249 0.000016354 0.000016243 0.000016321 0.000016221 
[5] 0.000016282 0.000016224 0.000016311 0.000016268 0.000034604 0.000016857 0.000029518 0.000016309 0.000016314 0.000016277 
[6] 0.000016310 0.000016223 0.000016260 0.000016307 0.000016294 0.000016366 0.000016285 0.000016282 0.000016246 0.000016345 
[7] 0.000016233 0.000016332 0.000016315 0.000016282 0.000016294 0.000016408 0.000016264 0.000016299 0.000016304 0.000016286 
[8] 0.000016277 0.000016274 0.000016272 0.000016389 0.000016279 0.000016389 0.000031147 0.000029248 0.000016266 0.000016284 
[9] 0.000016285 0.000016308 0.000016281 0.000016391 0.000016329 0.000016296 0.000016359 0.000016373 0.000016270 0.000016404 
[AVERAGE] 0.000017211 s

FEN: 3b2k1/1p3p2/p1p5/2P4p/1P2P1p1/5p2/5P2/4RK2 w - - 0 0
        [0]         [1]         [2]         [3]         [4]         [5]         [6]         [7]         [8]         [9]
[0] 0.000120068 0.000117721 0.000117086 0.000116958 0.000116658 0.000116443 0.000144400 0.000239084 0.000130376 0.000116610 
[1] 0.000116629 0.000116667 0.000116517 0.000144523 0.000116649 0.000116728 0.000116739 0.000116450 0.000116450 0.000136235 
[2] 0.000143080 0.000158022 0.000144551 0.000116575 0.000116379 0.000116549 0.000116786 0.000116468 0.000116502 0.000144333 
[3] 0.000153243 0.000249740 0.000219957 0.000176751 0.000162608 0.000133229 0.000119760 0.000134773 0.000174073 0.000148263 
[4] 0.000120042 0.000138011 0.000241044 0.000231058 0.000266956 0.000119752 0.000159522 0.000132405 0.000119485 0.000119618 
[5] 0.000119535 0.000119639 0.000172645 0.000119667 0.000161687 0.000161921 0.000145712 0.000119674 0.000119496 0.000119501 
[6] 0.000119830 0.000161222 0.000146815 0.000119615 0.000156574 0.000143176 0.000116562 0.000116450 0.000131341 0.000129704 
[7] 0.000116543 0.000116352 0.000116545 0.000116603 0.000116380 0.000116375 0.000116669 0.000188353 0.000143932 0.000116547 
[8] 0.000116501 0.000116535 0.000116528 0.000172806 0.000144413 0.000116487 0.000116538 0.000129602 0.000119544 0.000119451 
[9] 0.000146460 0.000132637 0.000119466 0.000119562 0.000119495 0.000119425 0.000119528 0.000119502 0.000119425 0.000119454 
[AVERAGE] 0.000136269 s

FEN: 5k2/3R4/2K1p1p1/4P1P1/5P2/8/3r4/8 b - - 0 0
        [0]         [1]         [2]         [3]         [4]         [5]         [6]         [7]         [8]         [9]
[0] 0.000199645 0.000197216 0.000197496 0.000196664 0.000196588 0.000196473 0.000236252 0.000204184 0.000196310 0.000196026 
[1] 0.000229263 0.000196246 0.000196237 0.000196235 0.000195918 0.000259589 0.000253478 0.000196422 0.000196228 0.000229648 
[2] 0.000196132 0.000195930 0.000196515 0.000196736 0.000226917 0.000196229 0.000200446 0.000196083 0.000196294 0.000196029 
[3] 0.000196119 0.000196296 0.000196049 0.000196354 0.000195960 0.000196230 0.000196231 0.000196240 0.000196117 0.000196173 
[4] 0.000224457 0.000247757 0.000191411 0.000239055 0.000219287 0.000191488 0.000191386 0.000191378 0.000191217 0.000233022 
[5] 0.000191438 0.000191426 0.000191369 0.000191197 0.000260668 0.000191364 0.000333239 0.000425901 0.000252464 0.000196591 
[6] 0.000196541 0.000267133 0.000256316 0.000256650 0.000205259 0.000303655 0.000209222 0.000222889 0.000191465 0.000191449 
[7] 0.000280850 0.000204089 0.000241820 0.000191345 0.000219390 0.000218908 0.000191149 0.000191534 0.000191144 0.000207563 
[8] 0.000205612 0.000191366 0.000191596 0.000191397 0.000219105 0.000191321 0.000205552 0.000196339 0.000312780 0.000319972 
[9] 0.000196198 0.000196266 0.000196336 0.000196327 0.000196201 0.000196382 0.000196038 0.000196362 0.000232366 0.000224708 
[AVERAGE] 0.000213619 s

FEN: 6k1/6pp/5p2/8/5P2/P7/2K4P/8 b - - 0 0
        [0]         [1]         [2]         [3]         [4]         [5]         [6]         [7]         [8]         [9]
[0] 0.000027052 0.000026174 0.000025892 0.000025883 0.000025807 0.000025773 0.000025806 0.000025932 0.000025835 0.000025738 
[1] 0.000025891 0.000025781 0.000025832 0.000025813 0.000025892 0.000025791 0.000025797 0.000025765 0.000025849 0.000025841 
[2] 0.000025842 0.000026023 0.000025767 0.000025759 0.000025769 0.000053820 0.000026552 0.000044403 0.000025915 0.000025680 
[3] 0.000025856 0.000025821 0.000025723 0.000025861 0.000025938 0.000025815 0.000025841 0.000025841 0.000025717 0.000025941 
[4] 0.000025850 0.000025957 0.000025771 0.000025708 0.000025806 0.000034323 0.000026062 0.000030221 0.000028995 0.000025741 
[5] 0.000025819 0.000025747 0.000025814 0.000025727 0.000025770 0.000025967 0.000025938 0.000025796 0.000025737 0.000025885 
[6] 0.000025842 0.000025810 0.000025883 0.000025893 0.000025835 0.000025900 0.000025876 0.000025839 0.000025750 0.000025784 
[7] 0.000025756 0.000025949 0.000025776 0.000025849 0.000025846 0.000025834 0.000025748 0.000025823 0.000025858 0.000025868 
[8] 0.000025827 0.000025807 0.000025799 0.000025926 0.000025836 0.000025762 0.000025807 0.000025777 0.000025936 0.000025814 
[9] 0.000025773 0.000025750 0.000025800 0.000025817 0.000025794 0.000025940 0.000025843 0.000025825 0.000025831 0.000025782 
[AVERAGE] 0.000026478 s

FEN: 8/3R4/8/r3N2p/P1Pp1P2/2k2K1P/3r4/8 w - - 0 0
        [0]         [1]         [2]         [3]         [4]         [5]         [6]         [7]         [8]         [9]
[0] 0.000727217 0.000638482 0.000642001 0.000637258 0.000636521 0.000636890 0.000644440 0.000765444 0.000733172 0.000678258 
[1] 0.000662731 0.000648852 0.000659020 0.000751068 0.000690123 0.000620502 0.000892239 0.000712823 0.000648763 0.000676081 
[2] 0.000648075 0.000706348 0.000737147 0.000774563 0.000660700 0.000620282 0.000711563 0.000771397 0.000733309 0.000662235 
[3] 0.000758133 0.000800157 0.000663396 0.000650260 0.000677531 0.000654908 0.000649715 0.000736240 0.000622299 0.000719592 
[4] 0.000722087 0.000690920 0.000650718 0.000735923 0.000858793 0.000856213 0.000907120 0.000651437 0.000639249 0.000679876 
[5] 0.000638161 0.000638294 0.000638735 0.000638709 0.000685321 0.000638746 0.000666559 0.000666359 0.000638659 0.000657804 
[6] 0.000638092 0.000638868 0.000737310 0.000638271 0.000687148 0.000752253 0.000711207 0.000667959 0.000638467 0.000643101 
[7] 0.000652399 0.000638220 0.000638874 0.000638933 0.000796942 0.000859268 0.000726327 0.000929104 0.000687997 0.000639067 
[8] 0.000639005 0.000638120 0.000638585 0.000670379 0.000638113 0.000652225 0.000638629 0.000680667 0.000638539 0.001117022 
[9] 0.000683926 0.000656118 0.000890943 0.000675623 0.000719813 0.000707097 0.000753893 0.000707065 0.000654938 0.000655242 
[AVERAGE] 0.000695752 s

FEN: 6k1/8/6r1/8/5b2/2PR4/4K3/8 w - - 0 0
        [0]         [1]         [2]         [3]         [4]         [5]         [6]         [7]         [8]         [9]
[0] 0.000293749 0.000275701 0.000275795 0.000275152 0.000274987 0.000274893 0.000311484 0.000274935 0.000274732 0.000274811 
[1] 0.000274742 0.000275006 0.000357396 0.000344134 0.000274933 0.000274870 0.000274678 0.000311047 0.000274811 0.000369388 
[2] 0.000267578 0.000267507 0.000267673 0.000267580 0.000267693 0.000267672 0.000267776 0.000267570 0.000267651 0.000317236 
[3] 0.000267779 0.000267784 0.000267910 0.000267845 0.000267889 0.000267835 0.000267827 0.000295619 0.000281268 0.000267676 
[4] 0.000268463 0.000302974 0.000267874 0.000267760 0.000267684 0.000267652 0.000267707 0.000267828 0.000267497 0.000275705 
[5] 0.000273565 0.000267896 0.000267846 0.000267692 0.000316114 0.000267853 0.000267984 0.000275685 0.000342952 0.000268128 
[6] 0.000267957 0.000267815 0.000267871 0.000267902 0.000267766 0.000267768 0.000376221 0.000267648 0.000267726 0.000267806 
[7] 0.000306903 0.000280260 0.000267715 0.000267704 0.000267642 0.000267675 0.000275790 0.000308281 0.000267786 0.000267652 
[8] 0.000267714 0.000267712 0.000267695 0.000304026 0.000267836 0.000267750 0.000267654 0.000268039 0.000267446 0.000506789 
[9] 0.000327884 0.000326678 0.000365155 0.000325279 0.000388745 0.000309796 0.000267998 0.000267617 0.000268032 0.000301385 
[AVERAGE] 0.000284846 s

FEN: 8/1p3k2/3B4/8/3b2P1/1P6/6K1/8 b - - 0 0
        [0]         [1]         [2]         [3]         [4]         [5]         [6]         [7]         [8]         [9]
[0] 0.000260501 0.000258565 0.000259115 0.000258638 0.000258102 0.000258388 0.000258517 0.000257796 0.000257505 0.000258227 
[1] 0.000258109 0.000258077 0.000298472 0.000258026 0.000332516 0.000288302 0.000258206 0.000257971 0.000257478 0.000257740 
[2] 0.000258006 0.000257576 0.000257794 0.000257795 0.000267086 0.000328442 0.000258012 0.000258088 0.000258817 0.000257433 
[3] 0.000258348 0.000257798 0.000257732 0.000266223 0.000338057 0.000258415 0.000258220 0.000262344 0.000259293 0.000258380 
[4] 0.000273328 0.000273547 0.000257668 0.000258079 0.000257918 0.000258073 0.000257743 0.000257741 0.000257771 0.000261962 
[5] 0.000257580 0.000258746 0.000258287 0.000258089 0.000271992 0.000257784 0.000257773 0.000257293 0.000257143 0.000257532 
[6] 0.000257741 0.000257647 0.000291654 0.000258056 0.000258233 0.000264358 0.000294760 0.000408391 0.000300863 0.000258896 
[7] 0.000404772 0.000342338 0.000575001 0.000331569 0.000258117 0.000258036 0.000258330 0.000257816 0.000258306 0.000257380 
[8] 0.000258246 0.000257944 0.000258401 0.000258632 0.000258044 0.000311583 0.000258047 0.000258021 0.000257867 0.000258007 
[9] 0.000272457 0.000368840 0.000257606 0.000257859 0.000259051 0.000257630 0.000408697 0.000258061 0.000257789 0.000257685 
[AVERAGE] 0.000273929 s

FEN: 8/8/8/2p1k3/P6R/1K6/6rP/8 w - - 0 0
        [0]         [1]         [2]         [3]         [4]         [5]         [6]         [7]         [8]         [9]
[0] 0.000254449 0.000251052 0.000274185 0.000251020 0.000250475 0.000250062 0.000249717 0.000249321 0.000249922 0.000286486 
[1] 0.000262327 0.000362658 0.000262876 0.000249942 0.000249843 0.000303880 0.000291773 0.000250017 0.000249618 0.000249768 
[2] 0.000271486 0.000393681 0.000250787 0.000250379 0.000250127 0.000249805 0.000249824 0.000249572 0.000249704 0.000249947 
[3] 0.000249947 0.000308183 0.000249470 0.000249744 0.000284012 0.000249601 0.000249689 0.000249916 0.000249793 0.000250018 
[4] 0.000249870 0.000249821 0.000249534 0.000249531 0.000435896 0.000292114 0.000327397 0.000319163 0.000251067 0.000268315 
[5] 0.000367585 0.000278440 0.000249000 0.000248836 0.000248991 0.000249134 0.000248978 0.000309938 0.000296545 0.000248842 
[6] 0.000248788 0.000249095 0.000248722 0.000248550 0.000248740 0.000248793 0.000249070 0.000248824 0.000250155 0.000249143 
[7] 0.000263762 0.000312067 0.000249037 0.000248958 0.000249081 0.000248660 0.000249080 0.000249020 0.000248934 0.000248937 
[8] 0.000248987 0.000249234 0.000268855 0.000248929 0.000281775 0.000248636 0.000249066 0.000249054 0.000249216 0.000248985 
[9] 0.000248938 0.000345727 0.000299908 0.000249113 0.000249105 0.000248736 0.000248773 0.000281540 0.000249240 0.000248997 
[AVERAGE] 0.000264643 s

FEN: 6k1/5p1p/6p1/1P1n4/1K4P1/N6P/8/8 w - - 0 0
        [0]         [1]         [2]         [3]         [4]         [5]         [6]         [7]         [8]         [9]
[0] 0.000085840 0.000083357 0.000083652 0.000083307 0.000083191 0.000083356 0.000083183 0.000083115 0.000083303 0.000083494 
[1] 0.000083425 0.000083089 0.000083214 0.000083332 0.000083009 0.000083054 0.000083390 0.000083264 0.000083207 0.000083381 
[2] 0.000083053 0.000083498 0.000083345 0.000083166 0.000083202 0.000083433 0.000083272 0.000083203 0.000082973 0.000083194 
[3] 0.000083236 0.000085382 0.000083299 0.000083030 0.000083365 0.000083323 0.000111045 0.000126490 0.000083284 0.000083271 
[4] 0.000083201 0.000083257 0.000083431 0.000083127 0.000083328 0.000082917 0.000083114 0.000083330 0.000083197 0.000083241 
[5] 0.000083480 0.000083376 0.000083278 0.000083359 0.000083342 0.000083172 0.000083313 0.000083051 0.000083307 0.000083284 
[6] 0.000083505 0.000083209 0.000083439 0.000083154 0.000083255 0.000083291 0.000083157 0.000083416 0.000083460 0.000083252 
[7] 0.000085721 0.000083329 0.000083254 0.000083331 0.000083295 0.000086378 0.000154641 0.000095876 0.000083385 0.000083175 
[8] 0.000083076 0.000083098 0.000083298 0.000083144 0.000083617 0.000083170 0.000083242 0.000083144 0.000083157 0.000083336 
[9] 0.000083327 0.000083144 0.000083231 0.000083228 0.000083281 0.000083164 0.000083267 0.000083529 0.000112142 0.000133829 
[AVERAGE] 0.000085713 s

FEN: 8/k5r1/2N5/PK6/2B5/8/8/8 b - - 0 0
        [0]         [1]         [2]         [3]         [4]         [5]         [6]         [7]         [8]         [9]
[0] 0.000206288 0.000178010 0.000177440 0.000199877 0.000202458 0.000176548 0.000176426 0.000176363 0.000176334 0.000176405 
[1] 0.000176243 0.000176287 0.000176121 0.000176141 0.000176382 0.000176191 0.000176179 0.000176382 0.000176235 0.000176210 
[2] 0.000176244 0.000176075 0.000209188 0.000203728 0.000233511 0.000176430 0.000176395 0.000176129 0.000232045 0.000175968 
[3] 0.000176187 0.000176383 0.000175920 0.000176104 0.000176110 0.000176190 0.000176478 0.000176185 0.000176226 0.000176161 
[4] 0.000222483 0.000176199 0.000176226 0.000192017 0.000176364 0.000187721 0.000171871 0.000171812 0.000171831 0.000171732 
[5] 0.000212190 0.000171761 0.000213991 0.000171867 0.000186768 0.000198070 0.000190458 0.000307402 0.000207441 0.000189882 
[6] 0.000176323 0.000176180 0.000175988 0.000176221 0.000176332 0.000176263 0.000227544 0.000184182 0.000171839 0.000172116 
[7] 0.000217962 0.000254372 0.000171640 0.000171988 0.000171791 0.000218811 0.000199736 0.000171881 0.000171860 0.000171700 
[8] 0.000172010 0.000186838 0.000226311 0.000172034 0.000256489 0.000189123 0.000176091 0.000176080 0.000205122 0.000257383 
[9] 0.000181007 0.000181012 0.000197488 0.000176419 0.000232353 0.000233736 0.000176332 0.000176401 0.000176348 0.000176548 
[AVERAGE] 0.000188341 s

FEN: 6k1/8/5K2/8/5P1R/r6P/8/8 b - - 0 0
        [0]         [1]         [2]         [3]         [4]         [5]         [6]         [7]         [8]         [9]
[0] 0.000136139 0.000165932 0.000241553 0.000206229 0.000175833 0.000162081 0.000133420 0.000133460 0.000190744 0.000188980 
[1] 0.000170600 0.000219810 0.000178633 0.000211500 0.000146463 0.000133061 0.000133281 0.000133234 0.000133161 0.000133016 
[2] 0.000133180 0.000132986 0.000133275 0.000133111 0.000133355 0.000133405 0.000133327 0.000133281 0.000133318 0.000133414 
[3] 0.000133407 0.000133361 0.000133065 0.000170846 0.000148660 0.000133622 0.000133242 0.000133039 0.000133044 0.000133803 
[4] 0.000132994 0.000133104 0.000133186 0.000133367 0.000133355 0.000133351 0.000133263 0.000133200 0.000133075 0.000133599 
[5] 0.000133336 0.000191690 0.000133082 0.000133568 0.000133372 0.000133347 0.000133286 0.000181573 0.000133516 0.000133388 
[6] 0.000133200 0.000133097 0.000133092 0.000133091 0.000198037 0.000133881 0.000133873 0.000133280 0.000133377 0.000133301 
[7] 0.000139066 0.000182608 0.000133209 0.000133071 0.000133181 0.000133142 0.000133283 0.000133215 0.000133303 0.000133138 
[8] 0.000133346 0.000185206 0.000145893 0.000160265 0.000133315 0.000133183 0.000133776 0.000133086 0.000148907 0.000219264 
[9] 0.000147011 0.000133298 0.000147428 0.000136725 0.000136923 0.000136871 0.000136535 0.000136672 0.000136828 0.000148553 
[AVERAGE] 0.000145271 s

FEN: 8/8/4k1KP/p5P1/r7/8/8/8 w - - 0 0
        [0]         [1]         [2]         [3]         [4]         [5]         [6]         [7]         [8]         [9]
[0] 0.000031613 0.000030316 0.000030149 0.000030099 0.000029931 0.000029787 0.000029818 0.000029815 0.000029819 0.000029897 
[1] 0.000029902 0.000029862 0.000029844 0.000029856 0.000029851 0.000029810 0.000029885 0.000029831 0.000029899 0.000032346 
[2] 0.000063199 0.000042843 0.000029865 0.000029831 0.000029923 0.000029855 0.000029884 0.000029886 0.000029902 0.000029834 
[3] 0.000029765 0.000029747 0.000029832 0.000029926 0.000029771 0.000029845 0.000029798 0.000029795 0.000029791 0.000029822 
[4] 0.000029870 0.000029802 0.000029879 0.000029795 0.000029834 0.000029873 0.000029847 0.000029816 0.000029743 0.000029841 
[5] 0.000029791 0.000029849 0.000029819 0.000029827 0.000029833 0.000029828 0.000029903 0.000029887 0.000029889 0.000029903 
[6] 0.000029851 0.000029762 0.000029831 0.000029844 0.000029843 0.000029839 0.000029861 0.000029889 0.000029859 0.000029738 
[7] 0.000029851 0.000029926 0.000029800 0.000029870 0.000029802 0.000029818 0.000029825 0.000029886 0.000029842 0.000029774 
[8] 0.000029792 0.000029833 0.000029851 0.000029918 0.000029910 0.000029963 0.000029777 0.000029830 0.000029824 0.000029881 
[9] 0.000029906 0.000029876 0.000029823 0.000029760 0.000029969 0.000029836 0.000029756 0.000029775 0.000029854 0.000029842 
[AVERAGE] 0.000030360 s

FEN: 1R6/p2r4/2ppkp2/6p1/2PKP2p/P4P2/6PP/8 b - - 0 0
        [0]         [1]         [2]         [3]         [4]         [5]         [6]         [7]         [8]         [9]
[0] 0.000442591 0.000577265 0.000438407 0.000465955 0.000468138 0.000436965 0.000437386 0.000510319 0.000584365 0.000600493 
[1] 0.000510644 0.000468348 0.000649809 0.000436941 0.000436623 0.000520562 0.000448273 0.000447736 0.000450384 0.000436639 
[2] 0.000436456 0.000436535 0.000493739 0.000493427 0.000436295 0.000436706 0.000436008 0.000436274 0.000436373 0.000574147 
[3] 0.000436695 0.000436231 0.000436502 0.000494564 0.000437090 0.000605195 0.000486484 0.000436032 0.000443794 0.000436760 
[4] 0.000436472 0.000436200 0.000436485 0.000436359 0.000483367 0.000436607 0.000509454 0.000436372 0.000495322 0.000463148 
[5] 0.000436707 0.000484842 0.000465087 0.000567494 0.000436754 0.000436407 0.000436854 0.000464515 0.000527940 0.000437066 
[6] 0.000436263 0.000436299 0.000435926 0.000468779 0.000436240 0.000466951 0.000436600 0.000436180 0.000436339 0.000493155 
[7] 0.000436124 0.000436351 0.000436736 0.000472114 0.000436833 0.000436843 0.000436974 0.000444496 0.000444299 0.000436660 
[8] 0.000490018 0.000660487 0.000627889 0.000563746 0.000568000 0.000620354 0.000548578 0.000669886 0.000570317 0.000492792 
[9] 0.000493262 0.000506832 0.000479139 0.000490455 0.000436306 0.000497742 0.000438438 0.000625473 0.000525873 0.000569714 
[AVERAGE] 0.000480721 s

FEN: 8/7p/6p1/8/k7/8/2K3P1/8 b - - 0 0
        [0]         [1]         [2]         [3]         [4]         [5]         [6]         [7]         [8]         [9]
[0] 0.000020154 0.000019131 0.000060540 0.000019305 0.000019015 0.000019445 0.000019231 0.000031426 0.000018151 0.000018309 
[1] 0.000018413 0.000018214 0.000018084 0.000018084 0.000018204 0.000033581 0.000031074 0.000018099 0.000018087 0.000018140 
[2] 0.000042524 0.000041580 0.000033913 0.000018762 0.000069636 0.000063361 0.000018563 0.000018636 0.000018897 0.000018680 
[3] 0.000018602 0.000018744 0.000031211 0.000018150 0.000018155 0.000018190 0.000018169 0.000018198 0.000018120 0.000018109 
[4] 0.000018162 0.000018125 0.000018092 0.000018082 0.000018116 0.000018146 0.000018134 0.000018194 0.000018049 0.000018113 
[5] 0.000018173 0.000018125 0.000018076 0.000018088 0.000018079 0.000018171 0.000018155 0.000018094 0.000018153 0.000018075 
[6] 0.000018144 0.000018082 0.000018149 0.000018184 0.000018206 0.000018207 0.000018103 0.000018082 0.000018113 0.000018061 
[7] 0.000018301 0.000018107 0.000018148 0.000018099 0.000018096 0.000018120 0.000018112 0.000018121 0.000018114 0.000018130 
[8] 0.000018086 0.000018050 0.000018100 0.000018050 0.000018116 0.000018063 0.000018161 0.000018084 0.000018078 0.000018143 
[9] 0.000018185 0.000018144 0.000018122 0.000018131 0.000018168 0.000018102 0.000018211 0.000018106 0.000018128 0.000018075 
[AVERAGE] 0.000020823 s

FEN: R7/8/8/6p1/4k3/3rPp1P/8/6K1 b - - 0 0
        [0]         [1]         [2]         [3]         [4]         [5]         [6]         [7]         [8]         [9]
[0] 0.000226665 0.000223634 0.000335918 0.000228463 0.000227830 0.000227527 0.000239266 0.000221763 0.000221840 0.000221524 
[1] 0.000221724 0.000221477 0.000221502 0.000221567 0.000221756 0.000231067 0.000227840 0.000253740 0.000221314 0.000221125 
[2] 0.000221681 0.000221291 0.000221539 0.000221260 0.000221506 0.000221264 0.000221428 0.000222047 0.000221699 0.000221644 
[3] 0.000221682 0.000256744 0.000285562 0.000221689 0.000221413 0.000221429 0.000221489 0.000221804 0.000221599 0.000322571 
[4] 0.000221955 0.000221935 0.000221987 0.000222052 0.000222132 0.000221713 0.000255372 0.000221869 0.000221762 0.000221772 
[5] 0.000222237 0.000221706 0.000221726 0.000221783 0.000221920 0.000221716 0.000222211 0.000221775 0.000254597 0.000250288 
[6] 0.000261463 0.000221994 0.000295051 0.000221546 0.000221393 0.000221621 0.000221494 0.000221357 0.000221383 0.000221674 
[7] 0.000337642 0.000221512 0.000221753 0.000221244 0.000327216 0.000264138 0.000310627 0.000307865 0.000256757 0.000319211 
[8] 0.000223496 0.000249337 0.000432450 0.000522688 0.000377067 0.000221977 0.000222032 0.000221987 0.000221880 0.000221747 
[9] 0.000222140 0.000221724 0.000221729 0.000221682 0.000221365 0.000221811 0.000221927 0.000221837 0.000221047 0.000274293 
[AVERAGE] 0.000241025 s

FEN: 8/7p/1p1k2p1/p1p2p2/8/PP2P2P/4KPP1/8 w - - 0 0
        [0]         [1]         [2]         [3]         [4]         [5]         [6]         [7]         [8]         [9]
[0] 0.000113099 0.000110769 0.000110123 0.000109823 0.000109682 0.000109639 0.000109419 0.000118901 0.000115547 0.000109170 
[1] 0.000109471 0.000109322 0.000109419 0.000109403 0.000109439 0.000109362 0.000109180 0.000109151 0.000109299 0.000109062 
[2] 0.000109386 0.000109216 0.000109233 0.000109299 0.000109150 0.000109287 0.000109307 0.000109347 0.000147007 0.000109494 
[3] 0.000109304 0.000109330 0.000109193 0.000108978 0.000109275 0.000109247 0.000109272 0.000109286 0.000109155 0.000118856 
[4] 0.000118152 0.000109392 0.000109357 0.000109135 0.000109513 0.000109231 0.000109325 0.000109426 0.000109267 0.000109181 
[5] 0.000109361 0.000109223 0.000109510 0.000109244 0.000109414 0.000117515 0.000235527 0.000137310 0.000109573 0.000109649 
[6] 0.000109585 0.000109488 0.000109263 0.000109400 0.000109412 0.000109487 0.000109465 0.000109335 0.000109353 0.000109431 
[7] 0.000109463 0.000109330 0.000109281 0.000109424 0.000109413 0.000109429 0.000109538 0.000109521 0.000109560 0.000109486 
[8] 0.000109560 0.000109405 0.000109339 0.000109532 0.000109466 0.000109444 0.000109383 0.000142119 0.000109412 0.000109488 
[9] 0.000109378 0.000109347 0.000109210 0.000109432 0.000109268 0.000109354 0.000109426 0.000109426 0.000109112 0.000109241 
[AVERAGE] 0.000112092 s

FEN: 8/p7/1P6/1r3p1k/7P/3R1KP1/8/8 b - - 0 0
        [0]         [1]         [2]         [3]         [4]         [5]         [6]         [7]         [8]         [9]
[0] 0.000228318 0.000294796 0.000223707 0.000222814 0.000222945 0.000222428 0.000222983 0.000222448 0.000263764 0.000285207 
[1] 0.000221982 0.000222199 0.000222364 0.000221783 0.000373765 0.000255443 0.000222635 0.000222363 0.000222136 0.000222456 
[2] 0.000222204 0.000269247 0.000222197 0.000280637 0.000221867 0.000222075 0.000222256 0.000316173 0.000312061 0.000222545 
[3] 0.000222312 0.000222344 0.000222555 0.000222105 0.000222173 0.000272960 0.000222068 0.000221616 0.000221982 0.000222057 
[4] 0.000221882 0.000222498 0.000251762 0.000222268 0.000222133 0.000265281 0.000222124 0.000221692 0.000221762 0.000259942 
[5] 0.000222560 0.000222605 0.000221594 0.000222522 0.000221656 0.000221741 0.000222355 0.000222187 0.000221856 0.000222370 
[6] 0.000222105 0.000238173 0.000222387 0.000221852 0.000269909 0.000222374 0.000222554 0.000221772 0.000221850 0.000309491 
[7] 0.000222117 0.000221863 0.000221912 0.000229594 0.000216295 0.000216402 0.000216447 0.000272340 0.000265303 0.000216767 
[8] 0.000216457 0.000258601 0.000217169 0.000217012 0.000216809 0.000246404 0.000256975 0.000246206 0.000230630 0.000244724 
[9] 0.000244931 0.000287737 0.000275607 0.000244550 0.000216386 0.000216626 0.000216393 0.000244524 0.000216843 0.000216743 
[AVERAGE] 0.000235556 s

FEN: 8/5p1p/pk1p2p1/2pP4/2P2P2/4K2P/1P4P1/8 w - - 0 0
        [0]         [1]         [2]         [3]         [4]         [5]         [6]         [7]         [8]         [9]
[0] 0.000084980 0.000082753 0.000082296 0.000082113 0.000082127 0.000081976 0.000109766 0.000109854 0.000081951 0.000081925 
[1] 0.000118523 0.000180196 0.000166246 0.000244258 0.000161903 0.000083958 0.000126577 0.000111237 0.000084193 0.000083904 
[2] 0.000084122 0.000083967 0.000113768 0.000114744 0.000086539 0.000087278 0.000117497 0.000099252 0.000099060 0.000097072 
[3] 0.000087676 0.000124076 0.000133111 0.000083867 0.000094114 0.000081714 0.000081893 0.000096942 0.000097317 0.000096511 
[4] 0.000081855 0.000081886 0.000081937 0.000110192 0.000108377 0.000083920 0.000083975 0.000084038 0.000123819 0.000084082 
[5] 0.000084168 0.000083861 0.000084068 0.000083983 0.000084050 0.000083913 0.000084054 0.000083823 0.000083969 0.000083911 
[6] 0.000084014 0.000084051 0.000084138 0.000084014 0.000084058 0.000083967 0.000084041 0.000083986 0.000083877 0.000084019 
[7] 0.000083915 0.000084009 0.000084055 0.000084074 0.000084139 0.000084119 0.000083977 0.000084065 0.000083903 0.000084051 
[8] 0.000083951 0.000084096 0.000084054 0.000084052 0.000084147 0.000084062 0.000084121 0.000148365 0.000084080 0.000084026 
[9] 0.000108098 0.000201896 0.000172348 0.000084482 0.000084160 0.000084014 0.000084084 0.000083960 0.000084046 0.000084142 
[AVERAGE] 0.000096218 s

FEN: 5k2/5p2/6p1/7p/P7/2K3P1/7P/8 b - - 0 0
        [0]         [1]         [2]         [3]         [4]         [5]         [6]         [7]         [8]         [9]
[0] 0.000027932 0.000027193 0.000027040 0.000026838 0.000026833 0.000026806 0.000026767 0.000026769 0.000026731 0.000026746 
[1] 0.000026858 0.000027044 0.000026762 0.000026744 0.000026808 0.000026776 0.000026906 0.000026795 0.000026804 0.000026868 
[2] 0.000026772 0.000026703 0.000026957 0.000026757 0.000026820 0.000026860 0.000026806 0.000026910 0.000026807 0.000027012 
[3] 0.000026881 0.000026801 0.000027020 0.000026828 0.000026787 0.000026807 0.000027008 0.000026833 0.000026813 0.000026804 
[4] 0.000026808 0.000026833 0.000026765 0.000026855 0.000026800 0.000026748 0.000026804 0.000026744 0.000026825 0.000026781 
[5] 0.000026802 0.000026828 0.000027042 0.000026846 0.000026743 0.000026988 0.000026861 0.000026777 0.000026803 0.000026743 
[6] 0.000027084 0.000026851 0.000026807 0.000026952 0.000027136 0.000026850 0.000027438 0.000026999 0.000042578 0.000039026 
[7] 0.000062115 0.000065954 0.000082259 0.000083020 0.000052901 0.000053038 0.000053009 0.000065023 0.000076783 0.000047702 
[8] 0.000026896 0.000026823 0.000026828 0.000026800 0.000027028 0.000027042 0.000027030 0.000026768 0.000027117 0.000026776 
[9] 0.000026737 0.000026732 0.000026803 0.000026932 0.000026884 0.000026777 0.000026832 0.000026812 0.000026890 0.000026749 
[AVERAGE] 0.000030882 s

FEN: 8/8/5K2/3kn3/6B1/7P/8/8 b - - 0 0
        [0]         [1]         [2]         [3]         [4]         [5]         [6]         [7]         [8]         [9]
[0] 0.000094168 0.000092312 0.000091799 0.000091368 0.000091198 0.000091004 0.000091088 0.000090952 0.000091004 0.000091173 
[1] 0.000091139 0.000091097 0.000097850 0.000150412 0.000166292 0.000166119 0.000162725 0.000163278 0.000158949 0.000137098 
[2] 0.000091185 0.000090927 0.000091300 0.000091067 0.000119252 0.000091564 0.000091087 0.000092162 0.000091201 0.000091077 
[3] 0.000091115 0.000091394 0.000091546 0.000091133 0.000091142 0.000090954 0.000091140 0.000091146 0.000091090 0.000091435 
[4] 0.000091084 0.000091105 0.000091144 0.000109584 0.000187472 0.000119498 0.000092153 0.000091025 0.000091009 0.000091059 
[5] 0.000091128 0.000090987 0.000097196 0.000135738 0.000091144 0.000091030 0.000091050 0.000091085 0.000091091 0.000091155 
[6] 0.000091182 0.000091371 0.000091145 0.000093313 0.000148206 0.000091096 0.000091014 0.000091210 0.000091261 0.000091037 
[7] 0.000091444 0.000091147 0.000091171 0.000091049 0.000091293 0.000091294 0.000091715 0.000091433 0.000091114 0.000090961 
[8] 0.000091074 0.000091139 0.000107793 0.000112424 0.000091527 0.000091302 0.000091110 0.000127514 0.000104324 0.000092069 
[9] 0.000091200 0.000091085 0.000091101 0.000091124 0.000147759 0.000166011 0.000153460 0.000134319 0.000120477 0.000120675 
[AVERAGE] 0.000102616 s

FEN: 8/8/7k/8/8/8/5q2/3B2RK b - - 0 1
        [0]         [1]         [2]         [3]         [4]         [5]         [6]         [7]         [8]         [9]
[0] 0.000459373 0.000507152 0.000403442 0.000536058 0.000356389 0.000315091 0.000315010 0.000314171 0.000357330 0.000327005 
[1] 0.000313870 0.000313434 0.000313951 0.000313933 0.000317610 0.000314088 0.000313252 0.000313420 0.000313414 0.000370649 
[2] 0.000313638 0.000313274 0.000313897 0.000314064 0.000318151 0.000339205 0.000314216 0.000314688 0.000313183 0.000313382 
[3] 0.000333038 0.000313668 0.000314118 0.000313355 0.000317201 0.000344216 0.000468665 0.000313759 0.000314905 0.000313247 
[4] 0.000313887 0.000314233 0.000313824 0.000313448 0.000313818 0.000346888 0.000343276 0.000312931 0.000313792 0.000313725 
[5] 0.000313293 0.000313708 0.000385625 0.000313028 0.000313756 0.000346453 0.000313500 0.000313635 0.000313329 0.000313429 
[6] 0.000313326 0.000357265 0.000369688 0.000504420 0.000447579 0.000494917 0.000609041 0.000344420 0.000315639 0.000314834 
[7] 0.000314809 0.000314274 0.000313678 0.000349438 0.000314409 0.000313452 0.000314184 0.000315616 0.000313504 0.000313075 
[8] 0.000370693 0.000313651 0.000369910 0.000315902 0.000313446 0.000313915 0.000343398 0.000313717 0.000313324 0.000313270 
[9] 0.000313310 0.000313107 0.000351140 0.000453743 0.000314897 0.000313677 0.000313309 0.000313315 0.000357025 0.000384146 
[AVERAGE] 0.000339986 s

FEN: 8/p6p/1p2p1k1/4pp2/2P5/8/PP1K1PPP/8 b - - 0 0
        [0]         [1]         [2]         [3]         [4]         [5]         [6]         [7]         [8]         [9]
[0] 0.000129304 0.000127396 0.000149376 0.000194857 0.000178706 0.000126382 0.000126707 0.000149610 0.000140384 0.000127005 
[1] 0.000126416 0.000126416 0.000126396 0.000126237 0.000126532 0.000126364 0.000126321 0.000184347 0.000154228 0.000126235 
[2] 0.000126494 0.000126500 0.000126314 0.000126639 0.000126288 0.000126113 0.000126327 0.000126364 0.000126652 0.000126391 
[3] 0.000126572 0.000126285 0.000126554 0.000131377 0.000126281 0.000126449 0.000182718 0.000126275 0.000126218 0.000126116 
[4] 0.000126282 0.000126421 0.000126267 0.000126378 0.000126200 0.000126511 0.000126401 0.000126306 0.000126134 0.000126446 
[5] 0.000126448 0.000135785 0.000128710 0.000126157 0.000126273 0.000126399 0.000126368 0.000168157 0.000203085 0.000126382 
[6] 0.000126251 0.000170075 0.000140336 0.000126107 0.000126232 0.000126208 0.000126410 0.000126311 0.000126400 0.000126379 
[7] 0.000165614 0.000140071 0.000126244 0.000126162 0.000126252 0.000126227 0.000224524 0.000157310 0.000126300 0.000126296 
[8] 0.000126288 0.000126171 0.000190073 0.000138505 0.000126256 0.000126283 0.000126094 0.000126328 0.000126289 0.000126211 
[9] 0.000126309 0.000126636 0.000126366 0.000126260 0.000126210 0.000126357 0.000126112 0.000126356 0.000126676 0.000126335 
[AVERAGE] 0.000134131 s

FEN: 8/8/4kp2/5p1p/8/3KP1P1/7P/8 b - - 0 0
        [0]         [1]         [2]         [3]         [4]         [5]         [6]         [7]         [8]         [9]
[0] 0.000029079 0.000027937 0.000027868 0.000027578 0.000027627 0.000027739 0.000027685 0.000027580 0.000027830 0.000027644 
[1] 0.000027660 0.000027782 0.000027558 0.000027548 0.000027601 0.000027747 0.000027587 0.000027816 0.000027619 0.000027602 
[2] 0.000027709 0.000027546 0.000027686 0.000027601 0.000027823 0.000027666 0.000027547 0.000027671 0.000027547 0.000027670 
[3] 0.000027545 0.000027725 0.000027513 0.000027581 0.000027607 0.000027595 0.000031875 0.000055589 0.000027727 0.000027928 
[4] 0.000027577 0.000027707 0.000027559 0.000027841 0.000027716 0.000027546 0.000027534 0.000027615 0.000027560 0.000027663 
[5] 0.000027664 0.000027662 0.000027701 0.000027556 0.000027655 0.000027667 0.000027572 0.000027672 0.000027668 0.000027582 
[6] 0.000027702 0.000027593 0.000027601 0.000027601 0.000027597 0.000027557 0.000027655 0.000027567 0.000027720 0.000027577 
[7] 0.000027835 0.000027630 0.000027696 0.000055442 0.000056241 0.000027760 0.000027679 0.000027821 0.000027564 0.000027596 
[8] 0.000027646 0.000027660 0.000027610 0.000027565 0.000027576 0.000027643 0.000027643 0.000027729 0.000027587 0.000027654 
[9] 0.000027645 0.000027689 0.000027644 0.000027697 0.000027556 0.000027668 0.000027485 0.000027619 0.000027663 0.000027591 
[AVERAGE] 0.000028550 s

FEN: 8/7p/5kp1/4p3/p3rPRP/2K3P1/8/8 w - - 0 0
        [0]         [1]         [2]         [3]         [4]         [5]         [6]         [7]         [8]         [9]
[0] 0.000169706 0.000122684 0.000120968 0.000120368 0.000120256 0.000119996 0.000119623 0.000119404 0.000151611 0.000136020 
[1] 0.000119457 0.000149908 0.000166468 0.000133624 0.000120168 0.000119595 0.000119718 0.000119554 0.000128658 0.000127572 
[2] 0.000119539 0.000119693 0.000119311 0.000119182 0.000119446 0.000119442 0.000119262 0.000119647 0.000119644 0.000119481 
[3] 0.000119459 0.000119685 0.000119462 0.000157393 0.000130909 0.000159848 0.000246744 0.000129891 0.000144570 0.000116425 
[4] 0.000116548 0.000116285 0.000116422 0.000116257 0.000116423 0.000116274 0.000144581 0.000116630 0.000116501 0.000116289 
[5] 0.000116567 0.000116024 0.000116035 0.000116203 0.000217827 0.000131855 0.000116324 0.000116700 0.000116505 0.000116482 
[6] 0.000116561 0.000116566 0.000158446 0.000172527 0.000116788 0.000116760 0.000116532 0.000116249 0.000116471 0.000116592 
[7] 0.000144354 0.000144857 0.000116478 0.000116132 0.000116513 0.000116232 0.000188018 0.000202048 0.000116504 0.000116323 
[8] 0.000116290 0.000116403 0.000116517 0.000116157 0.000116492 0.000144105 0.000116284 0.000116488 0.000116273 0.000146278 
[9] 0.000116309 0.000116400 0.000116385 0.000144336 0.000144563 0.000116474 0.000116508 0.000116768 0.000116570 0.000116434 
[AVERAGE] 0.000128001 s

FEN: 8/6k1/8/R7/7K/1P6/5r2/8 b - - 0 1
        [0]         [1]         [2]         [3]         [4]         [5]         [6]         [7]         [8]         [9]
[0] 0.000226237 0.000258914 0.000553023 0.000355256 0.000359392 0.000373396 0.000314585 0.000384674 0.000231423 0.000228301 
[1] 0.000215020 0.000215121 0.000214917 0.000215080 0.000215124 0.000215101 0.000214993 0.000215775 0.000215176 0.000263583 
[2] 0.000215090 0.000214971 0.000215070 0.000215169 0.000215159 0.000215041 0.000215039 0.000215505 0.000215008 0.000215205 
[3] 0.000271530 0.000245667 0.000215181 0.000215041 0.000250725 0.000214965 0.000215267 0.000215443 0.000215313 0.000215168 
[4] 0.000215680 0.000215327 0.000215146 0.000215094 0.000215240 0.000286391 0.000214912 0.000224175 0.000209781 0.000255343 
[5] 0.000323364 0.000209870 0.000209770 0.000314727 0.000280239 0.000209799 0.000209707 0.000209720 0.000237503 0.000209770 
[6] 0.000209875 0.000269205 0.000323005 0.000209747 0.000209600 0.000209668 0.000238315 0.000210039 0.000209753 0.000209802 
[7] 0.000209688 0.000238444 0.000209901 0.000209885 0.000209803 0.000225394 0.000299414 0.000299927 0.000215234 0.000240951 
[8] 0.000215246 0.000215361 0.000214998 0.000214975 0.000214995 0.000214963 0.000215006 0.000214975 0.000342292 0.000241022 
[9] 0.000259374 0.000404689 0.000295801 0.000314121 0.000395466 0.000352423 0.000538647 0.000388964 0.000392789 0.000442856 
[AVERAGE] 0.000253388 s

FEN: 3b1N2/8/3k4/5pp1/8/5K1P/8/8 w - - 0 0
        [0]         [1]         [2]         [3]         [4]         [5]         [6]         [7]         [8]         [9]
[0] 0.000143749 0.000140036 0.000141402 0.000141327 0.000142919 0.000143171 0.000143232 0.000143259 0.000143383 0.000143550 
[1] 0.000143189 0.000143280 0.000143368 0.000143322 0.000143550 0.000142531 0.000114444 0.000077801 0.000077730 0.000077615 
[2] 0.000077700 0.000077743 0.000077685 0.000077846 0.000077889 0.000077757 0.000077541 0.000098260 0.000104129 0.000077753 
[3] 0.000105698 0.000092538 0.000119346 0.000106088 0.000077954 0.000077686 0.000077800 0.000077713 0.000077767 0.000077791 
[4] 0.000077749 0.000077945 0.000077793 0.000077876 0.000077759 0.000077802 0.000077809 0.000077806 0.000077874 0.000077757 
[5] 0.000077805 0.000077774 0.000077719 0.000077801 0.000077827 0.000077909 0.000077784 0.000077981 0.000077889 0.000077769 
[6] 0.000077960 0.000077912 0.000077929 0.000077796 0.000077887 0.000077739 0.000077889 0.000077916 0.000110783 0.000077976 
[7] 0.000077629 0.000077734 0.000077946 0.000077716 0.000133455 0.000077724 0.000077854 0.000077868 0.000077844 0.000077761 
[8] 0.000077700 0.000077821 0.000077861 0.000077781 0.000077917 0.000077717 0.000077736 0.000077809 0.000077896 0.000077853 
[9] 0.000077741 0.000077979 0.000077847 0.000077771 0.000077743 0.000077727 0.000077830 0.000105487 0.000158827 0.000176064 
[AVERAGE] 0.000093124 s

FEN: R7/P7/5p2/4pk1p/5p2/3K1PP1/r6P/8 b - - 0 0
        [0]         [1]         [2]         [3]         [4]         [5]         [6]         [7]         [8]         [9]
[0] 0.000418529 0.000362028 0.000311908 0.000322913 0.000354823 0.000293788 0.000293965 0.000293904 0.000293657 0.000293719 
[1] 0.000293599 0.000293651 0.000326209 0.000293141 0.000293530 0.000352952 0.000293004 0.000293354 0.000293560 0.000294148 
[2] 0.000293383 0.000293133 0.000293207 0.000326035 0.000293512 0.000363148 0.000350478 0.000294649 0.000293725 0.000293561 
[3] 0.000293516 0.000293340 0.000293661 0.000413629 0.000293079 0.000293541 0.000293015 0.000293101 0.000293316 0.000293398 
[4] 0.000293206 0.000293719 0.000293328 0.000293245 0.000296859 0.000293856 0.000292795 0.000292989 0.000321851 0.000293377 
[5] 0.000349209 0.000293219 0.000293311 0.000293267 0.000293136 0.000294143 0.000326193 0.000293220 0.000293349 0.000293634 
[6] 0.000293375 0.000292769 0.000349517 0.000293395 0.000293534 0.000293455 0.000293728 0.000297246 0.000433654 0.000293602 
[7] 0.000293161 0.000320816 0.000293337 0.000294016 0.000293032 0.000293377 0.000293264 0.000553173 0.000388743 0.000311094 
[8] 0.000311056 0.000341212 0.000321604 0.000294166 0.000350661 0.000293949 0.000294086 0.000331818 0.000293888 0.000293522 
[9] 0.000293574 0.000293481 0.000309231 0.000356315 0.000404985 0.000500507 0.000454828 0.000470380 0.000376475 0.000516044 
[AVERAGE] 0.000319728 s

FEN: 8/7p/6p1/5k2/7N/8/4KP2/8 b - - 0 0
        [0]         [1]         [2]         [3]         [4]         [5]         [6]         [7]         [8]         [9]
[0] 0.000039414 0.000037215 0.000051854 0.000050204 0.000036433 0.000036282 0.000036425 0.000036319 0.000036356 0.000036124 
[1] 0.000036254 0.000036273 0.000036179 0.000036208 0.000036292 0.000036371 0.000036263 0.000036276 0.000036273 0.000036207 
[2] 0.000036409 0.000036538 0.000036281 0.000036446 0.000036160 0.000036247 0.000036147 0.000036327 0.000036168 0.000036185 
[3] 0.000036517 0.000036362 0.000036209 0.000036378 0.000036161 0.000036074 0.000036247 0.000036182 0.000036199 0.000036205 
[4] 0.000036225 0.000036157 0.000036218 0.000036261 0.000036100 0.000036328 0.000036156 0.000036136 0.000036173 0.000036218 
[5] 0.000060729 0.000062830 0.000048884 0.000036318 0.000036323 0.000036090 0.000036113 0.000036168 0.000036143 0.000036227 
[6] 0.000036213 0.000036271 0.000036087 0.000051516 0.000049248 0.000036213 0.000036262 0.000036065 0.000051741 0.000049567 
[7] 0.000036169 0.000064569 0.000037385 0.000037142 0.000062741 0.000036224 0.000036516 0.000036262 0.000036289 0.000036426 
[8] 0.000036335 0.000036289 0.000036161 0.000036104 0.000036219 0.000036161 0.000036210 0.000036360 0.000036356 0.000036205 
[9] 0.000036316 0.000036172 0.000036125 0.000036121 0.000036294 0.000036267 0.000036262 0.000036155 0.000064236 0.000036539 
[AVERAGE] 0.000038643 s

FEN: 6k1/8/p7/1p6/3K4/8/PPr4P/4R3 w - - 0 1
        [0]         [1]         [2]         [3]         [4]         [5]         [6]         [7]         [8]         [9]
[0] 0.000436032 0.000433005 0.000535056 0.000432585 0.000432303 0.000432013 0.000432100 0.000431791 0.000432258 0.000431755 
[1] 0.000507547 0.000432223 0.000432058 0.000431602 0.000600752 0.000470988 0.000432279 0.000482851 0.000431350 0.000429979 
[2] 0.000430458 0.000430798 0.000431065 0.000430379 0.000430447 0.000540037 0.000430460 0.000430379 0.000430514 0.000430745 
[3] 0.000518058 0.000429852 0.000561846 0.000655639 0.000585622 0.000643442 0.000638585 0.000443248 0.000479523 0.000466746 
[4] 0.000430561 0.000431121 0.000431281 0.000430075 0.000454097 0.000480225 0.000445600 0.000515039 0.000443455 0.000430594 
[5] 0.000430173 0.000430474 0.000463480 0.000430896 0.000430965 0.000430992 0.000486210 0.000467984 0.000440372 0.000611077 
[6] 0.000430709 0.000431123 0.000430922 0.000430859 0.000430364 0.000430863 0.000430710 0.000464062 0.000430735 0.000430497 
[7] 0.000453586 0.000516365 0.000448092 0.000420398 0.000482294 0.000432159 0.000448168 0.000461407 0.000574919 0.000692300 
[8] 0.000834550 0.000675072 0.000460484 0.000431291 0.000431658 0.000431368 0.000452152 0.000447665 0.000442270 0.000442271 
[9] 0.000450999 0.000430655 0.000486970 0.000430644 0.000430635 0.000477597 0.000431191 0.000430639 0.000430063 0.000528743 
[AVERAGE] 0.000468805 s

FEN: 8/8/6R1/5p1p/5k2/7r/8/2K5 w - - 0 0
        [0]         [1]         [2]         [3]         [4]         [5]         [6]         [7]         [8]         [9]
[0] 0.000162427 0.000161889 0.000161605 0.000161433 0.000161431 0.000161282 0.000209778 0.000161456 0.000161318 0.000189318 
[1] 0.000161209 0.000161517 0.000218637 0.000216190 0.000161490 0.000161505 0.000161517 0.000161412 0.000161407 0.000161412 
[2] 0.000161436 0.000161453 0.000161613 0.000171299 0.000157409 0.000159411 0.000234584 0.000197835 0.000157255 0.000157395 
[3] 0.000201015 0.000187772 0.000235876 0.000199924 0.000169826 0.000157271 0.000198945 0.000185204 0.000185094 0.000157492 
[4] 0.000157373 0.000157405 0.000270373 0.000202726 0.000157270 0.000157302 0.000157561 0.000186494 0.000214003 0.000157385 
[5] 0.000157566 0.000157395 0.000157379 0.000157401 0.000185225 0.000185071 0.000157432 0.000157314 0.000168418 0.000157398 
[6] 0.000173772 0.000203663 0.000210146 0.000157159 0.000157466 0.000157337 0.000213333 0.000170358 0.000157281 0.000157211 
[7] 0.000157241 0.000157398 0.000231472 0.000216570 0.000161346 0.000186985 0.000161508 0.000161562 0.000161410 0.000161373 
[8] 0.000161348 0.000161495 0.000232921 0.000244035 0.000282260 0.000161830 0.000260923 0.000201030 0.000186121 0.000161472 
[9] 0.000161420 0.000161591 0.000161384 0.000161432 0.000169806 0.000157369 0.000157460 0.000157342 0.000157379 0.000178344 
[AVERAGE] 0.000176664 s

FEN: 8/6Rp/8/5k2/5p2/5K2/7r/8 b - - 0 0
        [0]         [1]         [2]         [3]         [4]         [5]         [6]         [7]         [8]         [9]
[0] 0.000300258 0.000338531 0.000255109 0.000253032 0.000239557 0.000280813 0.000363521 0.000282077 0.000239945 0.000239758 
[1] 0.000350305 0.000325845 0.000252160 0.000267668 0.000250481 0.000237553 0.000267303 0.000293947 0.000250877 0.000238259 
[2] 0.000327038 0.000298823 0.000253316 0.000246051 0.000293002 0.000243849 0.000243532 0.000252899 0.000243743 0.000243565 
[3] 0.000243994 0.000243848 0.000243603 0.000243703 0.000243716 0.000243596 0.000243699 0.000274394 0.000243642 0.000243646 
[4] 0.000243956 0.000339528 0.000243843 0.000243531 0.000243646 0.000243415 0.000244337 0.000243572 0.000243844 0.000243939 
[5] 0.000276989 0.000243235 0.000243517 0.000243624 0.000258412 0.000486473 0.000360147 0.000357772 0.000352488 0.000479984 
[6] 0.000361090 0.000266664 0.000238060 0.000237987 0.000237821 0.000280182 0.000307736 0.000281942 0.000266001 0.000265654 
[7] 0.000238043 0.000237997 0.000311429 0.000238722 0.000237041 0.000237723 0.000323981 0.000251269 0.000237777 0.000348968 
[8] 0.000253694 0.000243496 0.000243715 0.000243547 0.000252962 0.000283213 0.000368758 0.000310936 0.000244246 0.000243685 
[9] 0.000328905 0.000260478 0.000250004 0.000250019 0.000249873 0.000249965 0.000250122 0.000285666 0.000249896 0.000249861 
[AVERAGE] 0.000271960 s

FEN: 6k1/3R4/5Kp1/6r1/4P3/8/8/8 b - - 0 0
        [0]         [1]         [2]         [3]         [4]         [5]         [6]         [7]         [8]         [9]
[0] 0.000163857 0.000162015 0.000161049 0.000160199 0.000160302 0.000159701 0.000159978 0.000159759 0.000159948 0.000159644 
[1] 0.000159638 0.000159695 0.000159778 0.000159607 0.000159579 0.000159426 0.000162669 0.000159689 0.000159653 0.000159589 
[2] 0.000159773 0.000159698 0.000159446 0.000159620 0.000159594 0.000159702 0.000159549 0.000159488 0.000159821 0.000173355 
[3] 0.000155930 0.000227559 0.000184173 0.000155541 0.000155364 0.000170945 0.000159859 0.000162052 0.000159892 0.000159913 
[4] 0.000159872 0.000170920 0.000155937 0.000155601 0.000155606 0.000155462 0.000155809 0.000195377 0.000164625 0.000151587 
[5] 0.000151933 0.000151780 0.000251692 0.000337765 0.000287201 0.000299238 0.000336007 0.000274087 0.000223194 0.000353962 
[6] 0.000304596 0.000304312 0.000304389 0.000304004 0.000304262 0.000303928 0.000236132 0.000159892 0.000159739 0.000159640 
[7] 0.000159462 0.000159932 0.000170371 0.000155412 0.000155495 0.000155821 0.000155498 0.000155390 0.000155517 0.000155284 
[8] 0.000155547 0.000167382 0.000155767 0.000155676 0.000155491 0.000201384 0.000196533 0.000159601 0.000159626 0.000159632 
[9] 0.000159933 0.000159736 0.000159930 0.000159742 0.000159617 0.000159724 0.000159673 0.000159622 0.000159289 0.000159724 
[AVERAGE] 0.000181774 s

FEN: 6K1/8/5P1k/2R5/1r6/8/2p5/8 w - - 0 0        [0]         [1]         [2]         [3]         [4]         [5]         [6]         [7]         [8]         [9]
[0] 0.000221087 0.000216656 0.000216114 0.000215562 0.000214468 0.000225821 0.000214969 0.000214632 0.000214103 0.000214176 
[1] 0.000214153 0.000214356 0.000214308 0.000214366 0.000214526 0.000214183 0.000214206 0.000214202 0.000214318 0.000214181 
[2] 0.000217048 0.000222736 0.000208810 0.000208554 0.000208635 0.000248466 0.000215879 0.000203684 0.000203394 0.000231244 
[3] 0.000203539 0.000203808 0.000203756 0.000203520 0.000276412 0.000258029 0.000266447 0.000291275 0.000230011 0.000203772 
[4] 0.000203596 0.000203639 0.000230869 0.000203501 0.000203197 0.000203222 0.000203356 0.000231278 0.000231408 0.000203377 
[5] 0.000203266 0.000233147 0.000235705 0.000274246 0.000300735 0.000203552 0.000231057 0.000203833 0.000203331 0.000230951 
[6] 0.000244180 0.000344874 0.000208478 0.000208452 0.000208545 0.000261907 0.000275665 0.000203482 0.000259452 0.000234136 
[7] 0.000203504 0.000203482 0.000203532 0.000231318 0.000203393 0.000203487 0.000203245 0.000231811 0.000235158 0.000205709 
[8] 0.000247422 0.000203480 0.000246023 0.000245242 0.000287031 0.000203532 0.000232916 0.000215630 0.000203758 0.000202917 
[9] 0.000203426 0.000245719 0.000203347 0.000203304 0.000236261 0.000244364 0.000259805 0.000261062 0.000260454 0.000273340 
[AVERAGE] 0.000225095 s

----------------------------------- AVERAGES ------------------------------------------


---------- REGULAR POSITIONS ----------

 [0] 0.000677633
 [1] 0.000013045
 [2] 0.000308357
 [3] 0.000314098
 [4] 0.000277720
 [5] 0.000076532
 [6] 0.000828037
 [7] 0.000794716
 [8] 0.000212984
 [9] 0.001761630
[10] 0.001089646
[11] 0.000238523
[12] 0.000198728
[13] 0.000194332
[14] 0.000202518
[15] 0.000017211
[16] 0.000136269
[17] 0.000213619
[18] 0.000026478
[19] 0.000695752
[20] 0.000284846
[21] 0.000273929
[22] 0.000264643
[23] 0.000085713
[24] 0.000188341
[25] 0.000145271
[26] 0.000030360
[27] 0.000480721
[28] 0.000020823
[29] 0.000241025
[30] 0.000112092
[31] 0.000235556
[32] 0.000096218
[33] 0.000030882
[34] 0.000102616
[35] 0.000339986
[36] 0.000134131
[37] 0.000028550
[38] 0.000128001
[39] 0.000253388
[40] 0.000093124
[41] 0.000319728
[42] 0.000038643
[43] 0.000468805
[44] 0.000176664
[45] 0.000271960
[46] 0.000181774
[47] 0.000225095

----------------------------------- AVERAGES ------------------------------------------



