FEN: rnbqkbnr/pppppppp/8/8/8/8/PPPPPPPP/RNBQKBNR w KQkq - 0 1
        [0]         [1]         [2]         [3]         [4]         [5]         [6]         [7]         [8]         [9]
[0] 0.000153356 0.000084188 0.000083112 0.000082986 0.000082834 0.000082692 0.000082566 0.000082629 0.000082579 0.000082779 
[1] 0.000082847 0.000083018 0.000082711 0.000082772 0.000082683 0.000082698 0.000082734 0.000082810 0.000082498 0.000082868 
[2] 0.000082938 0.000082894 0.000082812 0.000082881 0.000082683 0.000082525 0.000082797 0.000082733 0.000082777 0.000082501 
[3] 0.000082907 0.000082865 0.000082633 0.000082746 0.000122035 0.000096823 0.000082542 0.000082627 0.000082595 0.000082891 
[4] 0.000082823 0.000082978 0.000082747 0.000082845 0.000082850 0.000082807 0.000082817 0.000082802 0.000083028 0.000082579 
[5] 0.000082563 0.000082771 0.000082783 0.000082697 0.000082794 0.000082845 0.000082552 0.000082836 0.000082635 0.000082789 
[6] 0.000082791 0.000082630 0.000082632 0.000082907 0.000083092 0.000082756 0.000082976 0.000082753 0.000082698 0.000082794 
[7] 0.000082803 0.000082613 0.000082921 0.000082825 0.000117838 0.000083039 0.000082854 0.000082797 0.000082777 0.000082568 
[8] 0.000082747 0.000082603 0.000082640 0.000082831 0.000082944 0.000082554 0.000082937 0.000082550 0.000089962 0.000082938 
[9] 0.000082981 0.000082722 0.000082820 0.000083057 0.000115375 0.000082908 0.000082817 0.000082625 0.000082708 0.000082573 
[AVERAGE] 0.000084775 s

FEN: 6k1/5p2/6p1/8/7p/8/6PP/6K1 b - - 0 0
        [0]         [1]         [2]         [3]         [4]         [5]         [6]         [7]         [8]         [9]
[0] 0.000013553 0.000011639 0.000011349 0.000011175 0.000011149 0.000011077 0.000011089 0.000011061 0.000011152 0.000011023 
[1] 0.000011100 0.000011087 0.000011038 0.000011031 0.000011102 0.000011070 0.000011040 0.000011151 0.000011104 0.000011099 
[2] 0.000011131 0.000011131 0.000011088 0.000011092 0.000011139 0.000011107 0.000011038 0.000011058 0.000011083 0.000011101 
[3] 0.000011167 0.000011083 0.000011136 0.000011117 0.000011043 0.000011032 0.000011066 0.000011141 0.000011105 0.000011094 
[4] 0.000011158 0.000011089 0.000011134 0.000011163 0.000011029 0.000011132 0.000011063 0.000011092 0.000010985 0.000011077 
[5] 0.000011100 0.000011065 0.000011060 0.000011120 0.000011083 0.000011108 0.000011044 0.000010983 0.000011068 0.000011075 
[6] 0.000011103 0.000011107 0.000011120 0.000011152 0.000011124 0.000011042 0.000011069 0.000011151 0.000011037 0.000011207 
[7] 0.000011088 0.000011101 0.000011021 0.000011137 0.000011022 0.000011158 0.000011104 0.000011054 0.000011192 0.000011090 
[8] 0.000011137 0.000011150 0.000011149 0.000011101 0.000011187 0.000011022 0.000011087 0.000011085 0.000011030 0.000011159 
[9] 0.000011078 0.000011041 0.000020673 0.000042058 0.000031003 0.000011299 0.000011039 0.000011007 0.000011145 0.000011053 
[AVERAGE] 0.000011733 s

FEN: 3k4/2n2B2/1KP5/2B2p2/5b1p/7P/8/8 b - - 0 0
        [0]         [1]         [2]         [3]         [4]         [5]         [6]         [7]         [8]         [9]
[0] 0.000080502 0.000075911 0.000074235 0.000073540 0.000073457 0.000073934 0.000074557 0.000074207 0.000072889 0.000073051 
[1] 0.000072585 0.000072183 0.000083825 0.000145803 0.000086473 0.000072510 0.000072437 0.000072262 0.000072206 0.000072255 
[2] 0.000072396 0.000072510 0.000072153 0.000072358 0.000072237 0.000072253 0.000072450 0.000072409 0.000072181 0.000072389 
[3] 0.000072356 0.000072349 0.000081004 0.000072587 0.000072317 0.000072321 0.000072268 0.000072283 0.000072306 0.000072383 
[4] 0.000072236 0.000072372 0.000107367 0.000072384 0.000072466 0.000072514 0.000072447 0.000072314 0.000072429 0.000072410 
[5] 0.000072296 0.000072292 0.000072344 0.000072325 0.000072336 0.000072320 0.000072501 0.000072454 0.000072526 0.000072418 
[6] 0.000072291 0.000072413 0.000072355 0.000072268 0.000072416 0.000072189 0.000072550 0.000072421 0.000072330 0.000072297 
[7] 0.000072286 0.000072379 0.000072169 0.000072289 0.000072363 0.000072169 0.000072137 0.000072447 0.000072284 0.000072275 
[8] 0.000072213 0.000072269 0.000072326 0.000082036 0.000072506 0.000072295 0.000072446 0.000138611 0.000072647 0.000072375 
[9] 0.000072288 0.000072363 0.000072363 0.000072374 0.000072322 0.000072368 0.000072375 0.000072463 0.000072324 0.000072302 
[AVERAGE] 0.000074767 s

FEN: r7/4R2P/3p4/3k1K2/2p5/8/8/8 b - - 0 0
        [0]         [1]         [2]         [3]         [4]         [5]         [6]         [7]         [8]         [9]
[0] 0.000041482 0.000037610 0.000036605 0.000036080 0.000035625 0.000035682 0.000035523 0.000035446 0.000035683 0.000035398 
[1] 0.000035561 0.000035455 0.000035493 0.000035486 0.000035522 0.000035513 0.000035299 0.000035436 0.000035409 0.000035395 
[2] 0.000035453 0.000035442 0.000035559 0.000035469 0.000035382 0.000035419 0.000035502 0.000035406 0.000035629 0.000035582 
[3] 0.000035528 0.000035541 0.000035482 0.000035430 0.000035488 0.000035361 0.000035420 0.000035499 0.000035567 0.000035401 
[4] 0.000035423 0.000035541 0.000035526 0.000035444 0.000035420 0.000035479 0.000035433 0.000035410 0.000035553 0.000035522 
[5] 0.000035404 0.000035501 0.000035582 0.000035421 0.000035445 0.000035564 0.000035516 0.000035400 0.000035345 0.000035423 
[6] 0.000035333 0.000035470 0.000035475 0.000035407 0.000035453 0.000038201 0.000069186 0.000035386 0.000035407 0.000035379 
[7] 0.000035440 0.000035509 0.000035493 0.000035584 0.000035463 0.000035458 0.000035328 0.000035465 0.000035503 0.000035505 
[8] 0.000035486 0.000035511 0.000035472 0.000035569 0.000035464 0.000035478 0.000035443 0.000035549 0.000035555 0.000035496 
[9] 0.000035505 0.000035385 0.000035473 0.000035541 0.000035537 0.000035501 0.000035501 0.000035534 0.000035567 0.000035528 
[AVERAGE] 0.000035942 s

FEN: 8/8/5p2/1P1K1k2/8/2r5/8/7R w - - 0 0
        [0]         [1]         [2]         [3]         [4]         [5]         [6]         [7]         [8]         [9]
[0] 0.000064188 0.000060839 0.000059430 0.000058779 0.000058571 0.000058307 0.000064176 0.000060120 0.000058093 0.000058148 
[1] 0.000058173 0.000058132 0.000057997 0.000058065 0.000058122 0.000058188 0.000058053 0.000058092 0.000058051 0.000058195 
[2] 0.000057989 0.000058052 0.000058046 0.000058003 0.000058160 0.000058057 0.000058122 0.000057949 0.000058103 0.000057963 
[3] 0.000058098 0.000058065 0.000058131 0.000057956 0.000058070 0.000116591 0.000081363 0.000089725 0.000084399 0.000058991 
[4] 0.000058541 0.000058076 0.000058318 0.000058205 0.000058232 0.000058055 0.000058148 0.000058048 0.000058198 0.000058071 
[5] 0.000057978 0.000058039 0.000057994 0.000058041 0.000058004 0.000058039 0.000058109 0.000058077 0.000058064 0.000058034 
[6] 0.000058151 0.000057968 0.000058066 0.000058024 0.000058020 0.000058124 0.000058062 0.000058074 0.000058026 0.000057914 
[7] 0.000058248 0.000058139 0.000058029 0.000057985 0.000058174 0.000057992 0.000058148 0.000058031 0.000058138 0.000058042 
[8] 0.000058044 0.000058065 0.000058103 0.000058165 0.000058069 0.000058042 0.000058046 0.000058292 0.000057956 0.000064018 
[9] 0.000058031 0.000057892 0.000057952 0.000057978 0.000058103 0.000058083 0.000070420 0.000058059 0.000058010 0.000057940 
[AVERAGE] 0.000059864 s

FEN: 5n2/R7/4pk2/8/5PK1/8/8/8 b - - 0 0
        [0]         [1]         [2]         [3]         [4]         [5]         [6]         [7]         [8]         [9]
[0] 0.000018199 0.000016365 0.000015500 0.000014811 0.000014366 0.000014315 0.000014266 0.000014335 0.000014194 0.000014190 
[1] 0.000014225 0.000014185 0.000014106 0.000014135 0.000014171 0.000014156 0.000014221 0.000014155 0.000014305 0.000014279 
[2] 0.000014164 0.000014225 0.000014182 0.000014202 0.000014181 0.000014151 0.000014198 0.000014198 0.000014127 0.000014219 
[3] 0.000014198 0.000014181 0.000014105 0.000014185 0.000014198 0.000014168 0.000014161 0.000014207 0.000014211 0.000014187 
[4] 0.000014282 0.000014179 0.000014182 0.000014273 0.000014192 0.000014124 0.000014075 0.000014183 0.000014190 0.000014237 
[5] 0.000014131 0.000014230 0.000014205 0.000014146 0.000014183 0.000014222 0.000014184 0.000014206 0.000014219 0.000014205 
[6] 0.000014179 0.000014222 0.000014161 0.000014174 0.000014179 0.000014165 0.000014282 0.000014226 0.000014213 0.000014184 
[7] 0.000014146 0.000014129 0.000014182 0.000014210 0.000014171 0.000014233 0.000014180 0.000014192 0.000014213 0.000014242 
[8] 0.000014187 0.000014197 0.000014258 0.000014226 0.000014159 0.000014150 0.000014320 0.000014156 0.000014240 0.000014204 
[9] 0.000014209 0.000014281 0.000014154 0.000014200 0.000014154 0.000014153 0.000014208 0.000014181 0.000014191 0.000014200 
[AVERAGE] 0.000014279 s

FEN: 3Q4/8/1k6/7p/p1p4P/2q3PB/7K/8 b - - 0 0
        [0]         [1]         [2]         [3]         [4]         [5]         [6]         [7]         [8]         [9]
[0] 0.000083116 0.000078771 0.000075956 0.000074588 0.000074278 0.000073784 0.000073458 0.000073236 0.000073040 0.000072983 
[1] 0.000072806 0.000072837 0.000072625 0.000072523 0.000072502 0.000072419 0.000079410 0.000104152 0.000072864 0.000072758 
[2] 0.000072976 0.000072790 0.000082768 0.000116781 0.000119171 0.000113520 0.000070911 0.000098985 0.000099175 0.000070813 
[3] 0.000070832 0.000071193 0.000070889 0.000070695 0.000085732 0.000085710 0.000114224 0.000073362 0.000074591 0.000079894 
[4] 0.000080931 0.000073022 0.000072987 0.000072649 0.000072869 0.000139570 0.000135638 0.000073609 0.000073569 0.000073041 
[5] 0.000072785 0.000072658 0.000072674 0.000072662 0.000072881 0.000072729 0.000112347 0.000072884 0.000072564 0.000072663 
[6] 0.000072633 0.000072613 0.000072604 0.000072641 0.000072700 0.000072755 0.000072571 0.000072627 0.000072640 0.000072672 
[7] 0.000072583 0.000072869 0.000072614 0.000072553 0.000072507 0.000072580 0.000072721 0.000072651 0.000072685 0.000072688 
[8] 0.000081879 0.000072937 0.000072558 0.000072574 0.000072316 0.000072426 0.000072497 0.000072480 0.000072777 0.000072582 
[9] 0.000072402 0.000072559 0.000072524 0.000072830 0.000072676 0.000072535 0.000072566 0.000072597 0.000072699 0.000072686 
[AVERAGE] 0.000077819 s

FEN: 4q3/2R4P/5R2/1p6/p3k3/P7/KP6/8 b - - 0 0
        [0]         [1]         [2]         [3]         [4]         [5]         [6]         [7]         [8]         [9]
[0] 0.000090680 0.000130738 0.000082947 0.000081376 0.000081019 0.000080766 0.000080309 0.000080088 0.000079887 0.000079920 
[1] 0.000079684 0.000079467 0.000118487 0.000079774 0.000080074 0.000079687 0.000079926 0.000079945 0.000079583 0.000079491 
[2] 0.000079861 0.000079616 0.000079747 0.000079808 0.000079866 0.000079760 0.000079924 0.000079739 0.000079714 0.000079864 
[3] 0.000079441 0.000079842 0.000079913 0.000079824 0.000079759 0.000079799 0.000079607 0.000079814 0.000079945 0.000079830 
[4] 0.000079891 0.000082665 0.000114116 0.000079587 0.000079785 0.000080076 0.000079389 0.000079578 0.000079712 0.000079690 
[5] 0.000079681 0.000079690 0.000079719 0.000079538 0.000079576 0.000079581 0.000079767 0.000079956 0.000079682 0.000079618 
[6] 0.000080023 0.000079847 0.000079546 0.000079410 0.000079646 0.000079611 0.000079447 0.000079384 0.000079633 0.000079418 
[7] 0.000079863 0.000079339 0.000079775 0.000079582 0.000079662 0.000079628 0.000079531 0.000079560 0.000079853 0.000102369 
[8] 0.000093206 0.000079818 0.000086345 0.000079738 0.000079721 0.000079720 0.000079667 0.000079349 0.000079493 0.000079820 
[9] 0.000079649 0.000079922 0.000079824 0.000079670 0.000079695 0.000079669 0.000079433 0.000079406 0.000079651 0.000079694 
[AVERAGE] 0.000081594 s

FEN: R7/8/5rk1/5p2/1p5P/5KP1/P7/8 b - - 0 0
        [0]         [1]         [2]         [3]         [4]         [5]         [6]         [7]         [8]         [9]
[0] 0.000052569 0.000049117 0.000047230 0.000046438 0.000046014 0.000045652 0.000045596 0.000045463 0.000045516 0.000045450 
[1] 0.000045461 0.000045344 0.000045418 0.000045443 0.000045380 0.000045398 0.000045408 0.000045563 0.000045535 0.000045311 
[2] 0.000045533 0.000045501 0.000045477 0.000045416 0.000045331 0.000045341 0.000045454 0.000045368 0.000045425 0.000045504 
[3] 0.000045443 0.000045266 0.000045307 0.000045479 0.000045387 0.000045347 0.000045319 0.000045198 0.000045438 0.000045411 
[4] 0.000045446 0.000049567 0.000045397 0.000045410 0.000045207 0.000045410 0.000045338 0.000045370 0.000045619 0.000045159 
[5] 0.000045453 0.000045236 0.000045277 0.000045359 0.000045293 0.000045296 0.000045453 0.000045193 0.000045344 0.000045304 
[6] 0.000045453 0.000079557 0.000058976 0.000046470 0.000045779 0.000045445 0.000045315 0.000045274 0.000045387 0.000045446 
[7] 0.000045207 0.000045366 0.000045260 0.000045535 0.000045253 0.000045394 0.000045298 0.000056856 0.000045754 0.000045328 
[8] 0.000045358 0.000045333 0.000045271 0.000045327 0.000045193 0.000045227 0.000045245 0.000045193 0.000045360 0.000045373 
[9] 0.000045266 0.000045316 0.000045299 0.000045204 0.000045502 0.000045272 0.000045364 0.000045290 0.000045255 0.000045273 
[AVERAGE] 0.000046167 s

FEN: 3k4/5ppp/2q5/3p2r1/8/1Q3P2/P4P1P/3R3K w - - 0 1
        [0]         [1]         [2]         [3]         [4]         [5]         [6]         [7]         [8]         [9]
[0] 0.000181939 0.000187278 0.000169505 0.000174873 0.000167660 0.000174997 0.000166701 0.000166813 0.000166342 0.000166037 
[1] 0.000165773 0.000166037 0.000194124 0.000192386 0.000166302 0.000222246 0.000166342 0.000166182 0.000165658 0.000165681 
[2] 0.000165538 0.000165455 0.000205171 0.000165972 0.000215833 0.000170264 0.000170331 0.000169742 0.000170397 0.000170594 
[3] 0.000170502 0.000170230 0.000170053 0.000169983 0.000170417 0.000170075 0.000178264 0.000164933 0.000165616 0.000165813 
[4] 0.000193678 0.000185390 0.000162477 0.000162252 0.000161650 0.000224242 0.000196046 0.000164942 0.000163495 0.000162813 
[5] 0.000162377 0.000234775 0.000234709 0.000175109 0.000244770 0.000188472 0.000204932 0.000188447 0.000162289 0.000196603 
[6] 0.000161720 0.000161881 0.000189803 0.000161368 0.000161886 0.000161815 0.000161548 0.000161785 0.000190078 0.000197815 
[7] 0.000161956 0.000161824 0.000273072 0.000191574 0.000174656 0.000161302 0.000161893 0.000161905 0.000196270 0.000205647 
[8] 0.000174964 0.000161443 0.000161752 0.000242340 0.000293981 0.000175292 0.000162083 0.000161805 0.000236171 0.000231051 
[9] 0.000161367 0.000161598 0.000161681 0.000161537 0.000161597 0.000211097 0.000175062 0.000161691 0.000162121 0.000161598 
[AVERAGE] 0.000179676 s

FEN: 4R3/1k6/1p2P1p1/p7/4r3/1P1r4/1K6/2R5 w - - 0 0
        [0]         [1]         [2]         [3]         [4]         [5]         [6]         [7]         [8]         [9]
[0] 0.000198399 0.000174362 0.000161050 0.000159128 0.000158744 0.000158020 0.000186149 0.000172551 0.000157959 0.000157645 
[1] 0.000157654 0.000157793 0.000200035 0.000235017 0.000161579 0.000185197 0.000157705 0.000156856 0.000185815 0.000157225 
[2] 0.000157172 0.000157369 0.000157170 0.000157236 0.000225243 0.000171617 0.000157731 0.000157477 0.000256693 0.000231334 
[3] 0.000170163 0.000157493 0.000243897 0.000221700 0.000190552 0.000161423 0.000215563 0.000205321 0.000188045 0.000193684 
[4] 0.000191033 0.000161733 0.000267131 0.000187578 0.000189996 0.000176451 0.000165300 0.000165448 0.000165040 0.000165520 
[5] 0.000165192 0.000201404 0.000165414 0.000165356 0.000165103 0.000164889 0.000165259 0.000165100 0.000165410 0.000165110 
[6] 0.000165333 0.000165373 0.000165241 0.000175068 0.000160872 0.000161010 0.000191150 0.000160952 0.000205140 0.000186708 
[7] 0.000218557 0.000157395 0.000345216 0.000199550 0.000159443 0.000158368 0.000157901 0.000158114 0.000185429 0.000157670 
[8] 0.000157685 0.000157247 0.000157445 0.000157364 0.000185766 0.000185946 0.000171383 0.000161307 0.000161395 0.000227649 
[9] 0.000161856 0.000221618 0.000161490 0.000161334 0.000161675 0.000161203 0.000161197 0.000161236 0.000160659 0.000160929 
[AVERAGE] 0.000177701 s

FEN: 5k2/R7/3K4/4p3/5P2/8/8/5r2 w - - 0 0
        [0]         [1]         [2]         [3]         [4]         [5]         [6]         [7]         [8]         [9]
[0] 0.000044670 0.000041276 0.000039933 0.000039183 0.000038991 0.000039028 0.000039008 0.000038763 0.000038860 0.000038874 
[1] 0.000038738 0.000055738 0.000067613 0.000067969 0.000039829 0.000073292 0.000038733 0.000038631 0.000038909 0.000038753 
[2] 0.000038753 0.000053638 0.000051842 0.000038659 0.000038725 0.000038606 0.000038755 0.000038836 0.000038692 0.000038915 
[3] 0.000038942 0.000038881 0.000047537 0.000084239 0.000045718 0.000038686 0.000038831 0.000038775 0.000038643 0.000038746 
[4] 0.000038850 0.000038814 0.000038840 0.000038704 0.000038572 0.000038660 0.000038787 0.000038830 0.000038624 0.000038697 
[5] 0.000038758 0.000038780 0.000038692 0.000038722 0.000038742 0.000038839 0.000038739 0.000038760 0.000038726 0.000038637 
[6] 0.000038827 0.000038823 0.000038669 0.000038831 0.000038879 0.000038746 0.000038723 0.000038787 0.000038751 0.000038626 
[7] 0.000038652 0.000038572 0.000038712 0.000038755 0.000038587 0.000038676 0.000038590 0.000038680 0.000038765 0.000038760 
[8] 0.000038659 0.000038836 0.000038805 0.000038701 0.000038758 0.000038683 0.000038669 0.000038646 0.000038582 0.000038765 
[9] 0.000038725 0.000038804 0.000038580 0.000038644 0.000038645 0.000038657 0.000038796 0.000038769 0.000038709 0.000038488 
[AVERAGE] 0.000040843 s

FEN: 5k2/1R6/4p1p1/1pr3Pp/7P/1K6/8/8 w - - 0 0
        [0]         [1]         [2]         [3]         [4]         [5]         [6]         [7]         [8]         [9]
[0] 0.000049157 0.000044964 0.000043047 0.000041845 0.000041273 0.000041316 0.000040908 0.000040652 0.000040296 0.000040402 
[1] 0.000040318 0.000040398 0.000040337 0.000040525 0.000040685 0.000077787 0.000053715 0.000040283 0.000040556 0.000040357 
[2] 0.000040423 0.000040574 0.000040176 0.000040486 0.000040465 0.000040530 0.000040394 0.000040524 0.000040437 0.000040471 
[3] 0.000040511 0.000040451 0.000040387 0.000040465 0.000040496 0.000040405 0.000040444 0.000040409 0.000040415 0.000055507 
[4] 0.000084161 0.000057169 0.000053453 0.000040464 0.000040475 0.000040512 0.000040408 0.000040280 0.000040492 0.000040475 
[5] 0.000040372 0.000040445 0.000040414 0.000040569 0.000040361 0.000040509 0.000040393 0.000040551 0.000040684 0.000040473 
[6] 0.000040495 0.000040501 0.000040327 0.000040552 0.000040478 0.000040613 0.000040394 0.000040371 0.000040320 0.000040505 
[7] 0.000040596 0.000040503 0.000040340 0.000040387 0.000040516 0.000040575 0.000040450 0.000040535 0.000040408 0.000040453 
[8] 0.000040555 0.000040576 0.000040394 0.000040523 0.000052767 0.000039351 0.000054099 0.000053685 0.000081203 0.000040537 
[9] 0.000053429 0.000057391 0.000078221 0.000039464 0.000039415 0.000039423 0.000067748 0.000039451 0.000068519 0.000039505 
[AVERAGE] 0.000044010 s

FEN: 5k2/8/p7/4K1P1/P4R2/6r1/8/8 b - - 0 0
        [0]         [1]         [2]         [3]         [4]         [5]         [6]         [7]         [8]         [9]
[0] 0.000020912 0.000018738 0.000018199 0.000017859 0.000017515 0.000017515 0.000045901 0.000035364 0.000030880 0.000048141 
[1] 0.000017776 0.000017721 0.000030303 0.000017366 0.000017359 0.000017389 0.000017408 0.000017347 0.000017365 0.000017506 
[2] 0.000017372 0.000017367 0.000017363 0.000017371 0.000017432 0.000017421 0.000017375 0.000017389 0.000017403 0.000032278 
[3] 0.000017869 0.000045105 0.000032600 0.000030532 0.000047745 0.000030733 0.000045913 0.000017752 0.000017902 0.000045482 
[4] 0.000017804 0.000044988 0.000030991 0.000017824 0.000017771 0.000017813 0.000017909 0.000017829 0.000017796 0.000017754 
[5] 0.000017785 0.000017750 0.000032748 0.000030985 0.000032947 0.000030794 0.000017879 0.000017785 0.000017861 0.000017847 
[6] 0.000017786 0.000017840 0.000017795 0.000017818 0.000017763 0.000017825 0.000017814 0.000017765 0.000017813 0.000017885 
[7] 0.000017849 0.000017809 0.000017807 0.000017852 0.000017875 0.000017849 0.000017758 0.000017816 0.000071845 0.000072463 
[8] 0.000022586 0.000018239 0.000030731 0.000017745 0.000017833 0.000017793 0.000017876 0.000017808 0.000018099 0.000018097 
[9] 0.000017818 0.000017938 0.000017831 0.000018268 0.000017728 0.000017860 0.000034587 0.000032084 0.000018531 0.000018361 
[AVERAGE] 0.000023047 s

FEN: 8/8/8/p2r1k2/7p/PP1RK3/6P1/8 b - - 0 0
        [0]         [1]         [2]         [3]         [4]         [5]         [6]         [7]         [8]         [9]
[0] 0.000039421 0.000023340 0.000022018 0.000021234 0.000020749 0.000020633 0.000020564 0.000020604 0.000020462 0.000020464 
[1] 0.000020478 0.000049013 0.000048165 0.000035511 0.000021648 0.000021455 0.000021555 0.000021506 0.000021447 0.000042316 
[2] 0.000046183 0.000020865 0.000020929 0.000020882 0.000020939 0.000020922 0.000020894 0.000020902 0.000020882 0.000020987 
[3] 0.000020991 0.000020874 0.000020977 0.000020916 0.000020950 0.000020986 0.000020981 0.000020905 0.000020938 0.000020929 
[4] 0.000020969 0.000021000 0.000020958 0.000020920 0.000020899 0.000020878 0.000021016 0.000020928 0.000020985 0.000020900 
[5] 0.000020931 0.000020828 0.000020918 0.000020881 0.000020917 0.000020962 0.000020928 0.000020952 0.000020884 0.000020959 
[6] 0.000020982 0.000020954 0.000020877 0.000020886 0.000021007 0.000020892 0.000020915 0.000020966 0.000020937 0.000020786 
[7] 0.000020968 0.000021032 0.000020973 0.000020984 0.000020900 0.000020981 0.000020874 0.000020965 0.000020968 0.000020898 
[8] 0.000020904 0.000020978 0.000021038 0.000020858 0.000020888 0.000020925 0.000020919 0.000020897 0.000020932 0.000021035 
[9] 0.000020814 0.000020961 0.000020902 0.000020854 0.000020899 0.000020891 0.000020885 0.000020971 0.000020880 0.000020949 
[AVERAGE] 0.000022322 s

FEN: 8/8/8/1P4p1/5k2/5p2/P6K/8 b - - 0 0
        [0]         [1]         [2]         [3]         [4]         [5]         [6]         [7]         [8]         [9]
[0] 0.000010336 0.000008799 0.000008359 0.000008281 0.000008318 0.000008307 0.000008175 0.000008209 0.000008221 0.000008202 
[1] 0.000008169 0.000008193 0.000008201 0.000008183 0.000008198 0.000008224 0.000008259 0.000008173 0.000008168 0.000008178 
[2] 0.000008176 0.000008218 0.000008175 0.000008204 0.000008183 0.000008176 0.000008145 0.000008155 0.000008201 0.000008204 
[3] 0.000008177 0.000008257 0.000008224 0.000008192 0.000008195 0.000008176 0.000008233 0.000008194 0.000008150 0.000008207 
[4] 0.000008175 0.000008193 0.000008202 0.000008178 0.000008222 0.000008188 0.000008185 0.000008202 0.000008181 0.000008167 
[5] 0.000008243 0.000008218 0.000008147 0.000008259 0.000008230 0.000008192 0.000008234 0.000008202 0.000008223 0.000008192 
[6] 0.000008161 0.000008217 0.000008200 0.000008209 0.000008208 0.000008232 0.000008148 0.000008195 0.000008197 0.000008232 
[7] 0.000008244 0.000008226 0.000008241 0.000008299 0.000008250 0.000008234 0.000008217 0.000008211 0.000008232 0.000008189 
[8] 0.000008233 0.000008234 0.000008220 0.000008241 0.000008209 0.000008283 0.000008243 0.000008209 0.000008253 0.000008296 
[9] 0.000008232 0.000008194 0.000008183 0.000008228 0.000008164 0.000008235 0.000008178 0.000008206 0.000008265 0.000008219 
[AVERAGE] 0.000008239 s

FEN: 3b2k1/1p3p2/p1p5/2P4p/1P2P1p1/5p2/5P2/4RK2 w - - 0 0
        [0]         [1]         [2]         [3]         [4]         [5]         [6]         [7]         [8]         [9]
[0] 0.000025562 0.000022633 0.000021489 0.000021069 0.000020863 0.000020591 0.000020606 0.000020621 0.000020655 0.000020588 
[1] 0.000020730 0.000020635 0.000020636 0.000020715 0.000020639 0.000020643 0.000020579 0.000020742 0.000020597 0.000020661 
[2] 0.000020737 0.000020446 0.000020496 0.000020627 0.000020571 0.000020729 0.000020651 0.000020637 0.000020563 0.000020723 
[3] 0.000020670 0.000020590 0.000020491 0.000020612 0.000026421 0.000020501 0.000054309 0.000033325 0.000020805 0.000020570 
[4] 0.000020886 0.000020696 0.000020648 0.000020555 0.000020590 0.000020632 0.000020652 0.000020564 0.000020624 0.000025443 
[5] 0.000024022 0.000020717 0.000020561 0.000020685 0.000020620 0.000020657 0.000020674 0.000020524 0.000020638 0.000020624 
[6] 0.000020711 0.000020644 0.000020700 0.000020645 0.000020653 0.000020612 0.000020682 0.000020679 0.000020618 0.000020584 
[7] 0.000020616 0.000020575 0.000020595 0.000020638 0.000020722 0.000020691 0.000020652 0.000020565 0.000020639 0.000020665 
[8] 0.000020496 0.000020595 0.000020604 0.000020620 0.000020493 0.000020609 0.000020604 0.000020607 0.000020558 0.000020589 
[9] 0.000020706 0.000020680 0.000020619 0.000020574 0.000020618 0.000020594 0.000020651 0.000020628 0.000020582 0.000020806 
[AVERAGE] 0.000021319 s

FEN: 5k2/3R4/2K1p1p1/4P1P1/5P2/8/3r4/8 b - - 0 0
        [0]         [1]         [2]         [3]         [4]         [5]         [6]         [7]         [8]         [9]
[0] 0.000040004 0.000036808 0.000035765 0.000034933 0.000034647 0.000034730 0.000034532 0.000034325 0.000064796 0.000034338 
[1] 0.000034306 0.000034504 0.000034462 0.000034155 0.000034434 0.000034483 0.000034315 0.000034289 0.000034400 0.000034504 
[2] 0.000034268 0.000034324 0.000034390 0.000034489 0.000034331 0.000034525 0.000034431 0.000034395 0.000034367 0.000034519 
[3] 0.000034360 0.000034462 0.000034375 0.000034452 0.000034326 0.000034380 0.000034538 0.000034315 0.000034428 0.000034411 
[4] 0.000034550 0.000034290 0.000034436 0.000034472 0.000034420 0.000034448 0.000034438 0.000034315 0.000034583 0.000034459 
[5] 0.000034412 0.000034265 0.000034562 0.000039969 0.000067885 0.000034284 0.000034256 0.000034543 0.000034387 0.000034477 
[6] 0.000034251 0.000034442 0.000034469 0.000034450 0.000034300 0.000034617 0.000034333 0.000034399 0.000034293 0.000034546 
[7] 0.000034399 0.000034414 0.000034439 0.000034425 0.000034380 0.000034394 0.000034471 0.000034386 0.000034293 0.000034363 
[8] 0.000034384 0.000034485 0.000034619 0.000059597 0.000049927 0.000034772 0.000034326 0.000034243 0.000034403 0.000034306 
[9] 0.000034234 0.000034381 0.000034227 0.000034220 0.000034344 0.000034321 0.000034412 0.000034452 0.000034310 0.000034242 
[AVERAGE] 0.000035605 s

FEN: 6k1/6pp/5p2/8/5P2/P7/2K4P/8 b - - 0 0
        [0]         [1]         [2]         [3]         [4]         [5]         [6]         [7]         [8]         [9]
[0] 0.000011453 0.000009785 0.000009387 0.000009304 0.000009186 0.000009226 0.000009209 0.000009134 0.000009133 0.000009102 
[1] 0.000009183 0.000009154 0.000009140 0.000009185 0.000009168 0.000009219 0.000009099 0.000009212 0.000009173 0.000009146 
[2] 0.000009098 0.000009117 0.000009132 0.000009067 0.000009233 0.000009127 0.000009105 0.000009133 0.000009125 0.000009062 
[3] 0.000009077 0.000009148 0.000009143 0.000009099 0.000009209 0.000009181 0.000009168 0.000009178 0.000009192 0.000009191 
[4] 0.000009165 0.000009194 0.000009125 0.000009245 0.000009225 0.000009196 0.000009112 0.000009179 0.000009087 0.000009049 
[5] 0.000009147 0.000009121 0.000009159 0.000009149 0.000009196 0.000009073 0.000009121 0.000009203 0.000009127 0.000009106 
[6] 0.000009111 0.000009133 0.000009183 0.000009179 0.000009168 0.000009181 0.000009125 0.000009140 0.000009210 0.000009206 
[7] 0.000009151 0.000009153 0.000009203 0.000009195 0.000009204 0.000009235 0.000009207 0.000009100 0.000009264 0.000009116 
[8] 0.000009190 0.000009184 0.000009224 0.000009121 0.000009193 0.000009241 0.000009191 0.000009206 0.000009132 0.000009104 
[9] 0.000009122 0.000009157 0.000009131 0.000009166 0.000009200 0.000009143 0.000009115 0.000009088 0.000009116 0.000009214 
[AVERAGE] 0.000009191 s

FEN: 8/3R4/8/r3N2p/P1Pp1P2/2k2K1P/3r4/8 w - - 0 0
        [0]         [1]         [2]         [3]         [4]         [5]         [6]         [7]         [8]         [9]
[0] 0.000095712 0.000089932 0.000087260 0.000085923 0.000085788 0.000084959 0.000084706 0.000084387 0.000126931 0.000094761 
[1] 0.000082238 0.000110404 0.000163068 0.000111446 0.000095030 0.000081904 0.000082111 0.000081696 0.000081970 0.000081756 
[2] 0.000082185 0.000094097 0.000082398 0.000081674 0.000081771 0.000081722 0.000081541 0.000081803 0.000081700 0.000082106 
[3] 0.000081986 0.000081967 0.000081898 0.000081924 0.000081945 0.000081759 0.000081939 0.000081809 0.000081974 0.000081653 
[4] 0.000081874 0.000081608 0.000081942 0.000082119 0.000081739 0.000087493 0.000128197 0.000081814 0.000082063 0.000081832 
[5] 0.000081415 0.000082054 0.000081885 0.000082000 0.000082173 0.000082097 0.000081749 0.000081594 0.000081824 0.000081928 
[6] 0.000081786 0.000081821 0.000081717 0.000082159 0.000081643 0.000081606 0.000081800 0.000089965 0.000082080 0.000082069 
[7] 0.000082177 0.000082123 0.000081762 0.000081757 0.000138051 0.000110180 0.000081716 0.000082049 0.000081951 0.000081964 
[8] 0.000092617 0.000079762 0.000079823 0.000079634 0.000082323 0.000126937 0.000094697 0.000093259 0.000079766 0.000079950 
[9] 0.000095149 0.000122869 0.000106629 0.000079946 0.000080059 0.000080184 0.000079593 0.000108414 0.000121748 0.000093058 
[AVERAGE] 0.000088180 s

FEN: 6k1/8/6r1/8/5b2/2PR4/4K3/8 w - - 0 0
        [0]         [1]         [2]         [3]         [4]         [5]         [6]         [7]         [8]         [9]
[0] 0.000063265 0.000060083 0.000058799 0.000058386 0.000058082 0.000057826 0.000057995 0.000057710 0.000086274 0.000115692 
[1] 0.000071420 0.000085937 0.000057647 0.000072358 0.000128360 0.000115315 0.000086937 0.000099776 0.000059055 0.000059202 
[2] 0.000088152 0.000073058 0.000059503 0.000075625 0.000076792 0.000059551 0.000098725 0.000059350 0.000059386 0.000087551 
[3] 0.000087694 0.000059595 0.000059822 0.000060476 0.000061186 0.000059439 0.000059075 0.000074686 0.000060870 0.000083035 
[4] 0.000089472 0.000082753 0.000122073 0.000059221 0.000059213 0.000059082 0.000059088 0.000059262 0.000059153 0.000059315 
[5] 0.000059209 0.000059087 0.000059077 0.000059308 0.000072849 0.000060656 0.000060820 0.000060553 0.000060833 0.000060666 
[6] 0.000060724 0.000060784 0.000060648 0.000060786 0.000060626 0.000060861 0.000060740 0.000060729 0.000098713 0.000070967 
[7] 0.000061119 0.000061040 0.000060692 0.000060869 0.000065538 0.000060845 0.000060805 0.000060725 0.000060766 0.000060477 
[8] 0.000060639 0.000060670 0.000060663 0.000060690 0.000060472 0.000060706 0.000060722 0.000060625 0.000060723 0.000060604 
[9] 0.000060843 0.000060456 0.000060654 0.000060721 0.000060581 0.000060543 0.000060721 0.000060873 0.000060576 0.000060699 
[AVERAGE] 0.000067170 s

FEN: 8/1p3k2/3B4/8/3b2P1/1P6/6K1/8 b - - 0 0
        [0]         [1]         [2]         [3]         [4]         [5]         [6]         [7]         [8]         [9]
[0] 0.000070066 0.000066845 0.000065890 0.000065565 0.000065279 0.000065070 0.000065007 0.000064883 0.000064882 0.000065033 
[1] 0.000065044 0.000064976 0.000064924 0.000065023 0.000065233 0.000064872 0.000065001 0.000065200 0.000064957 0.000065067 
[2] 0.000064809 0.000065081 0.000077301 0.000065115 0.000064960 0.000064909 0.000069043 0.000064993 0.000065051 0.000064949 
[3] 0.000065149 0.000065119 0.000065024 0.000065062 0.000064939 0.000065116 0.000065162 0.000064907 0.000065195 0.000064984 
[4] 0.000065021 0.000065030 0.000064937 0.000065053 0.000065122 0.000064934 0.000065009 0.000077444 0.000063416 0.000063249 
[5] 0.000063197 0.000063270 0.000063320 0.000063222 0.000063338 0.000063411 0.000063343 0.000063297 0.000063372 0.000063448 
[6] 0.000063240 0.000063403 0.000063390 0.000063275 0.000063356 0.000063270 0.000063316 0.000063324 0.000063349 0.000063326 
[7] 0.000063387 0.000063362 0.000063375 0.000063243 0.000063602 0.000063192 0.000081256 0.000107843 0.000063256 0.000063384 
[8] 0.000063435 0.000063371 0.000063322 0.000063277 0.000063404 0.000063188 0.000063350 0.000063393 0.000063454 0.000063316 
[9] 0.000063459 0.000063418 0.000063559 0.000063390 0.000063425 0.000063280 0.000091977 0.000063203 0.000063403 0.000063398 
[AVERAGE] 0.000065433 s

FEN: 8/8/8/2p1k3/P6R/1K6/6rP/8 w - - 0 0
        [0]         [1]         [2]         [3]         [4]         [5]         [6]         [7]         [8]         [9]
[0] 0.000058908 0.000053695 0.000051853 0.000051092 0.000061310 0.000110089 0.000051402 0.000064261 0.000049754 0.000049499 
[1] 0.000049773 0.000049601 0.000049703 0.000049618 0.000049589 0.000049571 0.000049630 0.000049481 0.000049446 0.000049671 
[2] 0.000049511 0.000049371 0.000049695 0.000049372 0.000049445 0.000049540 0.000049519 0.000049678 0.000049536 0.000049475 
[3] 0.000049680 0.000049649 0.000049548 0.000049685 0.000049426 0.000072961 0.000076093 0.000049730 0.000049528 0.000049700 
[4] 0.000049690 0.000049389 0.000049608 0.000049625 0.000049481 0.000049485 0.000049610 0.000049381 0.000049573 0.000049692 
[5] 0.000049701 0.000049532 0.000049685 0.000049721 0.000049564 0.000049537 0.000049445 0.000049751 0.000049587 0.000049406 
[6] 0.000049403 0.000049546 0.000049551 0.000049456 0.000049622 0.000049434 0.000049486 0.000049522 0.000049371 0.000049613 
[7] 0.000049485 0.000049539 0.000049832 0.000049566 0.000049747 0.000049471 0.000049543 0.000049517 0.000049604 0.000049519 
[8] 0.000049569 0.000049633 0.000049635 0.000049445 0.000049668 0.000049544 0.000049528 0.000049626 0.000049517 0.000049433 
[9] 0.000049514 0.000049557 0.000061841 0.000048289 0.000048310 0.000048326 0.000048397 0.000048233 0.000048312 0.000048319 
[AVERAGE] 0.000051161 s

FEN: 6k1/5p1p/6p1/1P1n4/1K4P1/N6P/8/8 w - - 0 0
        [0]         [1]         [2]         [3]         [4]         [5]         [6]         [7]         [8]         [9]
[0] 0.000027044 0.000026818 0.000054461 0.000049803 0.000022693 0.000022449 0.000022368 0.000022329 0.000022344 0.000048835 
[1] 0.000036029 0.000022897 0.000022968 0.000049909 0.000059133 0.000066759 0.000023120 0.000023011 0.000035573 0.000022420 
[2] 0.000022379 0.000022365 0.000022369 0.000022500 0.000022424 0.000022441 0.000022260 0.000022398 0.000022487 0.000022355 
[3] 0.000022528 0.000022307 0.000022334 0.000022342 0.000022431 0.000022365 0.000022341 0.000022332 0.000022327 0.000022317 
[4] 0.000022330 0.000022315 0.000022414 0.000022343 0.000022451 0.000022369 0.000050718 0.000022951 0.000036119 0.000022773 
[5] 0.000022955 0.000022904 0.000050874 0.000035910 0.000022882 0.000050909 0.000022934 0.000022859 0.000035372 0.000022461 
[6] 0.000022372 0.000051130 0.000022935 0.000022961 0.000035036 0.000022438 0.000028394 0.000022374 0.000035711 0.000049615 
[7] 0.000022457 0.000022313 0.000022219 0.000022415 0.000022346 0.000022415 0.000022344 0.000022318 0.000022324 0.000022288 
[8] 0.000022319 0.000035979 0.000022886 0.000022913 0.000035576 0.000050831 0.000022969 0.000022902 0.000035058 0.000037680 
[9] 0.000035602 0.000022354 0.000022346 0.000022389 0.000022396 0.000022479 0.000022410 0.000022336 0.000022371 0.000022387 
[AVERAGE] 0.000027880 s

FEN: 8/k5r1/2N5/PK6/2B5/8/8/8 b - - 0 0
        [0]         [1]         [2]         [3]         [4]         [5]         [6]         [7]         [8]         [9]
[0] 0.000033807 0.000030712 0.000029720 0.000028459 0.000028001 0.000027802 0.000027855 0.000027968 0.000027956 0.000027944 
[1] 0.000027943 0.000027831 0.000027824 0.000027825 0.000027875 0.000042484 0.000028531 0.000028452 0.000034908 0.000094468 
[2] 0.000076788 0.000069007 0.000030974 0.000040919 0.000027821 0.000027747 0.000027764 0.000041282 0.000072232 0.000077562 
[3] 0.000042282 0.000040429 0.000027857 0.000027757 0.000027986 0.000027679 0.000027974 0.000027808 0.000027796 0.000042849 
[4] 0.000041231 0.000028005 0.000027913 0.000027895 0.000027873 0.000027721 0.000027908 0.000027867 0.000027738 0.000027856 
[5] 0.000027814 0.000027755 0.000027868 0.000027857 0.000027830 0.000027764 0.000027869 0.000027762 0.000027777 0.000027758 
[6] 0.000027820 0.000027827 0.000027764 0.000027718 0.000027814 0.000027741 0.000027865 0.000027737 0.000027774 0.000027754 
[7] 0.000027865 0.000027809 0.000027807 0.000027825 0.000056055 0.000027825 0.000027807 0.000042829 0.000070330 0.000040616 
[8] 0.000027794 0.000027958 0.000027895 0.000027815 0.000027711 0.000027805 0.000027725 0.000043395 0.000060732 0.000070756 
[9] 0.000041983 0.000043854 0.000041838 0.000040980 0.000027772 0.000027889 0.000027845 0.000027906 0.000027957 0.000027766 
[AVERAGE] 0.000034009 s

FEN: 6k1/8/5K2/8/5P1R/r6P/8/8 b - - 0 0
        [0]         [1]         [2]         [3]         [4]         [5]         [6]         [7]         [8]         [9]
[0] 0.000054802 0.000050998 0.000036580 0.000047985 0.000034744 0.000034385 0.000034246 0.000034238 0.000034174 0.000034163 
[1] 0.000034279 0.000037145 0.000068044 0.000047512 0.000034218 0.000034179 0.000034229 0.000034273 0.000034227 0.000034144 
[2] 0.000034133 0.000034347 0.000034233 0.000034328 0.000034268 0.000034216 0.000049456 0.000047776 0.000034208 0.000034284 
[3] 0.000034146 0.000034139 0.000034289 0.000034113 0.000034243 0.000034215 0.000034308 0.000034156 0.000034138 0.000034278 
[4] 0.000034099 0.000034191 0.000034210 0.000034193 0.000034227 0.000064163 0.000077240 0.000034221 0.000034104 0.000034344 
[5] 0.000034163 0.000034144 0.000049110 0.000047478 0.000034205 0.000064170 0.000061550 0.000063299 0.000034989 0.000060686 
[6] 0.000034257 0.000034268 0.000034108 0.000034152 0.000034242 0.000034254 0.000034178 0.000034197 0.000034262 0.000034215 
[7] 0.000034187 0.000062731 0.000034137 0.000034208 0.000034201 0.000034204 0.000049271 0.000047328 0.000034236 0.000034220 
[8] 0.000034300 0.000034276 0.000034184 0.000034188 0.000034191 0.000034312 0.000034229 0.000047357 0.000035189 0.000035206 
[9] 0.000035111 0.000035091 0.000035048 0.000035123 0.000035229 0.000035033 0.000035249 0.000037751 0.000081932 0.000035048 
[AVERAGE] 0.000038995 s

FEN: 8/8/4k1KP/p5P1/r7/8/8/8 w - - 0 0
        [0]         [1]         [2]         [3]         [4]         [5]         [6]         [7]         [8]         [9]
[0] 0.000011819 0.000010273 0.000009926 0.000009735 0.000009427 0.000009382 0.000009316 0.000009338 0.000009333 0.000009289 
[1] 0.000009322 0.000009332 0.000009282 0.000009301 0.000009343 0.000009288 0.000009299 0.000009266 0.000009306 0.000009308 
[2] 0.000009357 0.000018341 0.000016892 0.000030591 0.000009872 0.000009766 0.000023030 0.000009556 0.000024524 0.000022823 
[3] 0.000009600 0.000009584 0.000009862 0.000009569 0.000038412 0.000009553 0.000012618 0.000027996 0.000014683 0.000014701 
[4] 0.000029475 0.000009606 0.000009530 0.000009518 0.000009566 0.000022783 0.000009327 0.000009312 0.000009342 0.000009383 
[5] 0.000009469 0.000009341 0.000009519 0.000009328 0.000009378 0.000009319 0.000009367 0.000009309 0.000009316 0.000009483 
[6] 0.000009332 0.000009283 0.000009316 0.000009313 0.000015798 0.000018832 0.000039359 0.000009560 0.000009537 0.000009517 
[7] 0.000009625 0.000009549 0.000022956 0.000015355 0.000027615 0.000009359 0.000009321 0.000009294 0.000009306 0.000009342 
[8] 0.000009432 0.000009320 0.000009370 0.000009363 0.000009345 0.000009300 0.000009352 0.000009383 0.000009297 0.000009329 
[9] 0.000009350 0.000009342 0.000009346 0.000009311 0.000009324 0.000009319 0.000009329 0.000009307 0.000009325 0.000009328 
[AVERAGE] 0.000012022 s

FEN: 1R6/p2r4/2ppkp2/6p1/2PKP2p/P4P2/6PP/8 b - - 0 0
        [0]         [1]         [2]         [3]         [4]         [5]         [6]         [7]         [8]         [9]
[0] 0.000054219 0.000049369 0.000048032 0.000047358 0.000046997 0.000046735 0.000046538 0.000046470 0.000046593 0.000046546 
[1] 0.000046543 0.000046315 0.000046616 0.000046352 0.000046428 0.000046344 0.000046571 0.000046457 0.000046263 0.000046654 
[2] 0.000046332 0.000046444 0.000046430 0.000046488 0.000046600 0.000046482 0.000046353 0.000046465 0.000046291 0.000046447 
[3] 0.000046439 0.000046482 0.000046429 0.000046536 0.000046503 0.000046471 0.000046411 0.000046241 0.000046441 0.000046383 
[4] 0.000046333 0.000052516 0.000075052 0.000046337 0.000046405 0.000046566 0.000046433 0.000046723 0.000046622 0.000046476 
[5] 0.000046278 0.000046735 0.000046565 0.000046318 0.000046265 0.000046454 0.000046330 0.000046321 0.000046506 0.000046403 
[6] 0.000046521 0.000046412 0.000046670 0.000046641 0.000046458 0.000046500 0.000046462 0.000046506 0.000046354 0.000061417 
[7] 0.000087759 0.000046393 0.000059543 0.000046525 0.000046317 0.000046689 0.000046513 0.000046542 0.000046464 0.000076117 
[8] 0.000106043 0.000061051 0.000068412 0.000046613 0.000046636 0.000046312 0.000046570 0.000046611 0.000046476 0.000046526 
[9] 0.000046445 0.000046484 0.000046561 0.000046425 0.000046467 0.000046502 0.000046390 0.000046521 0.000046518 0.000046441 
[AVERAGE] 0.000048905 s

FEN: 8/7p/6p1/8/k7/8/2K3P1/8 b - - 0 0
        [0]         [1]         [2]         [3]         [4]         [5]         [6]         [7]         [8]         [9]
[0] 0.000009191 0.000008237 0.000007953 0.000007897 0.000007799 0.000007846 0.000007789 0.000007818 0.000007812 0.000007801 
[1] 0.000013906 0.000011900 0.000007798 0.000007824 0.000007833 0.000007807 0.000007790 0.000022630 0.000008061 0.000021103 
[2] 0.000007854 0.000007823 0.000007838 0.000007817 0.000007826 0.000007821 0.000023071 0.000008037 0.000008013 0.000008000 
[3] 0.000008036 0.000008032 0.000007969 0.000008022 0.000008019 0.000008019 0.000007995 0.000008145 0.000013280 0.000008036 
[4] 0.000022588 0.000020624 0.000020793 0.000007835 0.000007790 0.000007886 0.000007833 0.000007809 0.000007818 0.000007862 
[5] 0.000007898 0.000007843 0.000007798 0.000007842 0.000007828 0.000007840 0.000007809 0.000007802 0.000007813 0.000007879 
[6] 0.000007788 0.000007777 0.000007814 0.000007803 0.000007776 0.000007762 0.000007841 0.000007813 0.000007875 0.000007863 
[7] 0.000007832 0.000007773 0.000007792 0.000007804 0.000007798 0.000007857 0.000007816 0.000007843 0.000007876 0.000007831 
[8] 0.000007805 0.000007810 0.000007870 0.000007796 0.000007867 0.000007848 0.000012753 0.000010888 0.000007842 0.000007846 
[9] 0.000007802 0.000007785 0.000007780 0.000007804 0.000007828 0.000007753 0.000007804 0.000007808 0.000007822 0.000007780 
[AVERAGE] 0.000008943 s

FEN: R7/8/8/6p1/4k3/3rPp1P/8/6K1 b - - 0 0
        [0]         [1]         [2]         [3]         [4]         [5]         [6]         [7]         [8]         [9]
[0] 0.000040633 0.000037243 0.000035740 0.000035152 0.000034799 0.000034383 0.000034455 0.000034300 0.000034208 0.000034216 
[1] 0.000034352 0.000034302 0.000034302 0.000034344 0.000034378 0.000034385 0.000034348 0.000034200 0.000034338 0.000034483 
[2] 0.000034247 0.000034406 0.000034472 0.000034282 0.000034404 0.000034160 0.000034300 0.000034252 0.000034234 0.000034360 
[3] 0.000034333 0.000034241 0.000034356 0.000034311 0.000034296 0.000034231 0.000034237 0.000034186 0.000034250 0.000034373 
[4] 0.000034258 0.000034475 0.000034411 0.000034312 0.000034315 0.000034328 0.000034354 0.000034445 0.000034337 0.000034246 
[5] 0.000034364 0.000034320 0.000034415 0.000034327 0.000034405 0.000034305 0.000034243 0.000034213 0.000034366 0.000034318 
[6] 0.000034383 0.000034249 0.000034420 0.000034419 0.000034285 0.000034156 0.000034292 0.000034312 0.000034344 0.000034241 
[7] 0.000034266 0.000034200 0.000034311 0.000034275 0.000034348 0.000034295 0.000034212 0.000034352 0.000034212 0.000034303 
[8] 0.000057612 0.000047548 0.000034234 0.000034267 0.000034322 0.000034313 0.000034339 0.000034402 0.000034353 0.000034354 
[9] 0.000034231 0.000034335 0.000034302 0.000034243 0.000034335 0.000034279 0.000034322 0.000034406 0.000034360 0.000034374 
[AVERAGE] 0.000034801 s

FEN: 8/7p/1p1k2p1/p1p2p2/8/PP2P2P/4KPP1/8 w - - 0 0
        [0]         [1]         [2]         [3]         [4]         [5]         [6]         [7]         [8]         [9]
[0] 0.000046939 0.000028874 0.000055542 0.000026971 0.000026644 0.000026579 0.000026545 0.000026424 0.000026486 0.000026491 
[1] 0.000026534 0.000026564 0.000026564 0.000026391 0.000026527 0.000026560 0.000026479 0.000026439 0.000026553 0.000026587 
[2] 0.000026582 0.000026444 0.000026398 0.000026398 0.000026461 0.000026469 0.000026469 0.000026524 0.000026512 0.000026498 
[3] 0.000026397 0.000026537 0.000026458 0.000026429 0.000026390 0.000026496 0.000038763 0.000026529 0.000026454 0.000026331 
[4] 0.000026564 0.000026398 0.000026460 0.000026417 0.000026494 0.000026468 0.000026413 0.000026486 0.000026506 0.000026424 
[5] 0.000026506 0.000026439 0.000026387 0.000026438 0.000044503 0.000039646 0.000026534 0.000054274 0.000026593 0.000026486 
[6] 0.000026479 0.000026443 0.000026493 0.000026461 0.000026421 0.000026379 0.000026487 0.000026551 0.000026426 0.000026488 
[7] 0.000026568 0.000026416 0.000026422 0.000026450 0.000026522 0.000026479 0.000026467 0.000026692 0.000026500 0.000026387 
[8] 0.000026564 0.000026556 0.000026508 0.000026423 0.000026508 0.000026509 0.000026370 0.000026565 0.000026485 0.000026484 
[9] 0.000026433 0.000026562 0.000026437 0.000048427 0.000053333 0.000026386 0.000026458 0.000026489 0.000026392 0.000026457 
[AVERAGE] 0.000028205 s

FEN: 8/p7/1P6/1r3p1k/7P/3R1KP1/8/8 b - - 0 0
        [0]         [1]         [2]         [3]         [4]         [5]         [6]         [7]         [8]         [9]
[0] 0.000033056 0.000029076 0.000027621 0.000026977 0.000026800 0.000026572 0.000026630 0.000026465 0.000026592 0.000026430 
[1] 0.000026563 0.000026522 0.000026391 0.000026484 0.000026442 0.000026500 0.000026396 0.000026575 0.000026667 0.000026812 
[2] 0.000026632 0.000026495 0.000026454 0.000026567 0.000026551 0.000026559 0.000026533 0.000026492 0.000026543 0.000026409 
[3] 0.000026542 0.000026458 0.000026475 0.000026531 0.000026585 0.000026401 0.000026547 0.000026513 0.000026449 0.000026389 
[4] 0.000026486 0.000026422 0.000026489 0.000026474 0.000026538 0.000026482 0.000026539 0.000026575 0.000041359 0.000026454 
[5] 0.000055271 0.000026444 0.000026565 0.000026451 0.000026420 0.000062571 0.000027797 0.000026523 0.000055057 0.000026602 
[6] 0.000041433 0.000039785 0.000055727 0.000026495 0.000026444 0.000026462 0.000026565 0.000026508 0.000026519 0.000026859 
[7] 0.000041578 0.000041386 0.000039800 0.000026522 0.000026559 0.000026624 0.000026541 0.000026446 0.000026564 0.000026491 
[8] 0.000027314 0.000026717 0.000026369 0.000026684 0.000026538 0.000026525 0.000026481 0.000026436 0.000026375 0.000054824 
[9] 0.000027172 0.000027189 0.000027276 0.000067914 0.000027227 0.000039833 0.000026491 0.000026891 0.000026858 0.000027050 
[AVERAGE] 0.000029607 s

FEN: 8/5p1p/pk1p2p1/2pP4/2P2P2/4K2P/1P4P1/8 w - - 0 0
        [0]         [1]         [2]         [3]         [4]         [5]         [6]         [7]         [8]         [9]
[0] 0.000023677 0.000021960 0.000021308 0.000056356 0.000021058 0.000027249 0.000040627 0.000035008 0.000020799 0.000020574 
[1] 0.000020443 0.000020434 0.000020349 0.000020473 0.000020522 0.000020504 0.000020370 0.000020368 0.000028575 0.000020438 
[2] 0.000020756 0.000035426 0.000033603 0.000020792 0.000036223 0.000034727 0.000020483 0.000020449 0.000020568 0.000020514 
[3] 0.000033373 0.000021098 0.000021007 0.000020954 0.000020979 0.000020999 0.000021055 0.000020991 0.000021006 0.000020848 
[4] 0.000020967 0.000020956 0.000020895 0.000020989 0.000020934 0.000020938 0.000020931 0.000020996 0.000021019 0.000020939 
[5] 0.000020920 0.000021081 0.000020964 0.000020924 0.000020984 0.000020939 0.000020926 0.000021040 0.000021034 0.000020990 
[6] 0.000020945 0.000020943 0.000020878 0.000021011 0.000021031 0.000020944 0.000020921 0.000021109 0.000021081 0.000021018 
[7] 0.000020963 0.000020996 0.000020969 0.000020925 0.000020974 0.000020880 0.000021103 0.000020980 0.000021099 0.000021000 
[8] 0.000021106 0.000020948 0.000021047 0.000020948 0.000021019 0.000020976 0.000020912 0.000020923 0.000023854 0.000025610 
[9] 0.000020954 0.000020802 0.000020998 0.000021015 0.000020956 0.000020986 0.000021053 0.000021040 0.000021070 0.000020958 
[AVERAGE] 0.000022533 s

FEN: 5k2/5p2/6p1/7p/P7/2K3P1/7P/8 b - - 0 0
        [0]         [1]         [2]         [3]         [4]         [5]         [6]         [7]         [8]         [9]
[0] 0.000013229 0.000011894 0.000011433 0.000011304 0.000011241 0.000011039 0.000011113 0.000011024 0.000011027 0.000011047 
[1] 0.000011111 0.000011047 0.000011043 0.000011123 0.000011029 0.000010935 0.000011056 0.000011058 0.000011036 0.000011027 
[2] 0.000010965 0.000011092 0.000011035 0.000011001 0.000010961 0.000011022 0.000011106 0.000011029 0.000011071 0.000011055 
[3] 0.000011085 0.000010990 0.000011036 0.000010977 0.000010929 0.000011052 0.000010889 0.000011327 0.000011529 0.000010979 
[4] 0.000011130 0.000010969 0.000011021 0.000011081 0.000010960 0.000011008 0.000011081 0.000011000 0.000011028 0.000011122 
[5] 0.000011041 0.000011025 0.000010992 0.000010998 0.000010983 0.000011070 0.000011034 0.000011093 0.000011112 0.000011021 
[6] 0.000010961 0.000011072 0.000011069 0.000011054 0.000010960 0.000011006 0.000011044 0.000011028 0.000011038 0.000011068 
[7] 0.000010953 0.000010941 0.000011119 0.000010985 0.000011016 0.000011048 0.000010969 0.000011007 0.000010974 0.000011005 
[8] 0.000011016 0.000010993 0.000011062 0.000011019 0.000011019 0.000010945 0.000010996 0.000010952 0.000011027 0.000010972 
[9] 0.000011062 0.000011060 0.000011022 0.000011063 0.000010996 0.000010957 0.000011022 0.000011040 0.000016877 0.000011042 
[AVERAGE] 0.000011132 s

FEN: 8/8/5K2/3kn3/6B1/7P/8/8 b - - 0 0
        [0]         [1]         [2]         [3]         [4]         [5]         [6]         [7]         [8]         [9]
[0] 0.000014706 0.000012607 0.000011971 0.000011679 0.000011543 0.000011491 0.000011603 0.000011475 0.000011492 0.000011494 
[1] 0.000011488 0.000011484 0.000011515 0.000011574 0.000011514 0.000011502 0.000011494 0.000011486 0.000011512 0.000011513 
[2] 0.000011549 0.000011471 0.000011515 0.000011459 0.000011605 0.000011505 0.000011542 0.000011666 0.000011530 0.000011549 
[3] 0.000011444 0.000011538 0.000011493 0.000011546 0.000011502 0.000011468 0.000011511 0.000011468 0.000011484 0.000011532 
[4] 0.000011570 0.000011504 0.000011464 0.000011526 0.000011514 0.000011476 0.000011511 0.000011533 0.000011431 0.000011441 
[5] 0.000011568 0.000011432 0.000011448 0.000011478 0.000011516 0.000011500 0.000011404 0.000011475 0.000011567 0.000011557 
[6] 0.000011518 0.000011496 0.000011431 0.000011458 0.000011415 0.000011488 0.000011508 0.000011541 0.000011524 0.000011514 
[7] 0.000011516 0.000011534 0.000011536 0.000011558 0.000011513 0.000011595 0.000011439 0.000011695 0.000011467 0.000011454 
[8] 0.000011487 0.000011478 0.000011512 0.000011463 0.000011598 0.000011521 0.000011462 0.000011453 0.000011460 0.000011464 
[9] 0.000011504 0.000011477 0.000011551 0.000011640 0.000011450 0.000011541 0.000011501 0.000011554 0.000011550 0.000011566 
[AVERAGE] 0.000011559 s

FEN: 8/8/7k/8/8/8/5q2/3B2RK b - - 0 1
        [0]         [1]         [2]         [3]         [4]         [5]         [6]         [7]         [8]         [9]
[0] 0.000075423 0.000070209 0.000068190 0.000067521 0.000066778 0.000066484 0.000066227 0.000066245 0.000066060 0.000065791 
[1] 0.000065991 0.000065938 0.000066073 0.000065940 0.000065986 0.000065770 0.000065990 0.000075273 0.000066124 0.000065988 
[2] 0.000065856 0.000065961 0.000065872 0.000065919 0.000065857 0.000065859 0.000065926 0.000065921 0.000065875 0.000065892 
[3] 0.000066084 0.000071595 0.000065990 0.000066232 0.000065886 0.000065797 0.000066010 0.000065855 0.000065865 0.000065712 
[4] 0.000065824 0.000065789 0.000065666 0.000065753 0.000065878 0.000066131 0.000066241 0.000065811 0.000065746 0.000065745 
[5] 0.000065798 0.000065842 0.000065816 0.000065796 0.000065936 0.000065844 0.000065889 0.000066012 0.000065916 0.000066010 
[6] 0.000065820 0.000065747 0.000065797 0.000065871 0.000065850 0.000065984 0.000065982 0.000065809 0.000066049 0.000065827 
[7] 0.000065851 0.000065856 0.000065867 0.000065795 0.000065785 0.000103079 0.000065815 0.000065854 0.000065763 0.000065865 
[8] 0.000065879 0.000085400 0.000084826 0.000074079 0.000065817 0.000065879 0.000065904 0.000065964 0.000065862 0.000065967 
[9] 0.000065789 0.000065699 0.000065904 0.000065793 0.000066003 0.000065825 0.000073673 0.000065809 0.000065887 0.000065826 
[AVERAGE] 0.000067155 s

FEN: 8/p6p/1p2p1k1/4pp2/2P5/8/PP1K1PPP/8 b - - 0 0
        [0]         [1]         [2]         [3]         [4]         [5]         [6]         [7]         [8]         [9]
[0] 0.000058311 0.000055735 0.000055491 0.000054870 0.000054831 0.000054632 0.000054555 0.000054645 0.000054563 0.000054714 
[1] 0.000054709 0.000054535 0.000054543 0.000054673 0.000054666 0.000054819 0.000054877 0.000054845 0.000054654 0.000054563 
[2] 0.000054819 0.000054514 0.000054612 0.000054791 0.000054606 0.000054814 0.000054631 0.000054677 0.000054638 0.000054703 
[3] 0.000054574 0.000054552 0.000054650 0.000054495 0.000054787 0.000054619 0.000057642 0.000054651 0.000054733 0.000054769 
[4] 0.000054612 0.000054659 0.000054596 0.000054551 0.000054682 0.000054718 0.000054615 0.000054811 0.000054840 0.000054557 
[5] 0.000054584 0.000054740 0.000054771 0.000054672 0.000054818 0.000054764 0.000054677 0.000054577 0.000054575 0.000054777 
[6] 0.000054596 0.000054589 0.000054714 0.000054528 0.000054676 0.000054780 0.000054863 0.000054607 0.000054466 0.000054769 
[7] 0.000054641 0.000054571 0.000054441 0.000054726 0.000054646 0.000054679 0.000054754 0.000054807 0.000054700 0.000054583 
[8] 0.000054696 0.000054667 0.000054457 0.000054700 0.000054776 0.000054443 0.000054741 0.000054538 0.000054620 0.000054683 
[9] 0.000054814 0.000054614 0.000058312 0.000057716 0.000054554 0.000054728 0.000054631 0.000060173 0.000066263 0.000053382 
[AVERAGE] 0.000054977 s

FEN: 8/8/4kp2/5p1p/8/3KP1P1/7P/8 b - - 0 0
        [0]         [1]         [2]         [3]         [4]         [5]         [6]         [7]         [8]         [9]
[0] 0.000021100 0.000018888 0.000018055 0.000017903 0.000017503 0.000017576 0.000017575 0.000017486 0.000017507 0.000017572 
[1] 0.000017652 0.000017406 0.000017500 0.000017394 0.000017496 0.000017448 0.000017439 0.000017563 0.000017423 0.000017551 
[2] 0.000017560 0.000017613 0.000017513 0.000017564 0.000017550 0.000017473 0.000017523 0.000017441 0.000017586 0.000017510 
[3] 0.000017545 0.000017617 0.000017501 0.000017511 0.000017543 0.000017406 0.000017444 0.000017599 0.000017555 0.000017673 
[4] 0.000017568 0.000017559 0.000017579 0.000017529 0.000017561 0.000017466 0.000017577 0.000017390 0.000017505 0.000017476 
[5] 0.000017530 0.000017537 0.000017402 0.000017560 0.000017469 0.000017585 0.000017486 0.000017494 0.000017621 0.000017546 
[6] 0.000017504 0.000017500 0.000017539 0.000017542 0.000017595 0.000017436 0.000017603 0.000017476 0.000017641 0.000017522 
[7] 0.000017449 0.000017542 0.000017539 0.000017599 0.000017465 0.000017465 0.000017500 0.000017574 0.000017561 0.000017567 
[8] 0.000017662 0.000017431 0.000017495 0.000017537 0.000017542 0.000017516 0.000017531 0.000017493 0.000017421 0.000017563 
[9] 0.000017414 0.000017538 0.000017431 0.000017524 0.000017499 0.000017616 0.000017589 0.000017519 0.000017479 0.000017493 
[AVERAGE] 0.000017581 s

FEN: 8/7p/5kp1/4p3/p3rPRP/2K3P1/8/8 w - - 0 0
        [0]         [1]         [2]         [3]         [4]         [5]         [6]         [7]         [8]         [9]
[0] 0.000025968 0.000021234 0.000019136 0.000018144 0.000039170 0.000017799 0.000017543 0.000017462 0.000017212 0.000017328 
[1] 0.000017288 0.000017187 0.000017176 0.000017115 0.000017224 0.000017159 0.000017208 0.000017176 0.000017243 0.000017084 
[2] 0.000017318 0.000017251 0.000017274 0.000017199 0.000017260 0.000017319 0.000017238 0.000017336 0.000017256 0.000017203 
[3] 0.000017200 0.000017350 0.000017229 0.000017227 0.000017299 0.000017183 0.000017216 0.000017213 0.000017283 0.000017162 
[4] 0.000017134 0.000017236 0.000017199 0.000017182 0.000017231 0.000017213 0.000017296 0.000017227 0.000017184 0.000017278 
[5] 0.000017256 0.000017303 0.000017221 0.000017200 0.000017186 0.000017177 0.000017217 0.000017136 0.000017258 0.000017195 
[6] 0.000017128 0.000017197 0.000017152 0.000027131 0.000017290 0.000017229 0.000017204 0.000017231 0.000017168 0.000017088 
[7] 0.000017063 0.000017123 0.000017217 0.000017199 0.000017232 0.000017221 0.000020510 0.000017135 0.000017152 0.000017246 
[8] 0.000017137 0.000017284 0.000017046 0.000017206 0.000017072 0.000017157 0.000017106 0.000017232 0.000017230 0.000017152 
[9] 0.000017494 0.000017380 0.000017166 0.000017206 0.000017286 0.000017296 0.000017388 0.000017318 0.000017155 0.000017197 
[AVERAGE] 0.000017736 s

FEN: 8/6k1/8/R7/7K/1P6/5r2/8 b - - 0 1
        [0]         [1]         [2]         [3]         [4]         [5]         [6]         [7]         [8]         [9]
[0] 0.000045895 0.000053266 0.000042301 0.000041644 0.000041310 0.000041212 0.000041072 0.000041107 0.000041187 0.000041138 
[1] 0.000041638 0.000041534 0.000042773 0.000042035 0.000042012 0.000042310 0.000041500 0.000041116 0.000041135 0.000041099 
[2] 0.000041135 0.000040895 0.000041027 0.000041154 0.000041006 0.000040935 0.000050283 0.000041081 0.000041075 0.000041025 
[3] 0.000049464 0.000041684 0.000041039 0.000041471 0.000040971 0.000040994 0.000041032 0.000040896 0.000041060 0.000041047 
[4] 0.000041025 0.000040962 0.000040988 0.000040949 0.000041068 0.000040983 0.000041091 0.000041061 0.000040982 0.000040903 
[5] 0.000040965 0.000041002 0.000040937 0.000040976 0.000041113 0.000041064 0.000040980 0.000040995 0.000040972 0.000041017 
[6] 0.000041038 0.000040968 0.000041153 0.000041090 0.000040995 0.000041014 0.000041110 0.000041080 0.000040975 0.000047767 
[7] 0.000041393 0.000041069 0.000041235 0.000041074 0.000041070 0.000040976 0.000041155 0.000041060 0.000041044 0.000041065 
[8] 0.000040957 0.000041241 0.000041040 0.000040976 0.000040945 0.000041039 0.000041022 0.000040983 0.000041091 0.000040926 
[9] 0.000041007 0.000040970 0.000040959 0.000041121 0.000041075 0.000040867 0.000040963 0.000040987 0.000040989 0.000040972 
[AVERAGE] 0.000041551 s

FEN: 3b1N2/8/3k4/5pp1/8/5K1P/8/8 w - - 0 0
        [0]         [1]         [2]         [3]         [4]         [5]         [6]         [7]         [8]         [9]
[0] 0.000024182 0.000020887 0.000019942 0.000019350 0.000019170 0.000019052 0.000019019 0.000018927 0.000018885 0.000018889 
[1] 0.000018900 0.000018967 0.000018974 0.000018932 0.000018888 0.000018906 0.000018877 0.000018953 0.000018831 0.000018949 
[2] 0.000018917 0.000018874 0.000018989 0.000018922 0.000018962 0.000018949 0.000018925 0.000018939 0.000018877 0.000018878 
[3] 0.000018883 0.000018861 0.000019014 0.000018969 0.000019021 0.000018852 0.000018972 0.000018901 0.000018907 0.000018965 
[4] 0.000018935 0.000018913 0.000018945 0.000018944 0.000019006 0.000018921 0.000018912 0.000018891 0.000018864 0.000018913 
[5] 0.000018882 0.000018893 0.000018905 0.000018951 0.000018891 0.000018843 0.000018893 0.000018899 0.000018915 0.000018996 
[6] 0.000018847 0.000018910 0.000018969 0.000018771 0.000018884 0.000018982 0.000019063 0.000018859 0.000018934 0.000018939 
[7] 0.000018906 0.000019011 0.000018932 0.000018918 0.000018962 0.000018915 0.000018971 0.000018899 0.000018905 0.000018972 
[8] 0.000018882 0.000018840 0.000018931 0.000018833 0.000018952 0.000018743 0.000018954 0.000018976 0.000018920 0.000018904 
[9] 0.000019006 0.000018969 0.000018916 0.000018894 0.000018916 0.000018927 0.000018954 0.000018966 0.000018909 0.000018931 
[AVERAGE] 0.000019012 s

FEN: R7/P7/5p2/4pk1p/5p2/3K1PP1/r6P/8 b - - 0 0
        [0]         [1]         [2]         [3]         [4]         [5]         [6]         [7]         [8]         [9]
[0] 0.000053325 0.000048563 0.000069224 0.000058819 0.000044215 0.000043980 0.000043587 0.000043434 0.000043120 0.000042959 
[1] 0.000058696 0.000043370 0.000042879 0.000042959 0.000042996 0.000042915 0.000042939 0.000042855 0.000042991 0.000043052 
[2] 0.000042857 0.000043002 0.000042977 0.000042743 0.000042649 0.000042880 0.000042743 0.000042962 0.000042853 0.000042835 
[3] 0.000042831 0.000042981 0.000042817 0.000042708 0.000042908 0.000042873 0.000042903 0.000042922 0.000042999 0.000042790 
[4] 0.000042920 0.000042862 0.000042732 0.000042789 0.000042936 0.000042797 0.000042820 0.000042717 0.000042567 0.000042739 
[5] 0.000042888 0.000042716 0.000042699 0.000042738 0.000042777 0.000042899 0.000042683 0.000042771 0.000042602 0.000042709 
[6] 0.000042635 0.000042626 0.000042588 0.000042567 0.000042780 0.000042580 0.000042778 0.000042604 0.000042583 0.000042771 
[7] 0.000042649 0.000042794 0.000042656 0.000042634 0.000042682 0.000042725 0.000042733 0.000042773 0.000045801 0.000042656 
[8] 0.000042606 0.000042776 0.000042575 0.000042817 0.000042578 0.000042552 0.000042726 0.000042689 0.000042557 0.000042570 
[9] 0.000042677 0.000042684 0.000042643 0.000042430 0.000042505 0.000042374 0.000042464 0.000042708 0.000042562 0.000042712 
[AVERAGE] 0.000043583 s

FEN: 8/7p/6p1/5k2/7N/8/4KP2/8 b - - 0 0
        [0]         [1]         [2]         [3]         [4]         [5]         [6]         [7]         [8]         [9]
[0] 0.000025591 0.000022147 0.000021408 0.000021114 0.000020779 0.000020639 0.000020653 0.000020468 0.000020593 0.000020545 
[1] 0.000020483 0.000020553 0.000020522 0.000020457 0.000020558 0.000020542 0.000020523 0.000020507 0.000020488 0.000020542 
[2] 0.000020551 0.000020587 0.000020581 0.000020559 0.000020512 0.000020561 0.000020601 0.000020550 0.000020553 0.000020563 
[3] 0.000020548 0.000020570 0.000020573 0.000020596 0.000020637 0.000020847 0.000020593 0.000020515 0.000020601 0.000020629 
[4] 0.000020587 0.000020566 0.000020590 0.000020567 0.000020524 0.000020579 0.000020587 0.000020558 0.000020652 0.000020560 
[5] 0.000020528 0.000020631 0.000020551 0.000020602 0.000020586 0.000020591 0.000020659 0.000020557 0.000020547 0.000020538 
[6] 0.000020535 0.000020464 0.000020547 0.000020699 0.000020552 0.000020546 0.000020558 0.000020553 0.000020533 0.000020547 
[7] 0.000023834 0.000026152 0.000020579 0.000020877 0.000020561 0.000020587 0.000020589 0.000020616 0.000020622 0.000020623 
[8] 0.000020588 0.000020546 0.000020593 0.000020428 0.000020476 0.000020521 0.000020487 0.000020500 0.000020614 0.000020495 
[9] 0.000020534 0.000020545 0.000020580 0.000020620 0.000020529 0.000020501 0.000020620 0.000020562 0.000020633 0.000020628 
[AVERAGE] 0.000020740 s

FEN: 6k1/8/p7/1p6/3K4/8/PPr4P/4R3 w - - 0 1
        [0]         [1]         [2]         [3]         [4]         [5]         [6]         [7]         [8]         [9]
[0] 0.000068493 0.000063838 0.000062299 0.000061366 0.000064211 0.000094417 0.000060604 0.000060663 0.000060479 0.000060524 
[1] 0.000060363 0.000060576 0.000060513 0.000060358 0.000060604 0.000060452 0.000060275 0.000060562 0.000060580 0.000060529 
[2] 0.000060456 0.000060530 0.000060514 0.000060429 0.000060425 0.000060530 0.000060410 0.000060542 0.000060400 0.000060618 
[3] 0.000060650 0.000060439 0.000060579 0.000060506 0.000060740 0.000060513 0.000060491 0.000060350 0.000060329 0.000060473 
[4] 0.000060429 0.000060532 0.000060285 0.000060425 0.000060340 0.000060491 0.000060569 0.000061025 0.000085517 0.000060582 
[5] 0.000060779 0.000060586 0.000060753 0.000060449 0.000060494 0.000060432 0.000060552 0.000060509 0.000098194 0.000060443 
[6] 0.000060570 0.000060676 0.000060676 0.000060383 0.000060308 0.000073547 0.000060590 0.000060509 0.000060520 0.000060468 
[7] 0.000060762 0.000060677 0.000060324 0.000060306 0.000061273 0.000067383 0.000060512 0.000060474 0.000060555 0.000060518 
[8] 0.000060459 0.000060504 0.000060565 0.000060500 0.000060703 0.000060672 0.000060382 0.000060350 0.000060663 0.000060614 
[9] 0.000060470 0.000060308 0.000060547 0.000060388 0.000060461 0.000060473 0.000060508 0.000060557 0.000060676 0.000060547 
[AVERAGE] 0.000061864 s

FEN: 8/8/6R1/5p1p/5k2/7r/8/2K5 w - - 0 0
        [0]         [1]         [2]         [3]         [4]         [5]         [6]         [7]         [8]         [9]
[0] 0.000054675 0.000052172 0.000050990 0.000050704 0.000050629 0.000050628 0.000050373 0.000050240 0.000050379 0.000050273 
[1] 0.000050437 0.000050493 0.000050312 0.000050346 0.000055628 0.000086125 0.000050414 0.000050464 0.000050476 0.000050285 
[2] 0.000050299 0.000050393 0.000050466 0.000058614 0.000050424 0.000050514 0.000050297 0.000050408 0.000050419 0.000050398 
[3] 0.000050521 0.000050497 0.000050364 0.000050551 0.000050422 0.000059008 0.000050525 0.000050655 0.000050356 0.000050352 
[4] 0.000050427 0.000050427 0.000050343 0.000050358 0.000050340 0.000050291 0.000050483 0.000050431 0.000050422 0.000050479 
[5] 0.000050418 0.000050524 0.000050311 0.000050514 0.000050369 0.000050413 0.000050467 0.000050646 0.000050539 0.000050448 
[6] 0.000050324 0.000050508 0.000050381 0.000050590 0.000050479 0.000050371 0.000050500 0.000050505 0.000050277 0.000050460 
[7] 0.000050552 0.000050485 0.000050336 0.000050428 0.000057793 0.000050653 0.000050553 0.000050452 0.000050427 0.000056530 
[8] 0.000050608 0.000050123 0.000050494 0.000050531 0.000050423 0.000050320 0.000050431 0.000050427 0.000050391 0.000050609 
[9] 0.000050283 0.000050441 0.000050299 0.000050299 0.000050545 0.000050318 0.000050528 0.000050424 0.000050789 0.000050566 
[AVERAGE] 0.000051216 s

FEN: 8/6Rp/8/5k2/5p2/5K2/7r/8 b - - 0 0
        [0]         [1]         [2]         [3]         [4]         [5]         [6]         [7]         [8]         [9]
[0] 0.000065016 0.000059758 0.000057935 0.000057008 0.000056592 0.000056188 0.000056046 0.000056019 0.000055687 0.000055624 
[1] 0.000055689 0.000055667 0.000055771 0.000055613 0.000055569 0.000055469 0.000055476 0.000055499 0.000055428 0.000055484 
[2] 0.000055551 0.000055650 0.000055462 0.000055458 0.000055555 0.000055655 0.000055726 0.000055773 0.000055645 0.000055502 
[3] 0.000055750 0.000055883 0.000055719 0.000086528 0.000055686 0.000055574 0.000055559 0.000055639 0.000055683 0.000059470 
[4] 0.000055436 0.000055488 0.000055541 0.000055418 0.000055561 0.000055551 0.000055627 0.000055566 0.000055612 0.000055613 
[5] 0.000100020 0.000071697 0.000055765 0.000055920 0.000055675 0.000055551 0.000055719 0.000055472 0.000055503 0.000055497 
[6] 0.000055771 0.000055502 0.000055636 0.000063509 0.000055572 0.000055413 0.000055553 0.000055615 0.000055576 0.000062997 
[7] 0.000055586 0.000055498 0.000055501 0.000055393 0.000055388 0.000055383 0.000055514 0.000055373 0.000055556 0.000055556 
[8] 0.000055657 0.000055408 0.000055337 0.000055637 0.000055352 0.000055609 0.000055502 0.000055405 0.000055398 0.000055499 
[9] 0.000055440 0.000055468 0.000055385 0.000055650 0.000055562 0.000055445 0.000055685 0.000061557 0.000092376 0.000095006 
[AVERAGE] 0.000057695 s

FEN: 6k1/3R4/5Kp1/6r1/4P3/8/8/8 b - - 0 0
        [0]         [1]         [2]         [3]         [4]         [5]         [6]         [7]         [8]         [9]
[0] 0.000027925 0.000025055 0.000023932 0.000023429 0.000023159 0.000023013 0.000022951 0.000022982 0.000022803 0.000022956 
[1] 0.000022992 0.000022872 0.000022915 0.000022983 0.000022899 0.000022861 0.000022897 0.000022896 0.000022938 0.000022971 
[2] 0.000022768 0.000022840 0.000022866 0.000022891 0.000022929 0.000023000 0.000022996 0.000022846 0.000032706 0.000039915 
[3] 0.000025493 0.000022899 0.000022825 0.000022866 0.000022905 0.000022887 0.000022940 0.000022913 0.000022962 0.000022853 
[4] 0.000022860 0.000042165 0.000036874 0.000023520 0.000023496 0.000035704 0.000022881 0.000022916 0.000022857 0.000022840 
[5] 0.000023011 0.000022858 0.000022913 0.000022860 0.000022842 0.000022940 0.000022823 0.000022873 0.000022906 0.000022825 
[6] 0.000022900 0.000022871 0.000022935 0.000022762 0.000022898 0.000022873 0.000022791 0.000022863 0.000022873 0.000022907 
[7] 0.000022869 0.000022878 0.000022946 0.000022867 0.000022767 0.000022804 0.000022883 0.000022888 0.000030472 0.000022848 
[8] 0.000022945 0.000022850 0.000022894 0.000022847 0.000022853 0.000022941 0.000022906 0.000022848 0.000022853 0.000022899 
[9] 0.000022986 0.000022954 0.000022897 0.000022927 0.000022941 0.000022873 0.000022914 0.000022855 0.000022905 0.000022894 
[AVERAGE] 0.000023826 s

FEN: 6K1/8/5P1k/2R5/1r6/8/2p5/8 w - - 0 0        [0]         [1]         [2]         [3]         [4]         [5]         [6]         [7]         [8]         [9]
[0] 0.000064595 0.000060262 0.000069797 0.000055651 0.000054704 0.000054196 0.000054026 0.000053827 0.000053788 0.000053829 
[1] 0.000053784 0.000053798 0.000077345 0.000080034 0.000053711 0.000053835 0.000053640 0.000053749 0.000056631 0.000058935 
[2] 0.000082291 0.000082846 0.000053634 0.000053615 0.000053899 0.000053564 0.000053582 0.000053741 0.000053553 0.000053554 
[3] 0.000053642 0.000053779 0.000053752 0.000053624 0.000053713 0.000066824 0.000055085 0.000055075 0.000055060 0.000055105 
[4] 0.000055122 0.000055139 0.000055214 0.000055100 0.000055191 0.000055113 0.000054987 0.000054964 0.000055176 0.000054996 
[5] 0.000054945 0.000054921 0.000055098 0.000055015 0.000054974 0.000054943 0.000055175 0.000055081 0.000055003 0.000054955 
[6] 0.000054909 0.000055089 0.000055246 0.000055096 0.000055066 0.000054968 0.000054906 0.000055096 0.000055027 0.000055086 
[7] 0.000054966 0.000092290 0.000066430 0.000053645 0.000053562 0.000053621 0.000053415 0.000053770 0.000053622 0.000053604 
[8] 0.000053757 0.000053489 0.000053531 0.000053583 0.000053529 0.000053671 0.000053671 0.000053464 0.000053464 0.000066614 
[9] 0.000054968 0.000054819 0.000055062 0.000055034 0.000054978 0.000055051 0.000054962 0.000055119 0.000055045 0.000054938 
[AVERAGE] 0.000056593 s

----------------------------------- AVERAGES ------------------------------------------


---------- REGULAR POSITIONS ----------

 [0] 0.000084775
 [1] 0.000011733
 [2] 0.000074767
 [3] 0.000035942
 [4] 0.000059864
 [5] 0.000014279
 [6] 0.000077819
 [7] 0.000081594
 [8] 0.000046167
 [9] 0.000179676
[10] 0.000177701
[11] 0.000040843
[12] 0.000044010
[13] 0.000023047
[14] 0.000022322
[15] 0.000008239
[16] 0.000021319
[17] 0.000035605
[18] 0.000009191
[19] 0.000088180
[20] 0.000067170
[21] 0.000065433
[22] 0.000051161
[23] 0.000027880
[24] 0.000034009
[25] 0.000038995
[26] 0.000012022
[27] 0.000048905
[28] 0.000008943
[29] 0.000034801
[30] 0.000028205
[31] 0.000029607
[32] 0.000022533
[33] 0.000011132
[34] 0.000011559
[35] 0.000067155
[36] 0.000054977
[37] 0.000017581
[38] 0.000017736
[39] 0.000041551
[40] 0.000019012
[41] 0.000043583
[42] 0.000020740
[43] 0.000061864
[44] 0.000051216
[45] 0.000057695
[46] 0.000023826
[47] 0.000056593

----------------------------------- AVERAGES ------------------------------------------



