FEN: rnbqkbnr/pppppppp/8/8/8/8/PPPPPPPP/RNBQKBNR w KQkq - 0 1
        [0]         [1]         [2]         [3]         [4]         [5]         [6]         [7]         [8]         [9]
[0] 0.000563449 0.000600848 0.000561712 0.000565183 0.000676296 0.000637832 0.000566239 0.000600540 0.000560896 0.000571884 
[1] 0.000616430 0.000622758 0.000560998 0.000571156 0.000733300 0.000587023 0.000579050 0.000560632 0.000570938 0.000570913 
[2] 0.000560742 0.000681999 0.000560568 0.000677251 0.000565810 0.000561033 0.000571668 0.000626903 0.000595069 0.000712880 
[3] 0.000642087 0.000771046 0.000700378 0.000575236 0.000583757 0.000564921 0.000566988 0.000697049 0.000560146 0.000571713 
[4] 0.000670357 0.000561255 0.000565736 0.000620085 0.000570969 0.000566278 0.000588889 0.000593431 0.000568551 0.000797742 
[5] 0.000565141 0.000560617 0.000571788 0.000560482 0.000679874 0.000565440 0.000560291 0.000580809 0.000653584 0.000597852 
[6] 0.000592651 0.000561234 0.000571570 0.000560629 0.000635729 0.000629951 0.000566041 0.000688917 0.000560840 0.000566252 
[7] 0.000563250 0.000680769 0.000564991 0.000560079 0.000572315 0.000547077 0.000727027 0.000565586 0.000547091 0.000557744 
[8] 0.000605791 0.000670226 0.000617624 0.000561128 0.000571628 0.000714795 0.000560487 0.000676217 0.000560346 0.000576518 
[9] 0.000594598 0.000560400 0.000574905 0.000595258 0.000594994 0.000560349 0.000566936 0.000566987 0.000576023 0.000701080 
[AVERAGE] 0.000600505 s

FEN: 6k1/5p2/6p1/8/7p/8/6PP/6K1 b - - 0 0
        [0]         [1]         [2]         [3]         [4]         [5]         [6]         [7]         [8]         [9]
[0] 0.000025684 0.000011922 0.000026383 0.000026478 0.000025416 0.000011991 0.000011865 0.000012042 0.000011887 0.000011934 
[1] 0.000027948 0.000024750 0.000011553 0.000026406 0.000024767 0.000011734 0.000011558 0.000011547 0.000011650 0.000011524 
[2] 0.000011579 0.000011622 0.000011582 0.000011718 0.000011584 0.000011585 0.000011577 0.000011515 0.000011584 0.000011587 
[3] 0.000011537 0.000041023 0.000011696 0.000011662 0.000039593 0.000011779 0.000011610 0.000011573 0.000011572 0.000011610 
[4] 0.000011618 0.000018300 0.000011734 0.000011610 0.000011689 0.000011583 0.000011540 0.000011799 0.000011529 0.000011585 
[5] 0.000011625 0.000011645 0.000011628 0.000011584 0.000011576 0.000011548 0.000011565 0.000011763 0.000011536 0.000011557 
[6] 0.000011671 0.000011614 0.000011642 0.000011546 0.000011585 0.000011533 0.000011629 0.000011568 0.000011549 0.000011573 
[7] 0.000011605 0.000011576 0.000011598 0.000026750 0.000011679 0.000011590 0.000039903 0.000012088 0.000012070 0.000011915 
[8] 0.000011944 0.000011859 0.000011892 0.000012006 0.000011939 0.000012430 0.000012121 0.000012093 0.000012386 0.000012041 
[9] 0.000012025 0.000012205 0.000012608 0.000012294 0.000012420 0.000012331 0.000012169 0.000012212 0.000027392 0.000025834 
[AVERAGE] 0.000014265 s

FEN: 3k4/2n2B2/1KP5/2B2p2/5b1p/7P/8/8 b - - 0 0
        [0]         [1]         [2]         [3]         [4]         [5]         [6]         [7]         [8]         [9]
[0] 0.000383095 0.000389403 0.000273075 0.000301274 0.000293790 0.000265521 0.000264860 0.000341151 0.000271591 0.000271250 
[1] 0.000277747 0.000271140 0.000271525 0.000271999 0.000277851 0.000304390 0.000271203 0.000277762 0.000280271 0.000300421 
[2] 0.000271685 0.000278361 0.000271518 0.000271536 0.000277962 0.000272246 0.000272033 0.000307235 0.000286072 0.000328296 
[3] 0.000271712 0.000278439 0.000271554 0.000271247 0.000271150 0.000285767 0.000271661 0.000271810 0.000383877 0.000301550 
[4] 0.000271349 0.000273349 0.000278941 0.000272039 0.000272108 0.000278665 0.000279678 0.000271501 0.000272194 0.000278391 
[5] 0.000271713 0.000334465 0.000278100 0.000271965 0.000271316 0.000272157 0.000286305 0.000299800 0.000272211 0.000277725 
[6] 0.000271773 0.000270917 0.000304664 0.000286170 0.000271877 0.000271199 0.000271189 0.000279194 0.000271304 0.000433716 
[7] 0.000312912 0.000319481 0.000319298 0.000328151 0.000343685 0.000440681 0.000271662 0.000271742 0.000271641 0.000277831 
[8] 0.000271295 0.000271589 0.000271648 0.000288032 0.000320541 0.000272024 0.000278850 0.000278837 0.000264676 0.000264378 
[9] 0.000338159 0.000272716 0.000271282 0.000334150 0.000271161 0.000271704 0.000339053 0.000271302 0.000271374 0.000272206 
[AVERAGE] 0.000289431 s

FEN: r7/4R2P/3p4/3k1K2/2p5/8/8/8 b - - 0 0
        [0]         [1]         [2]         [3]         [4]         [5]         [6]         [7]         [8]         [9]
[0] 0.000267739 0.000266887 0.000256799 0.000256306 0.000321307 0.000256433 0.000256490 0.000255880 0.000311568 0.000255812 
[1] 0.000255767 0.000262584 0.000381351 0.000269608 0.000255999 0.000263149 0.000255593 0.000256124 0.000255928 0.000270699 
[2] 0.000321459 0.000257560 0.000262993 0.000256318 0.000256387 0.000256038 0.000262270 0.000256142 0.000255418 0.000256017 
[3] 0.000270916 0.000255633 0.000300853 0.000294489 0.000255954 0.000255594 0.000255981 0.000262051 0.000263950 0.000249640 
[4] 0.000249545 0.000270950 0.000278051 0.000256182 0.000256748 0.000415032 0.000298747 0.000256062 0.000311969 0.000332889 
[5] 0.000255956 0.000366878 0.000290824 0.000249820 0.000249578 0.000269201 0.000259700 0.000302346 0.000261867 0.000264616 
[6] 0.000256002 0.000255836 0.000261976 0.000256044 0.000256042 0.000256463 0.000264942 0.000256524 0.000255788 0.000289119 
[7] 0.000270348 0.000313976 0.000256264 0.000262278 0.000255696 0.000255703 0.000255852 0.000262367 0.000264661 0.000256037 
[8] 0.000256016 0.000264091 0.000363311 0.000255955 0.000256080 0.000262534 0.000255949 0.000255845 0.000255426 0.000270257 
[9] 0.000255121 0.000386114 0.000263271 0.000256047 0.000305053 0.000256367 0.000262594 0.000255785 0.000255884 0.000261918 
[AVERAGE] 0.000271502 s

FEN: 8/8/5p2/1P1K1k2/8/2r5/8/7R w - - 0 0
        [0]         [1]         [2]         [3]         [4]         [5]         [6]         [7]         [8]         [9]
[0] 0.000246679 0.000237114 0.000236695 0.000236715 0.000243011 0.000236586 0.000236195 0.000269416 0.000251235 0.000236626 
[1] 0.000236378 0.000332843 0.000250096 0.000236579 0.000236233 0.000236219 0.000242974 0.000236223 0.000236570 0.000236294 
[2] 0.000310728 0.000236560 0.000236405 0.000236585 0.000243692 0.000322213 0.000265299 0.000242601 0.000236254 0.000236699 
[3] 0.000236320 0.000236242 0.000280124 0.000410077 0.000236451 0.000243205 0.000236428 0.000236457 0.000236280 0.000242840 
[4] 0.000273517 0.000249631 0.000236548 0.000243001 0.000236379 0.000236359 0.000276911 0.000243229 0.000244654 0.000230516 
[5] 0.000230710 0.000237227 0.000254235 0.000251153 0.000280417 0.000242786 0.000236568 0.000236225 0.000236233 0.000243049 
[6] 0.000307996 0.000230515 0.000230485 0.000236958 0.000238529 0.000230601 0.000329059 0.000250020 0.000230212 0.000230606 
[7] 0.000230633 0.000267809 0.000254349 0.000280965 0.000300601 0.000383611 0.000231022 0.000230445 0.000230731 0.000236887 
[8] 0.000230382 0.000230907 0.000230378 0.000236831 0.000238839 0.000248032 0.000269661 0.000242946 0.000236357 0.000236675 
[9] 0.000236265 0.000242574 0.000236536 0.000236771 0.000236360 0.000242716 0.000301069 0.000236466 0.000236535 0.000242369 
[AVERAGE] 0.000250022 s

FEN: 5n2/R7/4pk2/8/5PK1/8/8/8 b - - 0 0
        [0]         [1]         [2]         [3]         [4]         [5]         [6]         [7]         [8]         [9]
[0] 0.000072719 0.000126138 0.000067373 0.000066940 0.000066192 0.000066298 0.000066231 0.000066224 0.000066352 0.000066115 
[1] 0.000094154 0.000066509 0.000072585 0.000066448 0.000074075 0.000066049 0.000066114 0.000066195 0.000066300 0.000066250 
[2] 0.000065865 0.000066237 0.000066211 0.000066376 0.000066205 0.000066118 0.000066300 0.000073154 0.000066124 0.000066316 
[3] 0.000066231 0.000066198 0.000066237 0.000066435 0.000066064 0.000065837 0.000137471 0.000066271 0.000066292 0.000108111 
[4] 0.000129791 0.000080954 0.000068517 0.000068130 0.000068112 0.000084525 0.000110943 0.000081827 0.000079493 0.000067015 
[5] 0.000067772 0.000067861 0.000067154 0.000074795 0.000103123 0.000066622 0.000066480 0.000065967 0.000095536 0.000109635 
[6] 0.000152537 0.000094904 0.000066481 0.000066646 0.000073865 0.000066332 0.000066545 0.000066151 0.000066000 0.000066245 
[7] 0.000066249 0.000066587 0.000066698 0.000066310 0.000066452 0.000069306 0.000072834 0.000066210 0.000066511 0.000072922 
[8] 0.000066059 0.000066104 0.000066106 0.000066239 0.000066240 0.000066020 0.000066214 0.000066014 0.000066272 0.000066244 
[9] 0.000070108 0.000125115 0.000066325 0.000072644 0.000074914 0.000066888 0.000065996 0.000066309 0.000065874 0.000066240 
[AVERAGE] 0.000073713 s

FEN: 3Q4/8/1k6/7p/p1p4P/2q3PB/7K/8 b - - 0 0
        [0]         [1]         [2]         [3]         [4]         [5]         [6]         [7]         [8]         [9]
[0] 0.000722041 0.000685509 0.000698032 0.000804572 0.000689342 0.000681447 0.000697325 0.000717112 0.000758748 0.000688532 
[1] 0.000868375 0.000689609 0.000730993 0.000857163 0.000760873 0.000702817 0.000681085 0.000806709 0.000687224 0.000801047 
[2] 0.000681454 0.000746382 0.000831989 0.000757531 0.000909562 0.000734894 0.000689178 0.000715548 0.000714883 0.000681100 
[3] 0.000722019 0.000689846 0.000746467 0.000686805 0.000693628 0.000715879 0.000745653 0.000687134 0.000755162 0.000820925 
[4] 0.000687807 0.000686191 0.000686030 0.000689714 0.000761590 0.000694835 0.000679689 0.000772466 0.000685424 0.000738497 
[5] 0.000716544 0.000773675 0.000687432 0.000730966 0.000805989 0.000687537 0.000695022 0.000707852 0.000735352 0.000687561 
[6] 0.000680703 0.000782855 0.000686829 0.000735227 0.000681175 0.000696059 0.000745451 0.000769611 0.000687567 0.000799437 
[7] 0.000688769 0.000680230 0.000775589 0.000670405 0.000685646 0.000676563 0.000887995 0.000670349 0.000692903 0.000720228 
[8] 0.000768292 0.000946691 0.000799049 0.001183028 0.001148845 0.000781673 0.000688575 0.000708441 0.000714426 0.000773145 
[9] 0.000681925 0.000688125 0.000696785 0.000741164 0.000738898 0.000687728 0.000701770 0.000743516 0.000745190 0.000696642 
[AVERAGE] 0.000738123 s

FEN: 4q3/2R4P/5R2/1p6/p3k3/P7/KP6/8 b - - 0 0
        [0]         [1]         [2]         [3]         [4]         [5]         [6]         [7]         [8]         [9]
[0] 0.000692717 0.000682131 0.000687481 0.000732010 0.000694029 0.000685616 0.000685499 0.000731228 0.000751516 0.000744011 
[1] 0.000782540 0.000808418 0.001306397 0.000712199 0.000707787 0.000733314 0.000712585 0.000678828 0.000706798 0.000685677 
[2] 0.000740351 0.000686514 0.000686171 0.000742179 0.000677705 0.000754439 0.000729084 0.000678725 0.000685328 0.000692943 
[3] 0.000721982 0.000678075 0.000692141 0.000746242 0.000716407 0.000685327 0.000693356 0.000678437 0.000804133 0.000797646 
[4] 0.001032244 0.001275785 0.000947715 0.000685149 0.000684580 0.000677763 0.000706939 0.000720289 0.000678628 0.000683619 
[5] 0.000693462 0.000686928 0.000762907 0.000692693 0.000825443 0.000686743 0.000683341 0.000693779 0.000684989 0.000678186 
[6] 0.000683885 0.000739374 0.000816658 0.001099766 0.001202637 0.001763676 0.001373809 0.000734584 0.000696381 0.000710882 
[7] 0.000702965 0.000706964 0.000702062 0.000718528 0.000701989 0.000691475 0.000732826 0.000686401 0.000734676 0.000684395 
[8] 0.000851622 0.000685198 0.000677735 0.000692582 0.000715711 0.000716363 0.000678170 0.000699950 0.000709288 0.000660745 
[9] 0.000739965 0.000675047 0.000756170 0.000861499 0.000950838 0.000840147 0.000698463 0.000678863 0.000706707 0.000739436 
[AVERAGE] 0.000760076 s

FEN: R7/8/5rk1/5p2/1p5P/5KP1/P7/8 b - - 0 0
        [0]         [1]         [2]         [3]         [4]         [5]         [6]         [7]         [8]         [9]
[0] 0.000181906 0.000180426 0.000179760 0.000185806 0.000179333 0.000179304 0.000179242 0.000179064 0.000185665 0.000232764 
[1] 0.000179284 0.000178911 0.000178806 0.000185342 0.000244027 0.000179104 0.000209128 0.000178759 0.000185549 0.000187719 
[2] 0.000179026 0.000178956 0.000178570 0.000178853 0.000229837 0.000192003 0.000178870 0.000178837 0.000178748 0.000185396 
[3] 0.000179048 0.000179133 0.000219289 0.000178981 0.000185442 0.000187396 0.000178938 0.000253125 0.000278868 0.000185477 
[4] 0.000179320 0.000179021 0.000179358 0.000179015 0.000179132 0.000185069 0.000179094 0.000179037 0.000179105 0.000225928 
[5] 0.000194313 0.000179141 0.000195509 0.000192543 0.000178951 0.000185607 0.000179121 0.000178964 0.000178936 0.000178867 
[6] 0.000179267 0.000193429 0.000178986 0.000178473 0.000178721 0.000193766 0.000185807 0.000219127 0.000179105 0.000178482 
[7] 0.000178863 0.000185382 0.000179021 0.000179121 0.000179246 0.000179029 0.000178851 0.000185461 0.000187007 0.000178925 
[8] 0.000178737 0.000179151 0.000186185 0.000186481 0.000363873 0.000209857 0.000184088 0.000230894 0.000238666 0.000212737 
[9] 0.000207368 0.000202177 0.000368773 0.000235310 0.000179213 0.000185985 0.000178872 0.000192071 0.000178631 0.000179281 
[AVERAGE] 0.000192951 s

FEN: 3k4/5ppp/2q5/3p2r1/8/1Q3P2/P4P1P/3R3K w - - 0 1
        [0]         [1]         [2]         [3]         [4]         [5]         [6]         [7]         [8]         [9]
[0] 0.001551846 0.001473361 0.001677031 0.001472321 0.001582728 0.001614766 0.001511149 0.001520721 0.001507264 0.001506048 
[1] 0.001495119 0.001701720 0.001649942 0.001476774 0.001441968 0.001496767 0.001520743 0.001496365 0.001596612 0.001927967 
[2] 0.001518353 0.001841934 0.001499809 0.001519683 0.001500899 0.001922449 0.001655643 0.001525866 0.001492445 0.001611355 
[3] 0.001480017 0.001582955 0.001608901 0.001529704 0.001480276 0.001484250 0.001576644 0.001484662 0.001815351 0.001794170 
[4] 0.001532791 0.001471161 0.001590092 0.001505116 0.001538679 0.001542309 0.001668060 0.001486459 0.001517968 0.001544240 
[5] 0.001521547 0.001485527 0.001586946 0.001640818 0.001505064 0.001555404 0.001583112 0.001520383 0.001602247 0.001473467 
[6] 0.001696709 0.001518493 0.001470109 0.001571013 0.001565938 0.001660150 0.001848330 0.001535221 0.001484688 0.001470875 
[7] 0.001602552 0.001477498 0.001584174 0.001640578 0.001511293 0.001478880 0.001519430 0.001532480 0.001538229 0.001742900 
[8] 0.001787779 0.001492558 0.001554822 0.001535504 0.001525102 0.001492654 0.001544536 0.001696775 0.001486711 0.001584964 
[9] 0.001550511 0.001512176 0.001579989 0.001734358 0.001580422 0.001572894 0.001476843 0.001568564 0.001477780 0.001560589 
[AVERAGE] 0.001567830 s

FEN: 4R3/1k6/1p2P1p1/p7/4r3/1P1r4/1K6/2R5 w - - 0 0
        [0]         [1]         [2]         [3]         [4]         [5]         [6]         [7]         [8]         [9]
[0] 0.000951980 0.001067169 0.000978107 0.000993850 0.000947102 0.000945905 0.001003330 0.000986929 0.000945694 0.000953691 
[1] 0.001077599 0.000953904 0.001058152 0.001007190 0.000954466 0.000944443 0.000981660 0.001009713 0.000945846 0.000953730 
[2] 0.000990478 0.001085721 0.000953381 0.001097517 0.000945864 0.000961808 0.000979921 0.000958437 0.001089352 0.000921999 
[3] 0.001001795 0.001127868 0.001087979 0.001210379 0.000946913 0.000983392 0.000979056 0.000945096 0.000981682 0.001006965 
[4] 0.000945615 0.000953898 0.001032522 0.001002644 0.001061434 0.000946543 0.000987083 0.000945438 0.000945687 0.001038793 
[5] 0.000978035 0.000953124 0.000946340 0.001161874 0.001199264 0.001051157 0.001054127 0.000964164 0.000945092 0.001014269 
[6] 0.001001529 0.000945148 0.000953420 0.001049189 0.000958555 0.001066066 0.000980566 0.000954924 0.000944870 0.000983535 
[7] 0.001010742 0.000958409 0.000973043 0.000994256 0.001073337 0.000952910 0.001289424 0.000948983 0.000954366 0.000998917 
[8] 0.000946000 0.001022310 0.000954375 0.001076715 0.001006954 0.000945495 0.001106855 0.000948230 0.000964063 0.000990764 
[9] 0.000974138 0.000954408 0.001001109 0.000978088 0.000953886 0.001081499 0.001137016 0.001233680 0.000939903 0.001025839 
[AVERAGE] 0.001002767 s

FEN: 5k2/R7/3K4/4p3/5P2/8/8/5r2 w - - 0 0
        [0]         [1]         [2]         [3]         [4]         [5]         [6]         [7]         [8]         [9]
[0] 0.000212662 0.000203116 0.000202037 0.000202128 0.000207500 0.000201294 0.000200967 0.000201238 0.000200831 0.000207281 
[1] 0.000209430 0.000200914 0.000419647 0.000207874 0.000201137 0.000201068 0.000200990 0.000200942 0.000207474 0.000200973 
[2] 0.000228557 0.000201086 0.000200882 0.000215753 0.000200780 0.000258111 0.000200855 0.000208096 0.000236265 0.000201313 
[3] 0.000201271 0.000200935 0.000207620 0.000209418 0.000200729 0.000200773 0.000257140 0.000249263 0.000201126 0.000200870 
[4] 0.000200818 0.000207033 0.000200523 0.000200815 0.000210931 0.000201147 0.000207661 0.000209111 0.000200908 0.000200632 
[5] 0.000200692 0.000206863 0.000201046 0.000228769 0.000200360 0.000200732 0.000206883 0.000200559 0.000200608 0.000200638 
[6] 0.000295270 0.000312857 0.000200807 0.000200683 0.000200493 0.000207627 0.000200801 0.000200755 0.000200711 0.000200725 
[7] 0.000206759 0.000208906 0.000200656 0.000200664 0.000200786 0.000230496 0.000213748 0.000209668 0.000319274 0.000236629 
[8] 0.000200783 0.000230203 0.000208235 0.000311708 0.000238655 0.000258297 0.000375382 0.000381763 0.000421846 0.000376096 
[9] 0.000367434 0.000370087 0.000384914 0.000365466 0.000369635 0.000363630 0.000365077 0.000263719 0.000209177 0.000200849 
[AVERAGE] 0.000233683 s

FEN: 5k2/1R6/4p1p1/1pr3Pp/7P/1K6/8/8 w - - 0 0
        [0]         [1]         [2]         [3]         [4]         [5]         [6]         [7]         [8]         [9]
[0] 0.000172848 0.000170024 0.000212683 0.000188447 0.000173055 0.000172718 0.000172555 0.000172636 0.000179265 0.000184841 
[1] 0.000196438 0.000168275 0.000168229 0.000167920 0.000173958 0.000230905 0.000171892 0.000171921 0.000172224 0.000179679 
[2] 0.000184195 0.000167625 0.000167594 0.000167628 0.000167698 0.000173913 0.000181159 0.000171982 0.000172018 0.000172037 
[3] 0.000172136 0.000178657 0.000414200 0.000167889 0.000167794 0.000174610 0.000167302 0.000167515 0.000167630 0.000167542 
[4] 0.000167324 0.000174055 0.000175748 0.000167391 0.000167542 0.000167650 0.000167456 0.000174026 0.000196061 0.000167587 
[5] 0.000167681 0.000167610 0.000203249 0.000174086 0.000167505 0.000167512 0.000167536 0.000167734 0.000167642 0.000182024 
[6] 0.000167613 0.000210068 0.000167859 0.000167677 0.000174316 0.000167724 0.000167478 0.000167535 0.000167464 0.000167493 
[7] 0.000173973 0.000231367 0.000167643 0.000167503 0.000167417 0.000167655 0.000182373 0.000167449 0.000167614 0.000167418 
[8] 0.000167404 0.000258598 0.000239760 0.000199099 0.000187130 0.000236877 0.000246695 0.000185864 0.000260096 0.000197565 
[9] 0.000434152 0.000326848 0.000325592 0.000343278 0.000334244 0.000334009 0.000341244 0.000333731 0.000285507 0.000178934 
[AVERAGE] 0.000196313 s

FEN: 5k2/8/p7/4K1P1/P4R2/6r1/8/8 b - - 0 0
        [0]         [1]         [2]         [3]         [4]         [5]         [6]         [7]         [8]         [9]
[0] 0.000172162 0.000170306 0.000170032 0.000169340 0.000168539 0.000175427 0.000168951 0.000169302 0.000169047 0.000169123 
[1] 0.000169133 0.000199935 0.000168751 0.000169107 0.000169378 0.000168845 0.000175983 0.000215217 0.000164339 0.000164819 
[2] 0.000164928 0.000164623 0.000171536 0.000173020 0.000164722 0.000164711 0.000164826 0.000164876 0.000172095 0.000164545 
[3] 0.000221188 0.000164859 0.000164907 0.000165011 0.000170926 0.000164684 0.000186941 0.000206416 0.000164481 0.000171068 
[4] 0.000173439 0.000165089 0.000220441 0.000207853 0.000164854 0.000171886 0.000164974 0.000164923 0.000164175 0.000165080 
[5] 0.000164811 0.000170938 0.000164692 0.000164770 0.000164711 0.000169021 0.000217813 0.000186698 0.000164976 0.000164792 
[6] 0.000164825 0.000164675 0.000171053 0.000165104 0.000165110 0.000164461 0.000164695 0.000164625 0.000171020 0.000173010 
[7] 0.000164808 0.000164870 0.000164723 0.000207228 0.000171868 0.000169999 0.000164874 0.000164725 0.000164992 0.000164331 
[8] 0.000171146 0.000165100 0.000164812 0.000164466 0.000165005 0.000164730 0.000170844 0.000173087 0.000164846 0.000164751 
[9] 0.000164724 0.000164836 0.000171748 0.000213746 0.000299847 0.000195230 0.000194595 0.000171554 0.000164829 0.000164664 
[AVERAGE] 0.000173596 s

FEN: 8/8/8/p2r1k2/7p/PP1RK3/6P1/8 b - - 0 0
        [0]         [1]         [2]         [3]         [4]         [5]         [6]         [7]         [8]         [9]
[0] 0.000175747 0.000173854 0.000179301 0.000235943 0.000215462 0.000171980 0.000171817 0.000178753 0.000171642 0.000171169 
[1] 0.000171576 0.000171693 0.000224413 0.000178535 0.000179754 0.000171520 0.000171503 0.000172099 0.000171169 0.000177828 
[2] 0.000171415 0.000171006 0.000171221 0.000171175 0.000177560 0.000171382 0.000171548 0.000171101 0.000171404 0.000171305 
[3] 0.000177642 0.000214871 0.000177390 0.000207980 0.000171609 0.000208857 0.000171429 0.000171414 0.000171445 0.000171547 
[4] 0.000171285 0.000177919 0.000181940 0.000167208 0.000167167 0.000167069 0.000166667 0.000173426 0.000175657 0.000167019 
[5] 0.000220611 0.000251055 0.000174850 0.000167134 0.000167152 0.000166810 0.000167039 0.000167130 0.000173602 0.000174914 
[6] 0.000167413 0.000167126 0.000175157 0.000336088 0.000222949 0.000221834 0.000167470 0.000243095 0.000174876 0.000208341 
[7] 0.000208721 0.000167192 0.000241135 0.000194838 0.000166818 0.000167249 0.000167024 0.000167033 0.000173090 0.000167247 
[8] 0.000167283 0.000167226 0.000167623 0.000167177 0.000173318 0.000244313 0.000167296 0.000167164 0.000167412 0.000167085 
[9] 0.000205398 0.000229652 0.000167576 0.000167169 0.000167422 0.000174234 0.000166806 0.000167201 0.000209396 0.000209167 
[AVERAGE] 0.000182693 s

FEN: 8/8/8/1P4p1/5k2/5p2/P6K/8 b - - 0 0
        [0]         [1]         [2]         [3]         [4]         [5]         [6]         [7]         [8]         [9]
[0] 0.000017174 0.000015797 0.000015371 0.000015339 0.000015304 0.000015226 0.000015226 0.000015181 0.000015183 0.000015256 
[1] 0.000015143 0.000021546 0.000015135 0.000015169 0.000015238 0.000015184 0.000015169 0.000015198 0.000015215 0.000023221 
[2] 0.000015238 0.000015148 0.000015115 0.000015164 0.000015314 0.000015231 0.000015233 0.000015243 0.000015171 0.000015302 
[3] 0.000015203 0.000015249 0.000015195 0.000015241 0.000015236 0.000015464 0.000015275 0.000015209 0.000015194 0.000015392 
[4] 0.000035009 0.000028130 0.000015215 0.000015300 0.000015138 0.000015206 0.000015221 0.000015192 0.000015151 0.000015141 
[5] 0.000015212 0.000015226 0.000015550 0.000015207 0.000015198 0.000015154 0.000015250 0.000015157 0.000015276 0.000015174 
[6] 0.000015269 0.000015197 0.000015193 0.000015114 0.000015274 0.000015158 0.000015187 0.000015207 0.000015233 0.000030046 
[7] 0.000028519 0.000052023 0.000030586 0.000028521 0.000015512 0.000015593 0.000015555 0.000015610 0.000015562 0.000027699 
[8] 0.000015189 0.000015240 0.000015254 0.000015184 0.000015160 0.000015187 0.000015218 0.000015116 0.000015210 0.000015173 
[9] 0.000015270 0.000015271 0.000015223 0.000015162 0.000015184 0.000015173 0.000015189 0.000015160 0.000015145 0.000015169 
[AVERAGE] 0.000016791 s

FEN: 3b2k1/1p3p2/p1p5/2P4p/1P2P1p1/5p2/5P2/4RK2 w - - 0 0
        [0]         [1]         [2]         [3]         [4]         [5]         [6]         [7]         [8]         [9]
[0] 0.000253872 0.000172126 0.000134078 0.000142092 0.000113436 0.000113147 0.000113225 0.000143918 0.000117623 0.000183323 
[1] 0.000136294 0.000141801 0.000113110 0.000170407 0.000220317 0.000289373 0.000244745 0.000230322 0.000230113 0.000236734 
[2] 0.000230432 0.000230356 0.000230376 0.000230381 0.000244637 0.000232516 0.000141695 0.000113129 0.000112990 0.000113049 
[3] 0.000119915 0.000168635 0.000126180 0.000112943 0.000113065 0.000112989 0.000112985 0.000113144 0.000119688 0.000121724 
[4] 0.000112974 0.000112964 0.000112948 0.000113029 0.000113004 0.000186244 0.000120031 0.000113018 0.000112847 0.000112907 
[5] 0.000112862 0.000112900 0.000112970 0.000112961 0.000113083 0.000119306 0.000112896 0.000112826 0.000112840 0.000176862 
[6] 0.000112952 0.000112996 0.000113141 0.000119751 0.000121390 0.000112855 0.000113012 0.000112982 0.000112979 0.000112901 
[7] 0.000112966 0.000112910 0.000120278 0.000112958 0.000171434 0.000112981 0.000112995 0.000113066 0.000112931 0.000113183 
[8] 0.000119405 0.000112945 0.000113071 0.000113146 0.000112866 0.000112930 0.000112964 0.000163090 0.000113141 0.000119648 
[9] 0.000231750 0.000130907 0.000112858 0.000113022 0.000112974 0.000112918 0.000119782 0.000113035 0.000113096 0.000113126 
[AVERAGE] 0.000138177 s

FEN: 5k2/3R4/2K1p1p1/4P1P1/5P2/8/3r4/8 b - - 0 0
        [0]         [1]         [2]         [3]         [4]         [5]         [6]         [7]         [8]         [9]
[0] 0.000185336 0.000214171 0.000183005 0.000197626 0.000182624 0.000182167 0.000182217 0.000182124 0.000188383 0.000218718 
[1] 0.000182384 0.000182069 0.000181953 0.000188699 0.000181748 0.000181840 0.000181878 0.000181914 0.000181755 0.000196578 
[2] 0.000181890 0.000225186 0.000181928 0.000182248 0.000188682 0.000181831 0.000216850 0.000182166 0.000182502 0.000188851 
[3] 0.000181964 0.000181797 0.000182018 0.000181966 0.000182056 0.000196586 0.000181704 0.000256474 0.000181815 0.000245246 
[4] 0.000182118 0.000214524 0.000230099 0.000284760 0.000199275 0.000184661 0.000210546 0.000263853 0.000367479 0.000339096 
[5] 0.000337548 0.000349901 0.000344351 0.000344467 0.000352139 0.000186632 0.000186998 0.000186814 0.000193153 0.000186790 
[6] 0.000186710 0.000186832 0.000187455 0.000187236 0.000205377 0.000182032 0.000182204 0.000211793 0.000181980 0.000205660 
[7] 0.000216560 0.000233075 0.000181900 0.000182118 0.000188731 0.000181857 0.000181961 0.000181837 0.000181958 0.000188375 
[8] 0.000190447 0.000181727 0.000181817 0.000181829 0.000181590 0.000189286 0.000181893 0.000181673 0.000211266 0.000297345 
[9] 0.000182285 0.000182060 0.000182043 0.000181885 0.000181979 0.000196412 0.000181799 0.000265100 0.000253714 0.000189016 
[AVERAGE] 0.000205970 s

FEN: 6k1/6pp/5p2/8/5P2/P7/2K4P/8 b - - 0 0
        [0]         [1]         [2]         [3]         [4]         [5]         [6]         [7]         [8]         [9]
[0] 0.000025246 0.000024220 0.000023979 0.000023948 0.000023997 0.000023758 0.000023923 0.000024060 0.000023919 0.000023763 
[1] 0.000023890 0.000023953 0.000023753 0.000023885 0.000023882 0.000023895 0.000023838 0.000023704 0.000039189 0.000024381 
[2] 0.000037437 0.000023798 0.000023770 0.000023803 0.000023788 0.000023769 0.000023760 0.000023737 0.000023814 0.000023835 
[3] 0.000023929 0.000023841 0.000023764 0.000023822 0.000023875 0.000023750 0.000023773 0.000023701 0.000030294 0.000023890 
[4] 0.000023869 0.000023766 0.000023704 0.000059515 0.000037410 0.000024459 0.000036308 0.000023918 0.000023900 0.000023758 
[5] 0.000023855 0.000023906 0.000023801 0.000023876 0.000023791 0.000023934 0.000023811 0.000023815 0.000023780 0.000023785 
[6] 0.000023926 0.000023801 0.000023733 0.000023821 0.000023781 0.000023817 0.000023772 0.000023890 0.000023905 0.000023777 
[7] 0.000023823 0.000023859 0.000023846 0.000023811 0.000023800 0.000023750 0.000030361 0.000023777 0.000023881 0.000023803 
[8] 0.000023874 0.000032094 0.000023879 0.000023844 0.000023790 0.000023788 0.000023914 0.000023808 0.000023925 0.000023834 
[9] 0.000023897 0.000023941 0.000023821 0.000023762 0.000023803 0.000023855 0.000023739 0.000023826 0.000023888 0.000023827 
[AVERAGE] 0.000024983 s

FEN: 8/3R4/8/r3N2p/P1Pp1P2/2k2K1P/3r4/8 w - - 0 0
        [0]         [1]         [2]         [3]         [4]         [5]         [6]         [7]         [8]         [9]
[0] 0.000607567 0.000598109 0.000613310 0.000682115 0.000598490 0.000603286 0.000597478 0.000641540 0.000680425 0.000638896 
[1] 0.000604477 0.000603669 0.000701860 0.000656289 0.000597913 0.000612088 0.000603707 0.000698474 0.000690049 0.000655036 
[2] 0.000640203 0.000604344 0.000603848 0.000597348 0.000688512 0.000633370 0.000625540 0.000612556 0.000651660 0.001279638 
[3] 0.001151048 0.001232546 0.001204247 0.000796292 0.000619716 0.000618202 0.000627738 0.000620036 0.000721670 0.000633287 
[4] 0.000778955 0.000875870 0.001219577 0.001177693 0.000619442 0.000613032 0.000627426 0.000626542 0.000619508 0.000623642 
[5] 0.000612636 0.000632022 0.000604191 0.000623107 0.000623868 0.000612704 0.000807491 0.000603983 0.000618088 0.000660882 
[6] 0.000603842 0.000597209 0.000604067 0.000603268 0.000648497 0.000608981 0.000597470 0.000633550 0.000610960 0.000656988 
[7] 0.000819350 0.000730121 0.000966537 0.001154302 0.000684221 0.000624753 0.000625746 0.000602899 0.000620497 0.000646156 
[8] 0.000613398 0.000619475 0.000627918 0.000613001 0.000633566 0.000660946 0.000597015 0.000641063 0.000694761 0.000668283 
[9] 0.000604543 0.000597001 0.000612260 0.000606896 0.000597210 0.000740369 0.000746029 0.000598654 0.000635110 0.000603624 
[AVERAGE] 0.000683778 s

FEN: 6k1/8/6r1/8/5b2/2PR4/4K3/8 w - - 0 0
        [0]         [1]         [2]         [3]         [4]         [5]         [6]         [7]         [8]         [9]
[0] 0.000294096 0.000245352 0.000244765 0.000252118 0.000348106 0.000273345 0.000395040 0.000289622 0.000281084 0.000288374 
[1] 0.000297562 0.000496897 0.000468708 0.000455616 0.000462964 0.000455823 0.000456364 0.000449072 0.000411540 0.000257580 
[2] 0.000251127 0.000265682 0.000254248 0.000267619 0.000250933 0.000270639 0.000251209 0.000258391 0.000251199 0.000251009 
[3] 0.000257473 0.000316227 0.000244707 0.000244962 0.000251136 0.000253035 0.000244388 0.000244652 0.000251761 0.000273026 
[4] 0.000273775 0.000244652 0.000289397 0.000244831 0.000309448 0.000332791 0.000257974 0.000244603 0.000244662 0.000251315 
[5] 0.000244780 0.000244536 0.000244485 0.000251168 0.000252940 0.000244692 0.000244698 0.000314752 0.000244413 0.000244462 
[6] 0.000244545 0.000250890 0.000244856 0.000244640 0.000244392 0.000250836 0.000296427 0.000244747 0.000273356 0.000251361 
[7] 0.000308642 0.000244502 0.000244800 0.000259510 0.000244469 0.000244578 0.000244534 0.000251803 0.000244303 0.000343548 
[8] 0.000244709 0.000251521 0.000295013 0.000257655 0.000251323 0.000252851 0.000295606 0.000292080 0.000251647 0.000244544 
[9] 0.000244509 0.000244621 0.000250933 0.000244388 0.000244475 0.000306937 0.000259613 0.000244789 0.000244678 0.000244666 
[AVERAGE] 0.000278451 s

FEN: 8/1p3k2/3B4/8/3b2P1/1P6/6K1/8 b - - 0 0
        [0]         [1]         [2]         [3]         [4]         [5]         [6]         [7]         [8]         [9]
[0] 0.000250184 0.000241689 0.000241642 0.000242440 0.000256689 0.000241829 0.000242399 0.000311933 0.000294375 0.000241433 
[1] 0.000241830 0.000241523 0.000248646 0.000241160 0.000241814 0.000241326 0.000255960 0.000241689 0.000241683 0.000300453 
[2] 0.000249181 0.000246943 0.000285450 0.000262264 0.000241905 0.000241798 0.000241965 0.000248130 0.000304967 0.000286837 
[3] 0.000241471 0.000248578 0.000241594 0.000241643 0.000280110 0.000261619 0.000250074 0.000241486 0.000242340 0.000248075 
[4] 0.000241402 0.000241494 0.000241627 0.000247982 0.000241315 0.000241707 0.000241846 0.000248980 0.000286762 0.000315696 
[5] 0.000271775 0.000248600 0.000241845 0.000241989 0.000241394 0.000248147 0.000241136 0.000242005 0.000241814 0.000256437 
[6] 0.000241620 0.000277881 0.000250351 0.000380448 0.000275241 0.000272773 0.000300684 0.000246777 0.000270498 0.000362675 
[7] 0.000451415 0.000500308 0.000460495 0.000471161 0.000456530 0.000443677 0.000456130 0.000441393 0.000437158 0.000248596 
[8] 0.000247976 0.000248322 0.000264726 0.000261496 0.000247732 0.000247796 0.000267214 0.000241623 0.000242082 0.000241971 
[9] 0.000255989 0.000241773 0.000276275 0.000241533 0.000249456 0.000298282 0.000272050 0.000241795 0.000248342 0.000241520 
[AVERAGE] 0.000275148 s

FEN: 8/8/8/2p1k3/P6R/1K6/6rP/8 w - - 0 0
        [0]         [1]         [2]         [3]         [4]         [5]         [6]         [7]         [8]         [9]
[0] 0.000233070 0.000230004 0.000244155 0.000228919 0.000383617 0.000263668 0.000229015 0.000228817 0.000228484 0.000228502 
[1] 0.000234501 0.000228777 0.000228312 0.000228731 0.000242838 0.000228616 0.000228749 0.000228587 0.000234720 0.000233565 
[2] 0.000228496 0.000228369 0.000228030 0.000242921 0.000228351 0.000259336 0.000273351 0.000235395 0.000228723 0.000228516 
[3] 0.000228262 0.000234764 0.000228199 0.000278585 0.000228350 0.000234858 0.000237077 0.000228364 0.000228496 0.000235407 
[4] 0.000284373 0.000328535 0.000285638 0.000236725 0.000288509 0.000238943 0.000313470 0.000296090 0.000441588 0.000432267 
[5] 0.000458571 0.000430116 0.000450774 0.000436105 0.000344711 0.000234605 0.000234484 0.000241026 0.000234564 0.000234460 
[6] 0.000234367 0.000234401 0.000259434 0.000228537 0.000272199 0.000228504 0.000235424 0.000228226 0.000264302 0.000228221 
[7] 0.000234625 0.000228641 0.000228853 0.000228908 0.000234730 0.000237127 0.000313373 0.000228965 0.000236048 0.000228266 
[8] 0.000228637 0.000248558 0.000248016 0.000236776 0.000228409 0.000228474 0.000366162 0.000228985 0.000228728 0.000228405 
[9] 0.000235113 0.000228463 0.000228741 0.000228114 0.000228433 0.000248442 0.000228627 0.000228858 0.000228464 0.000234807 
[AVERAGE] 0.000256074 s

FEN: 6k1/5p1p/6p1/1P1n4/1K4P1/N6P/8/8 w - - 0 0
        [0]         [1]         [2]         [3]         [4]         [5]         [6]         [7]         [8]         [9]
[0] 0.000079078 0.000077991 0.000077365 0.000077320 0.000077097 0.000077213 0.000077366 0.000077338 0.000077087 0.000077255 
[1] 0.000083579 0.000077102 0.000077232 0.000077230 0.000077128 0.000105687 0.000077157 0.000077094 0.000077286 0.000077181 
[2] 0.000077254 0.000077255 0.000077253 0.000083413 0.000077185 0.000115382 0.000090446 0.000077214 0.000115261 0.000090152 
[3] 0.000077443 0.000077277 0.000077041 0.000077378 0.000083712 0.000077166 0.000077186 0.000077185 0.000077023 0.000077081 
[4] 0.000077214 0.000077177 0.000077156 0.000077396 0.000077344 0.000077152 0.000077333 0.000083494 0.000077197 0.000085603 
[5] 0.000077115 0.000077216 0.000077037 0.000077121 0.000077225 0.000077080 0.000077196 0.000077358 0.000077320 0.000077205 
[6] 0.000084540 0.000077168 0.000077060 0.000077038 0.000077245 0.000077141 0.000077117 0.000117586 0.000172982 0.000090219 
[7] 0.000077024 0.000083697 0.000077075 0.000077424 0.000077208 0.000077025 0.000077018 0.000077204 0.000077084 0.000077218 
[8] 0.000077086 0.000077152 0.000077070 0.000077373 0.000083730 0.000085417 0.000077279 0.000077268 0.000077058 0.000077075 
[9] 0.000106969 0.000146312 0.000077197 0.000077459 0.000077050 0.000084218 0.000077247 0.000077254 0.000092037 0.000090714 
[AVERAGE] 0.000081991 s

FEN: 8/k5r1/2N5/PK6/2B5/8/8/8 b - - 0 0
        [0]         [1]         [2]         [3]         [4]         [5]         [6]         [7]         [8]         [9]
[0] 0.000165637 0.000163131 0.000162825 0.000168878 0.000201097 0.000162065 0.000161899 0.000161735 0.000161677 0.000168228 
[1] 0.000170067 0.000161517 0.000161712 0.000161709 0.000161702 0.000168063 0.000173004 0.000157603 0.000157533 0.000186700 
[2] 0.000198531 0.000192873 0.000179574 0.000157597 0.000190527 0.000157969 0.000263697 0.000198494 0.000157607 0.000157602 
[3] 0.000157521 0.000157479 0.000163842 0.000157523 0.000157542 0.000157392 0.000157388 0.000157482 0.000163767 0.000194316 
[4] 0.000203110 0.000157519 0.000157504 0.000246787 0.000191158 0.000157532 0.000157415 0.000157516 0.000157498 0.000157581 
[5] 0.000163788 0.000157667 0.000157652 0.000157632 0.000157678 0.000157606 0.000163926 0.000292251 0.000223791 0.000157808 
[6] 0.000157678 0.000164655 0.000218318 0.000157542 0.000157591 0.000157683 0.000157627 0.000173492 0.000166064 0.000157638 
[7] 0.000157763 0.000157542 0.000172960 0.000204121 0.000157815 0.000157672 0.000157399 0.000157445 0.000157412 0.000164000 
[8] 0.000245065 0.000162374 0.000185525 0.000157626 0.000157758 0.000172341 0.000157647 0.000157748 0.000243586 0.000157668 
[9] 0.000164254 0.000157699 0.000157492 0.000157587 0.000157665 0.000157549 0.000157535 0.000163800 0.000157540 0.000157484 
[AVERAGE] 0.000170473 s

FEN: 6k1/8/5K2/8/5P1R/r6P/8/8 b - - 0 0
        [0]         [1]         [2]         [3]         [4]         [5]         [6]         [7]         [8]         [9]
[0] 0.000123623 0.000121462 0.000171899 0.000154592 0.000128851 0.000120541 0.000120321 0.000120567 0.000120414 0.000120551 
[1] 0.000142929 0.000303071 0.000151412 0.000209053 0.000126801 0.000126697 0.000138175 0.000163030 0.000146265 0.000125690 
[2] 0.000124634 0.000152234 0.000123558 0.000309555 0.000246602 0.000214755 0.000214758 0.000223205 0.000212807 0.000212243 
[3] 0.000211959 0.000212738 0.000220773 0.000237374 0.000218247 0.000219026 0.000218272 0.000229685 0.000218676 0.000140323 
[4] 0.000126468 0.000126639 0.000126949 0.000133259 0.000138912 0.000123513 0.000123544 0.000123476 0.000123600 0.000123398 
[5] 0.000123535 0.000129805 0.000160713 0.000126586 0.000126885 0.000126886 0.000126849 0.000126635 0.000133824 0.000126865 
[6] 0.000136023 0.000123564 0.000123366 0.000123463 0.000128542 0.000170183 0.000196401 0.000137003 0.000123585 0.000123658 
[7] 0.000123625 0.000123469 0.000123336 0.000130899 0.000123538 0.000123439 0.000180489 0.000123337 0.000123516 0.000123479 
[8] 0.000123262 0.000129905 0.000123698 0.000123439 0.000123464 0.000123457 0.000123490 0.000123437 0.000123543 0.000129772 
[9] 0.000135710 0.000123427 0.000131612 0.000194343 0.000140048 0.000123680 0.000130462 0.000123515 0.000123600 0.000123456 
[AVERAGE] 0.000149579 s

FEN: 8/8/4k1KP/p5P1/r7/8/8/8 w - - 0 0
        [0]         [1]         [2]         [3]         [4]         [5]         [6]         [7]         [8]         [9]
[0] 0.000029435 0.000028009 0.000027537 0.000027557 0.000027432 0.000027361 0.000027307 0.000027390 0.000027429 0.000027416 
[1] 0.000027455 0.000027449 0.000027318 0.000027308 0.000027486 0.000027448 0.000027439 0.000027431 0.000027286 0.000033673 
[2] 0.000027349 0.000027382 0.000027424 0.000027411 0.000027419 0.000027389 0.000027411 0.000027321 0.000027409 0.000027417 
[3] 0.000027531 0.000027419 0.000027425 0.000027416 0.000027384 0.000027426 0.000027358 0.000027385 0.000027445 0.000027505 
[4] 0.000027375 0.000027388 0.000027372 0.000027346 0.000027371 0.000027505 0.000027487 0.000027403 0.000027340 0.000027407 
[5] 0.000027409 0.000027370 0.000027350 0.000027398 0.000027360 0.000033696 0.000027469 0.000027358 0.000027401 0.000035763 
[6] 0.000027456 0.000027427 0.000027368 0.000027389 0.000027527 0.000027455 0.000027480 0.000027407 0.000027323 0.000027393 
[7] 0.000032589 0.000027458 0.000027480 0.000027429 0.000027399 0.000027495 0.000027399 0.000027456 0.000027417 0.000027311 
[8] 0.000027427 0.000027449 0.000027323 0.000027324 0.000027437 0.000027383 0.000027407 0.000027405 0.000027445 0.000027435 
[9] 0.000064097 0.000027386 0.000027418 0.000027409 0.000027461 0.000027551 0.000027405 0.000027398 0.000027489 0.000027320 
[AVERAGE] 0.000028066 s

FEN: 1R6/p2r4/2ppkp2/6p1/2PKP2p/P4P2/6PP/8 b - - 0 0
        [0]         [1]         [2]         [3]         [4]         [5]         [6]         [7]         [8]         [9]
[0] 0.000420177 0.000430804 0.000415977 0.000507143 0.000415053 0.000420138 0.000421881 0.000414732 0.000429151 0.000414573 
[1] 0.000421987 0.000586244 0.000513191 0.000524211 0.000566810 0.000843020 0.000845526 0.000742866 0.000431739 0.000424679 
[2] 0.000424748 0.000431733 0.000424923 0.000450633 0.000456360 0.000457429 0.000414319 0.000450451 0.000413169 0.000414687 
[3] 0.000429379 0.000413620 0.000536047 0.000414114 0.000421136 0.000423053 0.000683462 0.000845348 0.000868745 0.000927724 
[4] 0.000856582 0.000858780 0.000565528 0.000451766 0.000425493 0.000431767 0.000425008 0.000449044 0.000414180 0.000511678 
[5] 0.000689665 0.000486797 0.000547731 0.000483678 0.000856059 0.000872997 0.000838541 0.000842566 0.000844527 0.000518972 
[6] 0.000414284 0.000465080 0.000413763 0.000445373 0.000420922 0.000414309 0.000465073 0.000414876 0.000421641 0.000470906 
[7] 0.000413538 0.000420219 0.000414683 0.000495655 0.000535145 0.000422018 0.000414150 0.000420337 0.000422376 0.000443105 
[8] 0.000420922 0.000417428 0.000421388 0.000414484 0.000420681 0.000430681 0.000447569 0.000420989 0.000414115 0.000425713 
[9] 0.000414410 0.000421106 0.000478650 0.000456370 0.000421892 0.000444647 0.000429485 0.000462576 0.000582344 0.000414647 
[AVERAGE] 0.000503699 s

FEN: 8/7p/6p1/8/k7/8/2K3P1/8 b - - 0 0
        [0]         [1]         [2]         [3]         [4]         [5]         [6]         [7]         [8]         [9]
[0] 0.000017946 0.000017058 0.000016782 0.000016800 0.000016575 0.000016633 0.000016606 0.000016716 0.000016606 0.000016704 
[1] 0.000016699 0.000016599 0.000016698 0.000016719 0.000016768 0.000023449 0.000016618 0.000016726 0.000016727 0.000016733 
[2] 0.000016662 0.000016716 0.000016841 0.000016662 0.000016638 0.000016804 0.000016671 0.000016695 0.000016736 0.000016701 
[3] 0.000016719 0.000016759 0.000016721 0.000016742 0.000016641 0.000016718 0.000016783 0.000016873 0.000016625 0.000016741 
[4] 0.000016735 0.000016721 0.000016591 0.000016723 0.000016676 0.000016759 0.000016771 0.000016898 0.000016746 0.000016740 
[5] 0.000016652 0.000016661 0.000016682 0.000016677 0.000016668 0.000016723 0.000016685 0.000016669 0.000016642 0.000016690 
[6] 0.000016743 0.000016645 0.000016722 0.000016685 0.000016708 0.000016669 0.000016693 0.000016762 0.000016719 0.000016820 
[7] 0.000016682 0.000016688 0.000016715 0.000023416 0.000016550 0.000016728 0.000016756 0.000016816 0.000016643 0.000016756 
[8] 0.000025270 0.000016640 0.000016711 0.000016670 0.000016788 0.000016737 0.000016690 0.000016757 0.000016602 0.000016700 
[9] 0.000016716 0.000016719 0.000016678 0.000016686 0.000016638 0.000016623 0.000016600 0.000016760 0.000016681 0.000016777 
[AVERAGE] 0.000016941 s

FEN: R7/8/8/6p1/4k3/3rPp1P/8/6K1 b - - 0 0
        [0]         [1]         [2]         [3]         [4]         [5]         [6]         [7]         [8]         [9]
[0] 0.000210811 0.000244848 0.000214272 0.000206793 0.000206865 0.000206357 0.000206593 0.000212991 0.000206122 0.000206367 
[1] 0.000206072 0.000212406 0.000260301 0.000206456 0.000236797 0.000206387 0.000217476 0.000206504 0.000206357 0.000206063 
[2] 0.000206299 0.000220696 0.000206501 0.000206556 0.000206341 0.000213279 0.000206077 0.000206071 0.000262205 0.000205874 
[3] 0.000212591 0.000206208 0.000241691 0.000206149 0.000206071 0.000232374 0.000200828 0.000359419 0.000214501 0.000208305 
[4] 0.000201077 0.000201213 0.000201209 0.000207666 0.000201038 0.000201379 0.000316267 0.000252461 0.000256489 0.000229782 
[5] 0.000201016 0.000201104 0.000207653 0.000201078 0.000201101 0.000201078 0.000201223 0.000237149 0.000222984 0.000201256 
[6] 0.000482980 0.000328688 0.000207132 0.000206707 0.000206505 0.000214038 0.000206468 0.000206365 0.000206281 0.000212562 
[7] 0.000215060 0.000206267 0.000206222 0.000294230 0.000214188 0.000332052 0.000291604 0.000214287 0.000206728 0.000266931 
[8] 0.000215704 0.000236951 0.000239083 0.000321694 0.000206739 0.000222887 0.000215081 0.000206366 0.000250287 0.000339100 
[9] 0.000222425 0.000206570 0.000206368 0.000206209 0.000212600 0.000206138 0.000206393 0.000206398 0.000206254 0.000212568 
[AVERAGE] 0.000225302 s

FEN: 8/7p/1p1k2p1/p1p2p2/8/PP2P2P/4KPP1/8 w - - 0 0
        [0]         [1]         [2]         [3]         [4]         [5]         [6]         [7]         [8]         [9]
[0] 0.000107114 0.000103982 0.000103390 0.000103319 0.000102848 0.000102890 0.000102980 0.000102983 0.000102784 0.000109191 
[1] 0.000147596 0.000102420 0.000138645 0.000173777 0.000103571 0.000103110 0.000103183 0.000110443 0.000102755 0.000102686 
[2] 0.000102743 0.000102724 0.000102490 0.000102648 0.000121779 0.000103946 0.000110592 0.000102935 0.000102830 0.000102765 
[3] 0.000102838 0.000102604 0.000102710 0.000102579 0.000102807 0.000102643 0.000109173 0.000111254 0.000102692 0.000102772 
[4] 0.000137499 0.000102592 0.000102910 0.000102625 0.000102719 0.000138661 0.000131022 0.000102871 0.000103051 0.000102851 
[5] 0.000102812 0.000102836 0.000102825 0.000102744 0.000109152 0.000110654 0.000102740 0.000102691 0.000102503 0.000102613 
[6] 0.000102701 0.000102512 0.000151857 0.000164425 0.000103048 0.000103055 0.000102980 0.000102972 0.000102888 0.000102797 
[7] 0.000130353 0.000129453 0.000119433 0.000103006 0.000103128 0.000132709 0.000103295 0.000103045 0.000103132 0.000103157 
[8] 0.000103140 0.000109644 0.000111531 0.000103206 0.000102934 0.000102958 0.000103166 0.000103074 0.000103055 0.000103136 
[9] 0.000102937 0.000109288 0.000102849 0.000103101 0.000102901 0.000102969 0.000103141 0.000103285 0.000102971 0.000102783 
[AVERAGE] 0.000108476 s

FEN: 8/p7/1P6/1r3p1k/7P/3R1KP1/8/8 b - - 0 0
        [0]         [1]         [2]         [3]         [4]         [5]         [6]         [7]         [8]         [9]
[0] 0.000253923 0.000234032 0.000206299 0.000205667 0.000212462 0.000255548 0.000205133 0.000205121 0.000204591 0.000211932 
[1] 0.000204939 0.000204618 0.000204713 0.000204495 0.000219020 0.000204603 0.000253564 0.000205253 0.000212642 0.000219612 
[2] 0.000271988 0.000308658 0.000270877 0.000210811 0.000233735 0.000262290 0.000245094 0.000260412 0.000326628 0.000469241 
[3] 0.000387329 0.000386630 0.000407014 0.000389972 0.000402036 0.000397207 0.000389741 0.000329843 0.000210407 0.000210394 
[4] 0.000210333 0.000216585 0.000218978 0.000210061 0.000210209 0.000226227 0.000217384 0.000210682 0.000210325 0.000210254 
[5] 0.000216552 0.000221291 0.000204905 0.000209027 0.000205290 0.000211353 0.000212970 0.000204785 0.000204734 0.000205207 
[6] 0.000211972 0.000204939 0.000260564 0.000204876 0.000204840 0.000211086 0.000204370 0.000204360 0.000237279 0.000389623 
[7] 0.000305648 0.000205072 0.000204449 0.000211526 0.000234768 0.000204341 0.000204327 0.000211035 0.000213278 0.000204495 
[8] 0.000204535 0.000204594 0.000210396 0.000208598 0.000204277 0.000204867 0.000203970 0.000211161 0.000204041 0.000204325 
[9] 0.000204623 0.000204571 0.000218803 0.000204402 0.000247130 0.000204900 0.000211305 0.000204545 0.000204104 0.000254327 
[AVERAGE] 0.000236879 s

FEN: 8/5p1p/pk1p2p1/2pP4/2P2P2/4K2P/1P4P1/8 w - - 0 0
        [0]         [1]         [2]         [3]         [4]         [5]         [6]         [7]         [8]         [9]
[0] 0.000082454 0.000079991 0.000079660 0.000086018 0.000079153 0.000079154 0.000079065 0.000079083 0.000079184 0.000079121 
[1] 0.000079051 0.000079016 0.000079232 0.000078958 0.000078976 0.000079002 0.000085452 0.000117745 0.000079167 0.000078921 
[2] 0.000078969 0.000079142 0.000079046 0.000079134 0.000135160 0.000079210 0.000124268 0.000087022 0.000079058 0.000079037 
[3] 0.000079219 0.000079140 0.000079165 0.000078988 0.000079176 0.000078995 0.000079150 0.000113528 0.000079043 0.000085630 
[4] 0.000087529 0.000079252 0.000078985 0.000079129 0.000079115 0.000078860 0.000079022 0.000078998 0.000079084 0.000131359 
[5] 0.000130867 0.000079026 0.000079017 0.000079157 0.000079066 0.000078979 0.000079056 0.000079007 0.000079172 0.000078943 
[6] 0.000078891 0.000079093 0.000085586 0.000079022 0.000078928 0.000078996 0.000079202 0.000078996 0.000078975 0.000078881 
[7] 0.000079137 0.000079079 0.000079140 0.000078946 0.000079143 0.000085353 0.000078906 0.000139001 0.000079110 0.000079013 
[8] 0.000079060 0.000079141 0.000078957 0.000078923 0.000079110 0.000079034 0.000078968 0.000085411 0.000079055 0.000079139 
[9] 0.000079098 0.000079078 0.000078953 0.000079127 0.000079063 0.000079040 0.000079290 0.000079023 0.000079009 0.000112892 
[AVERAGE] 0.000083389 s

FEN: 5k2/5p2/6p1/7p/P7/2K3P1/7P/8 b - - 0 0
        [0]         [1]         [2]         [3]         [4]         [5]         [6]         [7]         [8]         [9]
[0] 0.000025639 0.000055268 0.000024686 0.000024560 0.000024688 0.000024704 0.000024608 0.000024517 0.000024633 0.000024769 
[1] 0.000024573 0.000024625 0.000024603 0.000024647 0.000024691 0.000024677 0.000024564 0.000024652 0.000024686 0.000024661 
[2] 0.000024601 0.000024728 0.000024869 0.000024691 0.000024624 0.000024647 0.000024637 0.000024636 0.000024581 0.000024756 
[3] 0.000024771 0.000025426 0.000024724 0.000024775 0.000024671 0.000024633 0.000031122 0.000024607 0.000024721 0.000024596 
[4] 0.000024634 0.000040559 0.000024565 0.000059324 0.000024586 0.000024759 0.000024478 0.000024511 0.000024584 0.000024562 
[5] 0.000024720 0.000024585 0.000029607 0.000024611 0.000024646 0.000024592 0.000024688 0.000024624 0.000024564 0.000024704 
[6] 0.000024902 0.000024720 0.000024627 0.000024611 0.000024657 0.000024604 0.000024523 0.000024849 0.000024692 0.000024517 
[7] 0.000024708 0.000024600 0.000024797 0.000024603 0.000031388 0.000024518 0.000024678 0.000024581 0.000024802 0.000024584 
[8] 0.000024765 0.000024542 0.000024574 0.000024545 0.000024532 0.000024613 0.000024912 0.000024593 0.000024618 0.000024521 
[9] 0.000024644 0.000024577 0.000024733 0.000024647 0.000024661 0.000024618 0.000024835 0.000024615 0.000024662 0.000024658 
[AVERAGE] 0.000025660 s

FEN: 8/8/5K2/3kn3/6B1/7P/8/8 b - - 0 0
        [0]         [1]         [2]         [3]         [4]         [5]         [6]         [7]         [8]         [9]
[0] 0.000087422 0.000085377 0.000085013 0.000084805 0.000090756 0.000092948 0.000084012 0.000084119 0.000084100 0.000084528 
[1] 0.000084174 0.000084149 0.000084149 0.000084351 0.000084117 0.000091553 0.000084399 0.000084286 0.000084152 0.000083993 
[2] 0.000084104 0.000084413 0.000084417 0.000084381 0.000089313 0.000084219 0.000147255 0.000084075 0.000084063 0.000084559 
[3] 0.000084428 0.000085126 0.000084128 0.000084332 0.000083979 0.000083994 0.000083931 0.000084096 0.000090737 0.000092424 
[4] 0.000084238 0.000084412 0.000084050 0.000092971 0.000131221 0.000127187 0.000084299 0.000084329 0.000091677 0.000112699 
[5] 0.000084216 0.000084130 0.000084015 0.000084172 0.000084216 0.000084008 0.000084255 0.000083979 0.000083978 0.000084186 
[6] 0.000090531 0.000105908 0.000099102 0.000084189 0.000083946 0.000084103 0.000084634 0.000084384 0.000084706 0.000084274 
[7] 0.000084184 0.000090583 0.000084178 0.000092461 0.000084290 0.000084030 0.000084117 0.000084213 0.000084042 0.000084377 
[8] 0.000084156 0.000084349 0.000084595 0.000090444 0.000084024 0.000084326 0.000084516 0.000084075 0.000084308 0.000084257 
[9] 0.000084374 0.000084245 0.000084086 0.000084201 0.000084092 0.000090659 0.000092200 0.000083991 0.000084065 0.000084052 
[AVERAGE] 0.000087459 s

FEN: 8/8/7k/8/8/8/5q2/3B2RK b - - 0 1
        [0]         [1]         [2]         [3]         [4]         [5]         [6]         [7]         [8]         [9]
[0] 0.000474804 0.000300402 0.000293236 0.000292882 0.000298336 0.000291706 0.000292564 0.000320533 0.000314202 0.000284368 
[1] 0.000288071 0.000449754 0.000356159 0.000369837 0.000336298 0.000315762 0.000340352 0.000491694 0.000620317 0.000506913 
[2] 0.000512420 0.000505032 0.000504630 0.000499098 0.000570227 0.000379570 0.000298722 0.000313266 0.000312266 0.000299075 
[3] 0.000306028 0.000298334 0.000298422 0.000305303 0.000298401 0.000298454 0.000303462 0.000313930 0.000298774 0.000298767 
[4] 0.000317568 0.000290860 0.000290854 0.000297450 0.000299288 0.000291100 0.000519973 0.000465903 0.000507945 0.000498195 
[5] 0.000525085 0.000513181 0.000518842 0.000393102 0.000291381 0.000297931 0.000291240 0.000291012 0.000297393 0.000343268 
[6] 0.000291126 0.000298180 0.000291377 0.000290950 0.000354126 0.000305806 0.000290845 0.000290647 0.000298190 0.000290395 
[7] 0.000448324 0.000357869 0.000310642 0.000348487 0.000483758 0.000612777 0.000500129 0.000492633 0.000503720 0.000505068 
[8] 0.000552423 0.000319563 0.000297938 0.000290991 0.000291039 0.000297173 0.000299246 0.000290728 0.000340364 0.000291383 
[9] 0.000291958 0.000360007 0.000297295 0.000291422 0.000290443 0.000305626 0.000290950 0.000290933 0.000354337 0.000291009 
[AVERAGE] 0.000358938 s

FEN: 8/p6p/1p2p1k1/4pp2/2P5/8/PP1K1PPP/8 b - - 0 0
        [0]         [1]         [2]         [3]         [4]         [5]         [6]         [7]         [8]         [9]
[0] 0.000123494 0.000121225 0.000120063 0.000119913 0.000119901 0.000126131 0.000171382 0.000119637 0.000119581 0.000119816 
[1] 0.000149814 0.000119638 0.000126321 0.000134895 0.000211443 0.000119602 0.000119585 0.000119656 0.000119514 0.000119617 
[2] 0.000126597 0.000119658 0.000119701 0.000119838 0.000119521 0.000119604 0.000119751 0.000119474 0.000126088 0.000128291 
[3] 0.000119638 0.000119727 0.000157067 0.000119373 0.000119555 0.000119744 0.000126443 0.000119692 0.000119692 0.000120098 
[4] 0.000119817 0.000119711 0.000119820 0.000119564 0.000126202 0.000119498 0.000120020 0.000119605 0.000119739 0.000119877 
[5] 0.000119548 0.000119495 0.000126230 0.000128178 0.000119494 0.000119659 0.000150041 0.000132889 0.000123637 0.000119506 
[6] 0.000126491 0.000119832 0.000119671 0.000119838 0.000119963 0.000119696 0.000150356 0.000119858 0.000126167 0.000119657 
[7] 0.000119755 0.000119832 0.000119877 0.000119832 0.000120551 0.000119609 0.000125969 0.000119630 0.000138648 0.000116346 
[8] 0.000116567 0.000116843 0.000116904 0.000116545 0.000307522 0.000133561 0.000176502 0.000119818 0.000120479 0.000120157 
[9] 0.000188018 0.000132495 0.000124685 0.000135534 0.000149065 0.000119621 0.000130648 0.000221986 0.000256863 0.000241676 
[AVERAGE] 0.000131304 s

FEN: 8/8/4kp2/5p1p/8/3KP1P1/7P/8 b - - 0 0
        [0]         [1]         [2]         [3]         [4]         [5]         [6]         [7]         [8]         [9]
[0] 0.000049771 0.000047894 0.000047520 0.000047404 0.000047560 0.000047427 0.000048184 0.000048192 0.000048607 0.000055257 
[1] 0.000048768 0.000048216 0.000061033 0.000049697 0.000049726 0.000049642 0.000048193 0.000048158 0.000097636 0.000062365 
[2] 0.000050004 0.000049774 0.000049822 0.000049715 0.000048840 0.000048853 0.000048419 0.000055390 0.000048538 0.000048693 
[3] 0.000057791 0.000048934 0.000048713 0.000048366 0.000048420 0.000048342 0.000048230 0.000048366 0.000048385 0.000079308 
[4] 0.000050495 0.000048963 0.000048846 0.000048801 0.000048830 0.000048921 0.000048900 0.000055949 0.000049978 0.000049356 
[5] 0.000048217 0.000048226 0.000048194 0.000048270 0.000047844 0.000048174 0.000048360 0.000048290 0.000048313 0.000048313 
[6] 0.000048325 0.000048252 0.000048282 0.000048295 0.000048334 0.000048318 0.000048284 0.000055044 0.000049129 0.000048258 
[7] 0.000048183 0.000048296 0.000048291 0.000048280 0.000049182 0.000048384 0.000048295 0.000048388 0.000048253 0.000048305 
[8] 0.000048282 0.000048332 0.000048280 0.000052391 0.000050072 0.000048133 0.000048174 0.000055048 0.000049156 0.000048211 
[9] 0.000043216 0.000059707 0.000025339 0.000025484 0.000025431 0.000025497 0.000025601 0.000025402 0.000025428 0.000025510 
[AVERAGE] 0.000048325 s

FEN: 8/7p/5kp1/4p3/p3rPRP/2K3P1/8/8 w - - 0 0
        [0]         [1]         [2]         [3]         [4]         [5]         [6]         [7]         [8]         [9]
[0] 0.000117718 0.000114006 0.000112537 0.000112062 0.000111654 0.000118559 0.000111506 0.000111557 0.000111635 0.000111608 
[1] 0.000111111 0.000111451 0.000111275 0.000117920 0.000111377 0.000119539 0.000111392 0.000111063 0.000111001 0.000111242 
[2] 0.000111136 0.000110875 0.000118293 0.000116405 0.000195202 0.000111411 0.000111160 0.000110855 0.000111290 0.000111153 
[3] 0.000117586 0.000111143 0.000111282 0.000110888 0.000111124 0.000139271 0.000110959 0.000111398 0.000111140 0.000117617 
[4] 0.000119479 0.000111243 0.000111056 0.000153860 0.000167254 0.000111189 0.000111367 0.000118138 0.000111265 0.000111180 
[5] 0.000111012 0.000148761 0.000111311 0.000111353 0.000111160 0.000111189 0.000127932 0.000111203 0.000111226 0.000111113 
[6] 0.000111166 0.000110922 0.000111088 0.000111243 0.000117618 0.000119895 0.000111114 0.000111152 0.000111045 0.000111232 
[7] 0.000111334 0.000111383 0.000111281 0.000117705 0.000111016 0.000111021 0.000111193 0.000120581 0.000108514 0.000108526 
[8] 0.000155958 0.000121416 0.000151554 0.000135813 0.000111400 0.000111234 0.000111226 0.000111138 0.000140416 0.000124891 
[9] 0.000118133 0.000111112 0.000110977 0.000111191 0.000141345 0.000110918 0.000111271 0.000111060 0.000117404 0.000110660 
[AVERAGE] 0.000116908 s

FEN: 8/6k1/8/R7/7K/1P6/5r2/8 b - - 0 1
        [0]         [1]         [2]         [3]         [4]         [5]         [6]         [7]         [8]         [9]
[0] 0.000197547 0.000196653 0.000196414 0.000196469 0.000216008 0.000205032 0.000191417 0.000191447 0.000191273 0.000211081 
[1] 0.000238637 0.000251938 0.000196229 0.000202954 0.000206326 0.000191380 0.000191527 0.000191421 0.000197779 0.000325204 
[2] 0.000289147 0.000191608 0.000198291 0.000205090 0.000196365 0.000196251 0.000196467 0.000202839 0.000204510 0.000254976 
[3] 0.000196444 0.000196160 0.000206528 0.000205600 0.000191441 0.000191393 0.000196467 0.000198030 0.000191337 0.000191174 
[4] 0.000191389 0.000191384 0.000197619 0.000199794 0.000191263 0.000290260 0.000191282 0.000197888 0.000191329 0.000191394 
[5] 0.000191311 0.000191246 0.000197658 0.000225621 0.000196074 0.000196279 0.000196142 0.000202602 0.000214096 0.000191562 
[6] 0.000234463 0.000245992 0.000198564 0.000251746 0.000204911 0.000191373 0.000197665 0.000232095 0.000209925 0.000223082 
[7] 0.000275212 0.000296032 0.000196270 0.000196296 0.000196205 0.000203110 0.000206661 0.000191252 0.000191316 0.000191312 
[8] 0.000197606 0.000200383 0.000191351 0.000191479 0.000224781 0.000210424 0.000191271 0.000191235 0.000191345 0.000191228 
[9] 0.000197708 0.000191165 0.000191188 0.000191220 0.000191348 0.000197605 0.000294585 0.000234810 0.000191249 0.000191448 
[AVERAGE] 0.000207100 s

FEN: 3b1N2/8/3k4/5pp1/8/5K1P/8/8 w - - 0 0
        [0]         [1]         [2]         [3]         [4]         [5]         [6]         [7]         [8]         [9]
[0] 0.000078279 0.000070094 0.000104973 0.000082230 0.000069426 0.000069437 0.000069180 0.000097251 0.000069185 0.000069152 
[1] 0.000069230 0.000069112 0.000069162 0.000069085 0.000075761 0.000077317 0.000069240 0.000069240 0.000069299 0.000069239 
[2] 0.000069183 0.000069094 0.000069136 0.000069170 0.000069434 0.000069232 0.000113168 0.000104157 0.000069311 0.000069331 
[3] 0.000069264 0.000069107 0.000069101 0.000069311 0.000078467 0.000145581 0.000145702 0.000086114 0.000109870 0.000100141 
[4] 0.000113749 0.000072976 0.000072871 0.000106821 0.000072783 0.000083660 0.000071155 0.000128269 0.000071110 0.000079064 
[5] 0.000071893 0.000082621 0.000072069 0.000071494 0.000100362 0.000095486 0.000181896 0.000188661 0.000138093 0.000131127 
[6] 0.000140491 0.000127955 0.000126278 0.000125493 0.000124967 0.000124813 0.000133236 0.000138945 0.000158040 0.000128407 
[7] 0.000130663 0.000131176 0.000120481 0.000071047 0.000077588 0.000070945 0.000079452 0.000070837 0.000071050 0.000070870 
[8] 0.000070835 0.000070912 0.000070888 0.000070986 0.000071012 0.000071141 0.000070918 0.000070997 0.000077251 0.000070961 
[9] 0.000070965 0.000070949 0.000070906 0.000071008 0.000070986 0.000070998 0.000071085 0.000070952 0.000070980 0.000070935 
[AVERAGE] 0.000088543 s

FEN: R7/P7/5p2/4pk1p/5p2/3K1PP1/r6P/8 b - - 0 0
        [0]         [1]         [2]         [3]         [4]         [5]         [6]         [7]         [8]         [9]
[0] 0.000287389 0.000285308 0.000277232 0.000319856 0.000318658 0.000276143 0.000276092 0.000282151 0.000275321 0.000275860 
[1] 0.000276100 0.000290346 0.000275680 0.000275717 0.000325612 0.000304591 0.000324588 0.000282396 0.000275374 0.000275404 
[2] 0.000275219 0.000296937 0.000364468 0.000276024 0.000282738 0.000275821 0.000275122 0.000279951 0.000290220 0.000275398 
[3] 0.000275559 0.000281623 0.000275864 0.000275506 0.000275668 0.000282312 0.000279689 0.000275066 0.000281740 0.000357280 
[4] 0.000353489 0.000268966 0.000275370 0.000268893 0.000297183 0.000274747 0.000286240 0.000275271 0.000275006 0.000300976 
[5] 0.000315268 0.000268777 0.000487508 0.000373775 0.000275825 0.000355218 0.000340550 0.000478535 0.000558337 0.000599034 
[6] 0.000531387 0.000550741 0.000532723 0.000535269 0.000532449 0.000344074 0.000275043 0.000275082 0.000297167 0.000309563 
[7] 0.000275516 0.000281900 0.000275543 0.000275394 0.000275108 0.000289931 0.000275080 0.000373833 0.000341877 0.000289283 
[8] 0.000331586 0.000281972 0.000275526 0.000305087 0.000275189 0.000290511 0.000283383 0.000434290 0.000283854 0.000275846 
[9] 0.000275359 0.000282418 0.000275810 0.000275579 0.000275374 0.000289787 0.000275554 0.000275548 0.000281614 0.000280574 
[AVERAGE] 0.000314228 s

FEN: 8/7p/6p1/5k2/7N/8/4KP2/8 b - - 0 0
        [0]         [1]         [2]         [3]         [4]         [5]         [6]         [7]         [8]         [9]
[0] 0.000037202 0.000034401 0.000033623 0.000033417 0.000033310 0.000033559 0.000033339 0.000033250 0.000033254 0.000033328 
[1] 0.000033207 0.000033348 0.000033180 0.000033577 0.000033284 0.000033297 0.000033176 0.000033269 0.000033313 0.000033226 
[2] 0.000055086 0.000047253 0.000046812 0.000041608 0.000033335 0.000033601 0.000033250 0.000033217 0.000033289 0.000033560 
[3] 0.000033259 0.000033307 0.000033272 0.000033319 0.000033253 0.000034343 0.000033281 0.000033306 0.000033316 0.000033323 
[4] 0.000033237 0.000033282 0.000033195 0.000042774 0.000054638 0.000046322 0.000033379 0.000040236 0.000033191 0.000033285 
[5] 0.000033345 0.000033191 0.000044936 0.000032448 0.000032445 0.000032499 0.000032516 0.000032530 0.000032446 0.000032458 
[6] 0.000032344 0.000032425 0.000032812 0.000032533 0.000032314 0.000032459 0.000032465 0.000032656 0.000032387 0.000032524 
[7] 0.000032524 0.000032483 0.000032419 0.000032467 0.000032447 0.000032575 0.000032454 0.000038985 0.000032298 0.000032691 
[8] 0.000032395 0.000032755 0.000032584 0.000032395 0.000032470 0.000032339 0.000060467 0.000033275 0.000045512 0.000051672 
[9] 0.000033208 0.000033351 0.000045605 0.000032524 0.000032827 0.000032418 0.000032434 0.000032575 0.000032630 0.000032453 
[AVERAGE] 0.000035011 s

FEN: 6k1/8/p7/1p6/3K4/8/PPr4P/4R3 w - - 0 1
        [0]         [1]         [2]         [3]         [4]         [5]         [6]         [7]         [8]         [9]
[0] 0.000408619 0.000392274 0.000495550 0.000476969 0.000396937 0.000389672 0.000481527 0.000626834 0.000490732 0.000428906 
[1] 0.000400014 0.000414438 0.000400011 0.000489391 0.000509902 0.000408335 0.000405908 0.000390039 0.000448539 0.000447260 
[2] 0.000409177 0.000453461 0.000406808 0.000400768 0.000400628 0.000455338 0.000389966 0.000533333 0.000390694 0.000529613 
[3] 0.000398784 0.000599115 0.000404704 0.000390588 0.000413892 0.000400317 0.000438141 0.000516724 0.000396884 0.000532460 
[4] 0.000527587 0.000391132 0.000390973 0.000494644 0.000479213 0.000397527 0.000390593 0.000425549 0.000433367 0.000399840 
[5] 0.000473437 0.000633816 0.000465606 0.000505858 0.000444202 0.000866606 0.000758714 0.000807220 0.000767373 0.000768568 
[6] 0.000772131 0.000544790 0.000507793 0.000400457 0.000406658 0.000399925 0.000428410 0.000415077 0.000400270 0.000458312 
[7] 0.000455963 0.000406258 0.000399937 0.000399981 0.000493793 0.000432730 0.000443696 0.000400003 0.000416356 0.000409207 
[8] 0.000400329 0.000406640 0.000400032 0.000434458 0.000404132 0.000400279 0.000414632 0.000442053 0.000406844 0.000399688 
[9] 0.000399999 0.000406368 0.000399831 0.000419887 0.000399775 0.000561295 0.000489024 0.000468313 0.000463853 0.000641403 
[AVERAGE] 0.000463357 s

FEN: 8/8/6R1/5p1p/5k2/7r/8/2K5 w - - 0 0
        [0]         [1]         [2]         [3]         [4]         [5]         [6]         [7]         [8]         [9]
[0] 0.000270838 0.000257598 0.000264413 0.000276748 0.000266329 0.000266861 0.000273303 0.000273095 0.000267504 0.000266353 
[1] 0.000274088 0.000270614 0.000147819 0.000147698 0.000147454 0.000154276 0.000147689 0.000147657 0.000147523 0.000147746 
[2] 0.000147635 0.000147612 0.000154023 0.000197649 0.000147842 0.000147693 0.000147527 0.000147824 0.000154552 0.000147729 
[3] 0.000147673 0.000147813 0.000175373 0.000151758 0.000147753 0.000154576 0.000156163 0.000147656 0.000147664 0.000147747 
[4] 0.000147704 0.000155308 0.000147906 0.000147768 0.000147784 0.000147729 0.000147643 0.000204281 0.000154061 0.000147531 
[5] 0.000147650 0.000147567 0.000147601 0.000147673 0.000153915 0.000190621 0.000147631 0.000155141 0.000235906 0.000147710 
[6] 0.000154659 0.000147825 0.000147661 0.000147672 0.000147627 0.000147612 0.000147744 0.000153975 0.000147687 0.000147665 
[7] 0.000147566 0.000147713 0.000147607 0.000147823 0.000153978 0.000147650 0.000238850 0.000161157 0.000147718 0.000147563 
[8] 0.000154045 0.000147566 0.000147588 0.000147747 0.000147544 0.000147645 0.000153912 0.000155806 0.000147610 0.000147504 
[9] 0.000147584 0.000147626 0.000189166 0.000154375 0.000147716 0.000147628 0.000147791 0.000147590 0.000182437 0.000154104 
[AVERAGE] 0.000167897 s

FEN: 8/6Rp/8/5k2/5p2/5K2/7r/8 b - - 0 0
        [0]         [1]         [2]         [3]         [4]         [5]         [6]         [7]         [8]         [9]
[0] 0.000230414 0.000226369 0.000225695 0.000225257 0.000251205 0.000218923 0.000218844 0.000218603 0.000269482 0.000476838 
[1] 0.000329204 0.000292435 0.000302109 0.000259790 0.000244307 0.000379887 0.000414966 0.000422826 0.000413619 0.000422255 
[2] 0.000424935 0.000229924 0.000236730 0.000230278 0.000229840 0.000230197 0.000230152 0.000236614 0.000229910 0.000229944 
[3] 0.000229870 0.000236578 0.000238533 0.000245132 0.000234334 0.000237153 0.000229859 0.000229957 0.000230077 0.000229794 
[4] 0.000236566 0.000229701 0.000230080 0.000229844 0.000244628 0.000236901 0.000224376 0.000224058 0.000231716 0.000324023 
[5] 0.000224388 0.000224018 0.000230744 0.000232472 0.000224020 0.000224264 0.000389905 0.000238657 0.000224419 0.000224239 
[6] 0.000230832 0.000223895 0.000260752 0.000223939 0.000230216 0.000232821 0.000224016 0.000224174 0.000224037 0.000230310 
[7] 0.000223759 0.000224000 0.000223983 0.000230221 0.000223831 0.000223966 0.000224223 0.000259790 0.000281366 0.000224175 
[8] 0.000224149 0.000224236 0.000230989 0.000223970 0.000224123 0.000224149 0.000230246 0.000232716 0.000224132 0.000223984 
[9] 0.000225273 0.000272194 0.000224012 0.000322882 0.000231251 0.000224615 0.000249465 0.000224432 0.000224197 0.000240119 
[AVERAGE] 0.000250873 s

FEN: 6k1/3R4/5Kp1/6r1/4P3/8/8/8 b - - 0 0
        [0]         [1]         [2]         [3]         [4]         [5]         [6]         [7]         [8]         [9]
[0] 0.000146776 0.000149046 0.000245055 0.000144952 0.000151272 0.000143972 0.000143890 0.000167136 0.000157265 0.000143884 
[1] 0.000144266 0.000150293 0.000143575 0.000143685 0.000143649 0.000143584 0.000143601 0.000143678 0.000149999 0.000152696 
[2] 0.000143630 0.000143579 0.000143739 0.000143826 0.000143482 0.000150019 0.000143430 0.000143461 0.000144295 0.000143517 
[3] 0.000178964 0.000150503 0.000152086 0.000143209 0.000143924 0.000143681 0.000143549 0.000185983 0.000150321 0.000143580 
[4] 0.000143698 0.000143646 0.000143533 0.000143603 0.000143813 0.000149855 0.000143403 0.000144528 0.000143856 0.000143539 
[5] 0.000143287 0.000143619 0.000154499 0.000152040 0.000143716 0.000143540 0.000143546 0.000199554 0.000150832 0.000143590 
[6] 0.000143632 0.000143384 0.000143788 0.000143471 0.000143643 0.000150032 0.000153920 0.000139823 0.000140246 0.000140000 
[7] 0.000140244 0.000140027 0.000146409 0.000238199 0.000304061 0.000140216 0.000140103 0.000146852 0.000140115 0.000140102 
[8] 0.000140089 0.000140153 0.000140150 0.000155086 0.000159483 0.000180946 0.000143631 0.000143381 0.000143641 0.000143641 
[9] 0.000143524 0.000150090 0.000143511 0.000143625 0.000143727 0.000143550 0.000180006 0.000162990 0.000143467 0.000143660 
[AVERAGE] 0.000150994 s

FEN: 6K1/8/5P1k/2R5/1r6/8/2p5/8 w - - 0 0        [0]         [1]         [2]         [3]         [4]         [5]         [6]         [7]         [8]         [9]
[0] 0.000197019 0.000194385 0.000193294 0.000198873 0.000209460 0.000211254 0.000248986 0.000186936 0.000193674 0.000191751 
[1] 0.000191332 0.000191607 0.000191571 0.000202211 0.000199652 0.000186858 0.000186366 0.000186660 0.000242530 0.000203577 
[2] 0.000191473 0.000191238 0.000290996 0.000282934 0.000259553 0.000191591 0.000191329 0.000295083 0.000236505 0.000219309 
[3] 0.000278789 0.000391967 0.000378651 0.000345512 0.000357602 0.000347296 0.000361576 0.000347629 0.000370417 0.000197604 
[4] 0.000191053 0.000191021 0.000191239 0.000191491 0.000197241 0.000191011 0.000191050 0.000191019 0.000190973 0.000197541 
[5] 0.000242215 0.000191115 0.000191321 0.000191167 0.000198003 0.000242516 0.000191063 0.000191396 0.000191027 0.000197743 
[6] 0.000199500 0.000191249 0.000191059 0.000191496 0.000198275 0.000233693 0.000204767 0.000191365 0.000191015 0.000198002 
[7] 0.000190905 0.000191179 0.000225960 0.000191303 0.000197590 0.000199358 0.000191132 0.000290024 0.000191416 0.000198248 
[8] 0.000191610 0.000191294 0.000191238 0.000191340 0.000197455 0.000191428 0.000201736 0.000186517 0.000283025 0.000259116 
[9] 0.000409944 0.000338683 0.000396519 0.000380798 0.000386126 0.000257547 0.000414797 0.000471670 0.000351525 0.000430624 
[AVERAGE] 0.000236668 s

----------------------------------- AVERAGES ------------------------------------------


---------- REGULAR POSITIONS ----------

 [0] 0.000600505
 [1] 0.000014265
 [2] 0.000289431
 [3] 0.000271502
 [4] 0.000250022
 [5] 0.000073713
 [6] 0.000738123
 [7] 0.000760076
 [8] 0.000192951
 [9] 0.001567830
[10] 0.001002767
[11] 0.000233683
[12] 0.000196313
[13] 0.000173596
[14] 0.000182693
[15] 0.000016791
[16] 0.000138177
[17] 0.000205970
[18] 0.000024983
[19] 0.000683778
[20] 0.000278451
[21] 0.000275148
[22] 0.000256074
[23] 0.000081991
[24] 0.000170473
[25] 0.000149579
[26] 0.000028066
[27] 0.000503699
[28] 0.000016941
[29] 0.000225302
[30] 0.000108476
[31] 0.000236879
[32] 0.000083389
[33] 0.000025660
[34] 0.000087459
[35] 0.000358938
[36] 0.000131304
[37] 0.000048325
[38] 0.000116908
[39] 0.000207100
[40] 0.000088543
[41] 0.000314228
[42] 0.000035011
[43] 0.000463357
[44] 0.000167897
[45] 0.000250873
[46] 0.000150994
[47] 0.000236668

----------------------------------- AVERAGES ------------------------------------------



