FEN: rnbqkbnr/pppppppp/8/8/8/8/PPPPPPPP/RNBQKBNR w KQkq - 0 1
        [0]         [1]         [2]         [3]         [4]         [5]         [6]         [7]         [8]         [9]
[0] 0.001577284 0.001439287 0.001740500 0.001407210 0.001429496 0.001473670 0.001531257 0.001513004 0.001394736 0.001481048 
[1] 0.001409273 0.001407244 0.001534721 0.001434464 0.000925963 0.000924632 0.001013862 0.000929718 0.001080703 0.000707873 
[2] 0.000708822 0.000697401 0.000693572 0.000693384 0.000697168 0.000780998 0.000554549 0.000554465 0.000554049 0.000618341 
[3] 0.000554950 0.000582492 0.000553858 0.000557860 0.000580335 0.000462697 0.000461703 0.000470248 0.000461928 0.000461758 
[4] 0.000461096 0.000460476 0.000519218 0.000460896 0.000503557 0.000461308 0.000395887 0.000395179 0.000395607 0.000395016 
[5] 0.000394916 0.000394976 0.000400880 0.000411319 0.000395709 0.000403287 0.000395321 0.000407608 0.000362527 0.000435779 
[6] 0.000345680 0.000353683 0.000346032 0.000345908 0.000345286 0.000345484 0.000345911 0.000345615 0.000345386 0.000345701 
[7] 0.000350541 0.000353664 0.000307326 0.000320456 0.000309425 0.000307559 0.000307297 0.000307470 0.000307384 0.000357279 
[8] 0.000307387 0.000314667 0.000307670 0.000307123 0.000307436 0.000307156 0.000307192 0.000314782 0.000290775 0.000290606 
[9] 0.000294597 0.000392120 0.000291543 0.000291561 0.000291101 0.000290939 0.000291477 0.000291429 0.000291348 0.000290983 
[AVERAGE] 0.000592721 s

FEN: 6k1/5p2/6p1/8/7p/8/6PP/6K1 b - - 0 0
        [0]         [1]         [2]         [3]         [4]         [5]         [6]         [7]         [8]         [9]
[0] 0.000023356 0.000019912 0.000019210 0.000018899 0.000018810 0.000018688 0.000018653 0.000018592 0.000018632 0.000018660 
[1] 0.000018543 0.000018538 0.000018560 0.000018629 0.000018522 0.000018559 0.000018510 0.000018474 0.000018560 0.000018484 
[2] 0.000018548 0.000018496 0.000018576 0.000018527 0.000018494 0.000018574 0.000018493 0.000018543 0.000018663 0.000018564 
[3] 0.000018611 0.000018546 0.000018586 0.000018534 0.000018521 0.000018543 0.000018549 0.000018566 0.000018534 0.000018517 
[4] 0.000018592 0.000068506 0.000018675 0.000018562 0.000018592 0.000018634 0.000023533 0.000018540 0.000018536 0.000018539 
[5] 0.000018520 0.000018587 0.000018599 0.000018514 0.000018535 0.000018548 0.000018533 0.000018549 0.000018583 0.000018621 
[6] 0.000018508 0.000018558 0.000018583 0.000018602 0.000018512 0.000018558 0.000018562 0.000018552 0.000018632 0.000018495 
[7] 0.000018605 0.000018536 0.000018539 0.000018563 0.000018512 0.000018573 0.000018538 0.000018600 0.000018546 0.000018577 
[8] 0.000018628 0.000018640 0.000018535 0.000018561 0.000018620 0.000018599 0.000018598 0.000018592 0.000018491 0.000018551 
[9] 0.000018561 0.000018534 0.000018585 0.000018605 0.000018582 0.000018514 0.000018559 0.000018552 0.000018572 0.000018593 
[AVERAGE] 0.000019187 s

FEN: 3k4/2n2B2/1KP5/2B2p2/5b1p/7P/8/8 b - - 0 0
        [0]         [1]         [2]         [3]         [4]         [5]         [6]         [7]         [8]         [9]
[0] 0.000279909 0.000275406 0.000332363 0.000273732 0.000272385 0.000271662 0.000274310 0.000272575 0.000275566 0.000271318 
[1] 0.000271551 0.000272199 0.000271835 0.000271408 0.000272943 0.000271227 0.000300176 0.000272856 0.000300420 0.000281208 
[2] 0.000326376 0.000287712 0.000303550 0.000271559 0.000272635 0.000271402 0.000272731 0.000270417 0.000270716 0.000271194 
[3] 0.000270462 0.000271243 0.000308838 0.000270471 0.000271709 0.000270934 0.000271403 0.000271728 0.000271030 0.000271610 
[4] 0.000283666 0.000271225 0.000272074 0.000270245 0.000311758 0.000321613 0.000271481 0.000272217 0.000271743 0.000271622 
[5] 0.000270324 0.000271965 0.000271768 0.000270911 0.000270284 0.000271494 0.000308144 0.000271644 0.000271587 0.000282815 
[6] 0.000270765 0.000271471 0.000270929 0.000270641 0.000270702 0.000270311 0.000271126 0.000272018 0.000274655 0.000271228 
[7] 0.000321669 0.000270912 0.000272924 0.000271466 0.000271946 0.000271927 0.000269751 0.000270882 0.000271885 0.000285133 
[8] 0.000276327 0.000271206 0.000272754 0.000271583 0.000271070 0.000273296 0.000271051 0.000270108 0.000270157 0.000270884 
[9] 0.000270543 0.000292404 0.000319766 0.000271086 0.000270681 0.000321508 0.000271519 0.000271056 0.000283507 0.000272406 
[AVERAGE] 0.000277866 s

FEN: r7/4R2P/3p4/3k1K2/2p5/8/8/8 b - - 0 0
        [0]         [1]         [2]         [3]         [4]         [5]         [6]         [7]         [8]         [9]
[0] 0.000306057 0.000301733 0.000300415 0.000305644 0.000299120 0.000298360 0.000298068 0.000299742 0.000298031 0.000298685 
[1] 0.000297601 0.000297417 0.000297914 0.000297719 0.000301953 0.000299190 0.000309455 0.000297908 0.000297963 0.000346467 
[2] 0.000297603 0.000297856 0.000297762 0.000302918 0.000297806 0.000303723 0.000298404 0.000298364 0.000298025 0.000297901 
[3] 0.000298690 0.000309515 0.000289955 0.000359261 0.000352037 0.000298235 0.000335849 0.000297452 0.000298762 0.000298652 
[4] 0.000297861 0.000346441 0.000298592 0.000297072 0.000298589 0.000297750 0.000297366 0.000333977 0.000298755 0.000299386 
[5] 0.000309322 0.000298813 0.000298599 0.000300113 0.000297562 0.000298134 0.000299089 0.000298389 0.000302652 0.000297826 
[6] 0.000297856 0.000298277 0.000308664 0.000327770 0.000347989 0.000327779 0.000302787 0.000298574 0.000311201 0.000304516 
[7] 0.000299332 0.000297706 0.000297705 0.000297569 0.000297400 0.000297267 0.000297419 0.000297288 0.000297682 0.000299180 
[8] 0.000302078 0.000298211 0.000297751 0.000298662 0.000297501 0.000297269 0.000309531 0.000348693 0.000297903 0.000298164 
[9] 0.000298336 0.000305632 0.000298561 0.000298794 0.000297835 0.000297952 0.000298252 0.000297490 0.000297873 0.000297532 
[AVERAGE] 0.000303825 s

FEN: 8/8/5p2/1P1K1k2/8/2r5/8/7R w - - 0 0
        [0]         [1]         [2]         [3]         [4]         [5]         [6]         [7]         [8]         [9]
[0] 0.000305730 0.000303329 0.000307151 0.000314221 0.000301545 0.000301562 0.000300995 0.000300683 0.000300957 0.000301435 
[1] 0.000350251 0.000300598 0.000300865 0.000337844 0.000301003 0.000301182 0.000300402 0.000300195 0.000300225 0.000300633 
[2] 0.000307615 0.000305194 0.000300192 0.000300458 0.000352446 0.000300547 0.000300379 0.000300280 0.000300705 0.000300397 
[3] 0.000300284 0.000304810 0.000355447 0.000359718 0.000306218 0.000315851 0.000327276 0.000300290 0.000449998 0.000293235 
[4] 0.000293002 0.000305683 0.000301227 0.000299873 0.000300484 0.000307077 0.000300564 0.000300433 0.000300004 0.000300416 
[5] 0.000300570 0.000307723 0.000300625 0.000300362 0.000358792 0.000314248 0.000300650 0.000300575 0.000301068 0.000300675 
[6] 0.000300594 0.000300573 0.000300600 0.000300791 0.000300765 0.000300399 0.000305890 0.000300148 0.000300690 0.000300442 
[7] 0.000300084 0.000300061 0.000311140 0.000299998 0.000299954 0.000300826 0.000300204 0.000387993 0.000302800 0.000300255 
[8] 0.000299604 0.000309428 0.000293266 0.000292928 0.000309430 0.000300793 0.000300496 0.000300393 0.000304437 0.000299933 
[9] 0.000311082 0.000300158 0.000300620 0.000300339 0.000300120 0.000300260 0.000300968 0.000300063 0.000300912 0.000304679 
[AVERAGE] 0.000307503 s

FEN: 5n2/R7/4pk2/8/5PK1/8/8/8 b - - 0 0
        [0]         [1]         [2]         [3]         [4]         [5]         [6]         [7]         [8]         [9]
[0] 0.000152964 0.000101328 0.000104552 0.000106679 0.000099147 0.000099080 0.000098364 0.000099102 0.000098717 0.000098740 
[1] 0.000098534 0.000098881 0.000098325 0.000123077 0.000106712 0.000099011 0.000098709 0.000099073 0.000100601 0.000098421 
[2] 0.000098219 0.000098670 0.000109822 0.000098526 0.000098294 0.000098344 0.000098443 0.000098395 0.000098392 0.000098704 
[3] 0.000098135 0.000103227 0.000129281 0.000098487 0.000098323 0.000104704 0.000116905 0.000098827 0.000098355 0.000098402 
[4] 0.000098730 0.000098701 0.000098534 0.000098311 0.000098538 0.000098598 0.000098150 0.000098413 0.000098504 0.000098215 
[5] 0.000098311 0.000098660 0.000098121 0.000098654 0.000098727 0.000098606 0.000098300 0.000098434 0.000098603 0.000098670 
[6] 0.000098681 0.000098773 0.000098844 0.000098722 0.000098742 0.000138305 0.000098610 0.000098451 0.000148887 0.000098528 
[7] 0.000098264 0.000098256 0.000098779 0.000098550 0.000106385 0.000102067 0.000098694 0.000098371 0.000098716 0.000098464 
[8] 0.000098292 0.000098430 0.000098405 0.000098380 0.000098207 0.000098401 0.000098531 0.000098545 0.000098634 0.000098875 
[9] 0.000098358 0.000098385 0.000098554 0.000098557 0.000098422 0.000098417 0.000098177 0.000137064 0.000098482 0.000098830 
[AVERAGE] 0.000101713 s

FEN: 3Q4/8/1k6/7p/p1p4P/2q3PB/7K/8 b - - 0 0
        [0]         [1]         [2]         [3]         [4]         [5]         [6]         [7]         [8]         [9]
[0] 0.000647916 0.000641671 0.000641462 0.000640917 0.000688868 0.000687946 0.000639247 0.000647686 0.000620554 0.000674152 
[1] 0.000650483 0.000604709 0.000732777 0.000634905 0.000654607 0.000675569 0.000770850 0.000870695 0.000795244 0.000823718 
[2] 0.000636634 0.000622280 0.000647876 0.000636348 0.000678751 0.000638565 0.000692207 0.000649040 0.000640094 0.000677842 
[3] 0.000637516 0.000638286 0.000637580 0.000637941 0.000680158 0.000644052 0.000693939 0.000638966 0.000636409 0.000644955 
[4] 0.000637864 0.000637927 0.000635557 0.000637776 0.000654962 0.000637015 0.000646934 0.000669976 0.000666185 0.000822799 
[5] 0.000728159 0.000675697 0.000738974 0.000653742 0.000688673 0.000625095 0.000635527 0.000693501 0.000637611 0.000684877 
[6] 0.000638552 0.000636685 0.000637328 0.000636690 0.000727475 0.000621253 0.000619999 0.000647324 0.000728196 0.000684369 
[7] 0.000619880 0.000620075 0.000621688 0.000638665 0.000642366 0.000854622 0.000765358 0.000635198 0.000689720 0.000681062 
[8] 0.000629673 0.000820374 0.000711975 0.000887633 0.000623316 0.000621705 0.000621447 0.000620397 0.000729037 0.000622042 
[9] 0.000708248 0.000649760 0.000637860 0.000674900 0.000638630 0.000636783 0.000653607 0.000638078 0.000686822 0.000657211 
[AVERAGE] 0.000669783 s

FEN: 4q3/2R4P/5R2/1p6/p3k3/P7/KP6/8 b - - 0 0
        [0]         [1]         [2]         [3]         [4]         [5]         [6]         [7]         [8]         [9]
[0] 0.000616839 0.000620238 0.000593791 0.000615066 0.000661396 0.000592554 0.000608770 0.000608564 0.000618461 0.000611898 
[1] 0.000656999 0.000608885 0.000607555 0.000673191 0.000611444 0.000614640 0.000618677 0.000606712 0.000607859 0.000606051 
[2] 0.000611077 0.000657027 0.000607211 0.000607892 0.000612614 0.000682686 0.000605968 0.000605948 0.000605488 0.000605840 
[3] 0.000620049 0.000611448 0.000658469 0.000620809 0.000691458 0.000655808 0.000643115 0.000605242 0.000592579 0.000592319 
[4] 0.000629727 0.000664888 0.000685209 0.000707977 0.000606141 0.000605167 0.000694154 0.000751904 0.000726651 0.000700963 
[5] 0.000757615 0.000647419 0.000607052 0.000661022 0.000606257 0.000608310 0.000643727 0.000605573 0.000620141 0.000606485 
[6] 0.000606760 0.000607150 0.000610249 0.000620595 0.000660345 0.000607279 0.000609745 0.000653106 0.000606628 0.000608544 
[7] 0.000606565 0.000609772 0.000592315 0.000642247 0.000606593 0.000666746 0.000606908 0.000619081 0.000626762 0.000612645 
[8] 0.000605527 0.000753822 0.000651743 0.000659305 0.000704679 0.000620686 0.000680998 0.000687787 0.000666557 0.000607118 
[9] 0.000606874 0.000608761 0.000648331 0.000643528 0.000607016 0.000607424 0.000607720 0.000659549 0.000606753 0.000656578 
[AVERAGE] 0.000632598 s

FEN: R7/8/5rk1/5p2/1p5P/5KP1/P7/8 b - - 0 0
        [0]         [1]         [2]         [3]         [4]         [5]         [6]         [7]         [8]         [9]
[0] 0.000193973 0.000189979 0.000318188 0.000231719 0.000202014 0.000189261 0.000187711 0.000229884 0.000187669 0.000187633 
[1] 0.000187656 0.000230635 0.000252664 0.000199989 0.000187338 0.000187023 0.000187268 0.000187324 0.000186933 0.000187083 
[2] 0.000187396 0.000187428 0.000187012 0.000186687 0.000187356 0.000186904 0.000240515 0.000226919 0.000238193 0.000248989 
[3] 0.000187119 0.000187141 0.000187105 0.000187043 0.000186982 0.000187223 0.000187372 0.000186930 0.000204998 0.000191606 
[4] 0.000191729 0.000191508 0.000191446 0.000192004 0.000191208 0.000236732 0.000226446 0.000191873 0.000191932 0.000191570 
[5] 0.000191580 0.000191426 0.000191438 0.000191427 0.000191432 0.000203222 0.000192054 0.000191968 0.000191726 0.000191854 
[6] 0.000191867 0.000241186 0.000191950 0.000237338 0.000187178 0.000186428 0.000186552 0.000187077 0.000187165 0.000186996 
[7] 0.000186971 0.000186730 0.000186738 0.000186917 0.000187217 0.000186976 0.000186661 0.000186642 0.000224246 0.000204478 
[8] 0.000197249 0.000192043 0.000202724 0.000192849 0.000191272 0.000191574 0.000191661 0.000191315 0.000191670 0.000191279 
[9] 0.000191119 0.000191648 0.000191220 0.000191343 0.000201466 0.000186451 0.000186790 0.000327138 0.000186906 0.000194843 
[AVERAGE] 0.000198973 s

FEN: 3k4/5ppp/2q5/3p2r1/8/1Q3P2/P4P1P/3R3K w - - 0 1
        [0]         [1]         [2]         [3]         [4]         [5]         [6]         [7]         [8]         [9]
[0] 0.001073851 0.001235155 0.001117244 0.001110470 0.001086827 0.001256580 0.001161458 0.001079988 0.001128559 0.001297703 
[1] 0.001362784 0.001137852 0.001088949 0.001095582 0.001088270 0.001100375 0.001096830 0.001140524 0.001095285 0.001108467 
[2] 0.001101667 0.001092418 0.001096161 0.001140283 0.001093246 0.001137427 0.001092022 0.001078890 0.001501927 0.001298960 
[3] 0.001098757 0.001096675 0.001090610 0.001089913 0.001107812 0.001142878 0.001107870 0.001177919 0.001099670 0.001097049 
[4] 0.001131496 0.001094001 0.001141830 0.001145891 0.001091185 0.001090348 0.001126335 0.001130727 0.001222036 0.001128229 
[5] 0.001095085 0.001094166 0.001130751 0.001104363 0.001141371 0.001155512 0.001090104 0.001097537 0.001130858 0.001090911 
[6] 0.001141466 0.001130917 0.001104319 0.001089913 0.001093766 0.001101747 0.001172837 0.001261436 0.001095223 0.001065375 
[7] 0.001099737 0.001065626 0.001178605 0.001168486 0.001163540 0.001245121 0.001252556 0.001135746 0.001211255 0.001079094 
[8] 0.001182129 0.001488579 0.001102820 0.001255959 0.001323049 0.001229125 0.001132514 0.001094894 0.001092151 0.001129418 
[9] 0.001142644 0.001118142 0.001130395 0.001093845 0.001131324 0.001128166 0.001139120 0.001092018 0.001126319 0.001092972 
[AVERAGE] 0.001141200 s

FEN: 4R3/1k6/1p2P1p1/p7/4r3/1P1r4/1K6/2R5 w - - 0 0
        [0]         [1]         [2]         [3]         [4]         [5]         [6]         [7]         [8]         [9]
[0] 0.000814337 0.000809221 0.000808397 0.000948104 0.000839029 0.000867358 0.000839752 0.000803982 0.000803101 0.000801906 
[1] 0.000810867 0.000803207 0.000869458 0.000804745 0.000808277 0.000802659 0.000802594 0.000802938 0.000819816 0.000803019 
[2] 0.000854292 0.000803470 0.000808395 0.000805041 0.000802870 0.000813229 0.000807640 0.000803640 0.000810630 0.000971787 
[3] 0.000842605 0.000842712 0.000803927 0.000803775 0.000839724 0.000805686 0.000803006 0.000880111 0.000854963 0.000804556 
[4] 0.000808682 0.000793106 0.000927064 0.000762846 0.001000226 0.001097183 0.000861132 0.000839469 0.000802096 0.000804534 
[5] 0.000853490 0.000804916 0.000802120 0.000850868 0.000868487 0.000890082 0.000864565 0.000811315 0.000851174 0.000807380 
[6] 0.000806056 0.000802980 0.000908580 0.000817225 0.000805763 0.000803448 0.000842102 0.000803730 0.000803635 0.000846565 
[7] 0.000891706 0.000805621 0.000802456 0.000802439 0.000841472 0.000804333 0.000815107 0.000804284 0.000891680 0.000804152 
[8] 0.000905340 0.000812168 0.000863522 0.000804715 0.000803284 0.000808435 0.000840367 0.000862792 0.000804927 0.000816493 
[9] 0.000855048 0.000804813 0.000803920 0.000803459 0.000841648 0.000893576 0.000803195 0.000801770 0.000806401 0.000806697 
[AVERAGE] 0.000831715 s

FEN: 5k2/R7/3K4/4p3/5P2/8/8/5r2 w - - 0 0
        [0]         [1]         [2]         [3]         [4]         [5]         [6]         [7]         [8]         [9]
[0] 0.000263205 0.000258801 0.000258305 0.000258160 0.000258471 0.000257285 0.000268457 0.000262106 0.000256456 0.000257380 
[1] 0.000256899 0.000257732 0.000305640 0.000256592 0.000256509 0.000255821 0.000256406 0.000256214 0.000255880 0.000268258 
[2] 0.000327929 0.000257848 0.000285992 0.000264985 0.000307872 0.000249863 0.000375816 0.000264070 0.000249820 0.000249717 
[3] 0.000263514 0.000257113 0.000296420 0.000256538 0.000255993 0.000256426 0.000255745 0.000255576 0.000313749 0.000256437 
[4] 0.000256083 0.000257021 0.000264119 0.000256580 0.000307036 0.000278326 0.000268852 0.000256788 0.000262244 0.000292875 
[5] 0.000263202 0.000267464 0.000293559 0.000307793 0.000271646 0.000266458 0.000367671 0.000278374 0.000257004 0.000256189 
[6] 0.000256144 0.000257098 0.000256547 0.000310339 0.000256790 0.000303233 0.000256722 0.000256415 0.000293699 0.000257113 
[7] 0.000256274 0.000256932 0.000256932 0.000256487 0.000256239 0.000255843 0.000255778 0.000260131 0.000256073 0.000256253 
[8] 0.000256780 0.000294847 0.000256125 0.000256048 0.000256748 0.000267094 0.000256524 0.000257188 0.000256773 0.000305053 
[9] 0.000256031 0.000256218 0.000256712 0.000255691 0.000261543 0.000256323 0.000256056 0.000256286 0.000292827 0.000278449 
[AVERAGE] 0.000268156 s

FEN: 5k2/1R6/4p1p1/1pr3Pp/7P/1K6/8/8 w - - 0 0
        [0]         [1]         [2]         [3]         [4]         [5]         [6]         [7]         [8]         [9]
[0] 0.000184863 0.000180624 0.000179658 0.000178634 0.000178711 0.000177957 0.000178354 0.000177806 0.000189344 0.000209631 
[1] 0.000177663 0.000177486 0.000177525 0.000177286 0.000177036 0.000177628 0.000177196 0.000177340 0.000177368 0.000178068 
[2] 0.000178366 0.000178541 0.000182501 0.000226918 0.000177609 0.000177954 0.000177805 0.000182296 0.000215179 0.000177253 
[3] 0.000177509 0.000177362 0.000177696 0.000177748 0.000177396 0.000177530 0.000177658 0.000189036 0.000177089 0.000177046 
[4] 0.000178154 0.000176849 0.000177079 0.000176922 0.000177856 0.000177136 0.000212626 0.000177388 0.000177278 0.000176982 
[5] 0.000176786 0.000177409 0.000188806 0.000172738 0.000184295 0.000173530 0.000172931 0.000184333 0.000168135 0.000168551 
[6] 0.000168484 0.000278316 0.000173144 0.000195551 0.000243962 0.000197541 0.000307127 0.000186666 0.000172960 0.000172286 
[7] 0.000172795 0.000172311 0.000214745 0.000172504 0.000172997 0.000172400 0.000176814 0.000201209 0.000200653 0.000172544 
[8] 0.000172610 0.000233631 0.000210325 0.000168599 0.000168855 0.000168351 0.000168565 0.000168333 0.000196961 0.000168857 
[9] 0.000168718 0.000168378 0.000168705 0.000168242 0.000279304 0.000181817 0.000168537 0.000215848 0.000225129 0.000215626 
[AVERAGE] 0.000185569 s

FEN: 5k2/8/p7/4K1P1/P4R2/6r1/8/8 b - - 0 0
        [0]         [1]         [2]         [3]         [4]         [5]         [6]         [7]         [8]         [9]
[0] 0.000240797 0.000194908 0.000194069 0.000221962 0.000237013 0.000193014 0.000193262 0.000305879 0.000192720 0.000192682 
[1] 0.000375769 0.000276415 0.000259975 0.000241356 0.000254096 0.000240371 0.000202317 0.000267271 0.000250234 0.000200717 
[2] 0.000211893 0.000202451 0.000202465 0.000202596 0.000208310 0.000202379 0.000203785 0.000202151 0.000297306 0.000203146 
[3] 0.000202737 0.000202747 0.000202000 0.000202347 0.000202230 0.000202054 0.000202342 0.000202734 0.000202366 0.000202302 
[4] 0.000202311 0.000202593 0.000202482 0.000214849 0.000208734 0.000202526 0.000203162 0.000202409 0.000202398 0.000203234 
[5] 0.000202191 0.000202349 0.000201973 0.000202374 0.000202268 0.000202221 0.000202035 0.000202026 0.000215378 0.000202359 
[6] 0.000206948 0.000251185 0.000201851 0.000202667 0.000202075 0.000202139 0.000201825 0.000201886 0.000204854 0.000210421 
[7] 0.000202309 0.000202050 0.000206959 0.000202296 0.000202196 0.000202883 0.000207751 0.000202627 0.000203198 0.000201941 
[8] 0.000202262 0.000201989 0.000203278 0.000202488 0.000201834 0.000201841 0.000201560 0.000202053 0.000201896 0.000201931 
[9] 0.000201737 0.000202373 0.000201927 0.000205508 0.000201868 0.000261857 0.000202498 0.000203200 0.000202505 0.000202084 
[AVERAGE] 0.000212018 s

FEN: 8/8/8/p2r1k2/7p/PP1RK3/6P1/8 b - - 0 0
        [0]         [1]         [2]         [3]         [4]         [5]         [6]         [7]         [8]         [9]
[0] 0.000188540 0.000184653 0.000183664 0.000182979 0.000183071 0.000182254 0.000181899 0.000181582 0.000181688 0.000181434 
[1] 0.000186252 0.000181115 0.000198783 0.000238853 0.000180594 0.000181988 0.000182402 0.000181189 0.000210123 0.000194025 
[2] 0.000181123 0.000181053 0.000187790 0.000244158 0.000181079 0.000185409 0.000181225 0.000221245 0.000181300 0.000191380 
[3] 0.000176490 0.000230506 0.000176206 0.000176829 0.000189863 0.000181144 0.000181072 0.000180773 0.000180936 0.000181412 
[4] 0.000180935 0.000180565 0.000181686 0.000180864 0.000180394 0.000186309 0.000181094 0.000180966 0.000181279 0.000181268 
[5] 0.000181011 0.000191836 0.000180974 0.000180696 0.000181204 0.000180845 0.000181414 0.000181149 0.000181024 0.000180850 
[6] 0.000180885 0.000180997 0.000180976 0.000184717 0.000180530 0.000181005 0.000180362 0.000187836 0.000187957 0.000230672 
[7] 0.000180986 0.000181627 0.000181327 0.000181209 0.000181242 0.000180870 0.000181624 0.000181403 0.000181342 0.000197156 
[8] 0.000196784 0.000214484 0.000181337 0.000181191 0.000180953 0.000180739 0.000181215 0.000181247 0.000181355 0.000180919 
[9] 0.000180773 0.000180699 0.000181469 0.000180713 0.000180825 0.000181176 0.000181002 0.000181146 0.000180833 0.000202341 
[AVERAGE] 0.000185904 s

FEN: 8/8/8/1P4p1/5k2/5p2/P6K/8 b - - 0 0
        [0]         [1]         [2]         [3]         [4]         [5]         [6]         [7]         [8]         [9]
[0] 0.000042445 0.000027047 0.000026560 0.000026111 0.000025793 0.000025811 0.000025789 0.000025796 0.000025801 0.000025737 
[1] 0.000025754 0.000025756 0.000025690 0.000025806 0.000025921 0.000025766 0.000025788 0.000025952 0.000025698 0.000025834 
[2] 0.000025780 0.000025830 0.000025770 0.000025819 0.000025677 0.000025682 0.000025771 0.000025706 0.000025719 0.000025803 
[3] 0.000025710 0.000025816 0.000025788 0.000025943 0.000025853 0.000025770 0.000025783 0.000025728 0.000025727 0.000025945 
[4] 0.000025864 0.000025748 0.000025733 0.000025780 0.000025689 0.000025780 0.000025828 0.000025724 0.000025752 0.000074190 
[5] 0.000025917 0.000025866 0.000025831 0.000025618 0.000025763 0.000025740 0.000025872 0.000025731 0.000025678 0.000025744 
[6] 0.000025823 0.000031964 0.000025872 0.000030415 0.000025811 0.000025650 0.000025757 0.000025662 0.000025731 0.000025770 
[7] 0.000025832 0.000025716 0.000025800 0.000025696 0.000025777 0.000025766 0.000025807 0.000025761 0.000025703 0.000025702 
[8] 0.000025785 0.000025702 0.000025756 0.000025761 0.000025843 0.000025646 0.000025690 0.000025766 0.000025706 0.000025665 
[9] 0.000025840 0.000025731 0.000025800 0.000025770 0.000025723 0.000025722 0.000025642 0.000025756 0.000025683 0.000025759 
[AVERAGE] 0.000026551 s

FEN: 3b2k1/1p3p2/p1p5/2P4p/1P2P1p1/5p2/5P2/4RK2 w - - 0 0
        [0]         [1]         [2]         [3]         [4]         [5]         [6]         [7]         [8]         [9]
[0] 0.000111497 0.000111438 0.000106118 0.000105542 0.000104453 0.000110233 0.000104414 0.000103492 0.000103776 0.000103802 
[1] 0.000103727 0.000104104 0.000103431 0.000103619 0.000103894 0.000103522 0.000103283 0.000103824 0.000103530 0.000104006 
[2] 0.000103335 0.000103614 0.000120313 0.000119638 0.000103597 0.000103646 0.000103601 0.000103561 0.000103601 0.000103421 
[3] 0.000103852 0.000103847 0.000103499 0.000107575 0.000103438 0.000103310 0.000103152 0.000108550 0.000103398 0.000103606 
[4] 0.000106796 0.000177757 0.000129525 0.000100913 0.000100974 0.000101103 0.000100775 0.000101090 0.000129088 0.000101371 
[5] 0.000100863 0.000149646 0.000143655 0.000101041 0.000100856 0.000100939 0.000115852 0.000129077 0.000143122 0.000142606 
[6] 0.000100460 0.000100510 0.000100747 0.000100385 0.000131446 0.000103898 0.000155863 0.000136028 0.000120280 0.000157771 
[7] 0.000101044 0.000100994 0.000100709 0.000100917 0.000100560 0.000115611 0.000103641 0.000103544 0.000104067 0.000103690 
[8] 0.000103131 0.000103180 0.000103112 0.000104250 0.000103028 0.000102862 0.000103003 0.000109953 0.000108877 0.000104048 
[9] 0.000104170 0.000103755 0.000103423 0.000103583 0.000103789 0.000103381 0.000109881 0.000103831 0.000103618 0.000104011 
[AVERAGE] 0.000109224 s

FEN: 5k2/3R4/2K1p1p1/4P1P1/5P2/8/3r4/8 b - - 0 0
        [0]         [1]         [2]         [3]         [4]         [5]         [6]         [7]         [8]         [9]
[0] 0.000202620 0.000199159 0.000197161 0.000196289 0.000195599 0.000195123 0.000195728 0.000249911 0.000205605 0.000195241 
[1] 0.000194729 0.000195297 0.000194987 0.000199694 0.000224892 0.000194937 0.000194930 0.000194990 0.000195030 0.000194840 
[2] 0.000246642 0.000195327 0.000195207 0.000194799 0.000194705 0.000195223 0.000194754 0.000194766 0.000194698 0.000194520 
[3] 0.000194923 0.000219520 0.000189666 0.000189915 0.000189607 0.000189780 0.000205377 0.000194604 0.000194394 0.000194557 
[4] 0.000194211 0.000194929 0.000245017 0.000194645 0.000194841 0.000194940 0.000201534 0.000199633 0.000199336 0.000195193 
[5] 0.000195224 0.000206645 0.000189515 0.000189414 0.000189745 0.000189728 0.000190318 0.000198197 0.000185154 0.000184872 
[6] 0.000185205 0.000213432 0.000185176 0.000185217 0.000326390 0.000262016 0.000209424 0.000226844 0.000276129 0.000191857 
[7] 0.000194056 0.000220780 0.000279732 0.000204379 0.000190330 0.000259777 0.000194997 0.000195031 0.000195544 0.000219393 
[8] 0.000208010 0.000194645 0.000194749 0.000194881 0.000195411 0.000194879 0.000194861 0.000194631 0.000194452 0.000194828 
[9] 0.000194969 0.000194757 0.000194830 0.000194376 0.000194350 0.000194392 0.000232715 0.000195469 0.000206362 0.000194858 
[AVERAGE] 0.000202870 s

FEN: 6k1/6pp/5p2/8/5P2/P7/2K4P/8 b - - 0 0
        [0]         [1]         [2]         [3]         [4]         [5]         [6]         [7]         [8]         [9]
[0] 0.000039388 0.000036820 0.000036024 0.000035652 0.000035489 0.000035426 0.000035515 0.000035459 0.000035380 0.000035356 
[1] 0.000035275 0.000035409 0.000035339 0.000035398 0.000035437 0.000035399 0.000035282 0.000035473 0.000035441 0.000035190 
[2] 0.000035387 0.000035402 0.000035426 0.000035363 0.000035343 0.000035461 0.000035393 0.000035386 0.000035336 0.000035404 
[3] 0.000035386 0.000035350 0.000035353 0.000035384 0.000035371 0.000035335 0.000035372 0.000035391 0.000035351 0.000035454 
[4] 0.000035214 0.000035398 0.000035388 0.000035382 0.000035405 0.000035313 0.000035437 0.000035337 0.000035297 0.000035243 
[5] 0.000035382 0.000035508 0.000035304 0.000035421 0.000035355 0.000035377 0.000035409 0.000085039 0.000035402 0.000035423 
[6] 0.000035338 0.000035284 0.000035405 0.000035460 0.000035344 0.000035432 0.000035370 0.000035380 0.000035397 0.000035295 
[7] 0.000035361 0.000041252 0.000068089 0.000049370 0.000035302 0.000035308 0.000035302 0.000035446 0.000035485 0.000035306 
[8] 0.000035405 0.000035366 0.000035313 0.000035433 0.000035419 0.000035359 0.000035417 0.000035409 0.000035291 0.000035441 
[9] 0.000035309 0.000035406 0.000035370 0.000035419 0.000035435 0.000035307 0.000035423 0.000035365 0.000035364 0.000035419 
[AVERAGE] 0.000036464 s

FEN: 8/3R4/8/r3N2p/P1Pp1P2/2k2K1P/3r4/8 w - - 0 0
        [0]         [1]         [2]         [3]         [4]         [5]         [6]         [7]         [8]         [9]
[0] 0.000500651 0.000494098 0.000504335 0.000495108 0.000496113 0.000491395 0.000492791 0.000494205 0.000492219 0.000492226 
[1] 0.000539144 0.000494945 0.000491337 0.000502605 0.000489759 0.000489592 0.000489334 0.000489421 0.000498849 0.000491909 
[2] 0.000574918 0.000493288 0.000557528 0.000497913 0.000591536 0.000490387 0.000489795 0.000492183 0.000490020 0.000489780 
[3] 0.000491008 0.000494531 0.000490182 0.000490102 0.000503787 0.000492155 0.000490866 0.000529008 0.000544263 0.000490936 
[4] 0.000505938 0.000491271 0.000488701 0.000489220 0.000538550 0.000502308 0.000490149 0.000492615 0.000489524 0.000490640 
[5] 0.000489726 0.000532368 0.000555687 0.000491075 0.000489610 0.000501251 0.000489788 0.000532388 0.000495807 0.000490160 
[6] 0.000490650 0.000490240 0.000553095 0.000529564 0.000508036 0.000551790 0.000533222 0.000491409 0.000491202 0.000478463 
[7] 0.000506415 0.000490181 0.000489440 0.000488751 0.000488642 0.000491328 0.000497468 0.000498878 0.000494508 0.000539292 
[8] 0.000491877 0.000493299 0.000505187 0.000489768 0.000526535 0.000489902 0.000490277 0.000565945 0.000493496 0.000489662 
[9] 0.000497715 0.000490295 0.000489487 0.000540584 0.000489959 0.000490389 0.000490978 0.000496012 0.000539489 0.000490591 
[AVERAGE] 0.000503150 s

FEN: 6k1/8/6r1/8/5b2/2PR4/4K3/8 w - - 0 0
        [0]         [1]         [2]         [3]         [4]         [5]         [6]         [7]         [8]         [9]
[0] 0.000320407 0.000315091 0.000314373 0.000313428 0.000311913 0.000312002 0.000317023 0.000328984 0.000312102 0.000311829 
[1] 0.000313268 0.000361129 0.000312191 0.000323322 0.000312183 0.000312554 0.000356178 0.000311699 0.000312180 0.000311901 
[2] 0.000311464 0.000312416 0.000311080 0.000311821 0.000312025 0.000312709 0.000312156 0.000315036 0.000311703 0.000336822 
[3] 0.000340950 0.000319932 0.000304340 0.000352597 0.000313401 0.000296692 0.000296280 0.000404703 0.000295558 0.000410072 
[4] 0.000309586 0.000297332 0.000295914 0.000324861 0.000296215 0.000296416 0.000396199 0.000407155 0.000322537 0.000324276 
[5] 0.000296118 0.000296778 0.000353081 0.000296136 0.000404270 0.000352326 0.000296036 0.000356330 0.000324622 0.000300140 
[6] 0.000295541 0.000366537 0.000349342 0.000324316 0.000324588 0.000324630 0.000296593 0.000416419 0.000296177 0.000301419 
[7] 0.000402410 0.000296208 0.000321621 0.000512076 0.000432217 0.000364256 0.000406382 0.000591482 0.000305982 0.000305221 
[8] 0.000317244 0.000312564 0.000312340 0.000311991 0.000312905 0.000312849 0.000318924 0.000312903 0.000317530 0.000312064 
[9] 0.000312251 0.000312459 0.000312361 0.000313013 0.000366435 0.000312293 0.000318623 0.000312148 0.000311901 0.000311861 
[AVERAGE] 0.000329699 s

FEN: 8/1p3k2/3B4/8/3b2P1/1P6/6K1/8 b - - 0 0
        [0]         [1]         [2]         [3]         [4]         [5]         [6]         [7]         [8]         [9]
[0] 0.000292975 0.000289217 0.000287996 0.000301496 0.000286255 0.000285841 0.000284926 0.000289331 0.000284735 0.000283850 
[1] 0.000283905 0.000312990 0.000284575 0.000284837 0.000283863 0.000283925 0.000283956 0.000284288 0.000334840 0.000289407 
[2] 0.000284242 0.000288926 0.000285013 0.000284321 0.000283911 0.000284575 0.000283830 0.000294280 0.000277674 0.000276942 
[3] 0.000362381 0.000270677 0.000285069 0.000330647 0.000302200 0.000277401 0.000276904 0.000300617 0.000284415 0.000284430 
[4] 0.000284466 0.000451743 0.000313911 0.000291185 0.000323125 0.000288107 0.000290721 0.000462183 0.000277290 0.000305636 
[5] 0.000277654 0.000277474 0.000311618 0.000298513 0.000284725 0.000284046 0.000284392 0.000283833 0.000284014 0.000284311 
[6] 0.000284018 0.000283832 0.000283794 0.000287085 0.000335931 0.000284957 0.000283885 0.000284087 0.000284009 0.000283880 
[7] 0.000284109 0.000284012 0.000284261 0.000284017 0.000284358 0.000303365 0.000285114 0.000284593 0.000284481 0.000284633 
[8] 0.000284153 0.000284738 0.000284397 0.000285070 0.000284864 0.000284119 0.000283919 0.000290256 0.000338342 0.000284809 
[9] 0.000284396 0.000284810 0.000284295 0.000283901 0.000284302 0.000284357 0.000284443 0.000284404 0.000288423 0.000284653 
[AVERAGE] 0.000293017 s

FEN: 8/8/8/2p1k3/P6R/1K6/6rP/8 w - - 0 0
        [0]         [1]         [2]         [3]         [4]         [5]         [6]         [7]         [8]         [9]
[0] 0.000282406 0.000277322 0.000276402 0.000276647 0.000275357 0.000275367 0.000275090 0.000274763 0.000274722 0.000274143 
[1] 0.000277123 0.000275976 0.000275209 0.000322236 0.000287741 0.000274834 0.000275415 0.000274183 0.000274418 0.000274320 
[2] 0.000275176 0.000276387 0.000311747 0.000278762 0.000274354 0.000274398 0.000274224 0.000274280 0.000274663 0.000275808 
[3] 0.000274764 0.000275362 0.000274984 0.000275033 0.000278695 0.000274093 0.000273904 0.000273747 0.000323625 0.000274459 
[4] 0.000274740 0.000274034 0.000273928 0.000274178 0.000275282 0.000281414 0.000269776 0.000267124 0.000289552 0.000274396 
[5] 0.000282263 0.000322298 0.000260573 0.000260856 0.000261369 0.000289309 0.000260862 0.000260411 0.000322248 0.000411220 
[6] 0.000308061 0.000260809 0.000405903 0.000261257 0.000261447 0.000326654 0.000260963 0.000261186 0.000261054 0.000322720 
[7] 0.000261486 0.000260414 0.000289644 0.000260747 0.000260616 0.000260947 0.000318296 0.000275628 0.000342869 0.000288523 
[8] 0.000261865 0.000291569 0.000260355 0.000289696 0.000260448 0.000260747 0.000289678 0.000355063 0.000260654 0.000374826 
[9] 0.000377463 0.000347204 0.000295151 0.000321688 0.000362634 0.000439168 0.000268626 0.000267442 0.000267043 0.000285067 
[AVERAGE] 0.000287336 s

FEN: 6k1/5p1p/6p1/1P1n4/1K4P1/N6P/8/8 w - - 0 0
        [0]         [1]         [2]         [3]         [4]         [5]         [6]         [7]         [8]         [9]
[0] 0.000097519 0.000093627 0.000092892 0.000091350 0.000091661 0.000091504 0.000091109 0.000091847 0.000125789 0.000091070 
[1] 0.000091100 0.000091336 0.000090828 0.000091118 0.000091078 0.000090872 0.000090874 0.000090947 0.000090682 0.000091106 
[2] 0.000090744 0.000090496 0.000090558 0.000090890 0.000091069 0.000090896 0.000090890 0.000091228 0.000091030 0.000144662 
[3] 0.000091087 0.000090981 0.000092088 0.000091216 0.000090834 0.000091349 0.000091064 0.000091060 0.000090777 0.000091163 
[4] 0.000090966 0.000090701 0.000091066 0.000093944 0.000091046 0.000090788 0.000091012 0.000090619 0.000090827 0.000090907 
[5] 0.000091067 0.000091147 0.000091047 0.000091094 0.000091446 0.000090805 0.000091152 0.000091247 0.000091834 0.000090704 
[6] 0.000090876 0.000090691 0.000090949 0.000091023 0.000090563 0.000090828 0.000090886 0.000090878 0.000091095 0.000090724 
[7] 0.000090723 0.000098033 0.000097309 0.000090974 0.000090833 0.000090601 0.000090747 0.000090695 0.000090203 0.000090665 
[8] 0.000095699 0.000091033 0.000090785 0.000090528 0.000090573 0.000090357 0.000090833 0.000090794 0.000095395 0.000090941 
[9] 0.000090801 0.000092010 0.000134363 0.000091186 0.000091298 0.000090982 0.000091132 0.000091167 0.000091070 0.000127890 
[AVERAGE] 0.000093039 s

FEN: 8/k5r1/2N5/PK6/2B5/8/8/8 b - - 0 0
        [0]         [1]         [2]         [3]         [4]         [5]         [6]         [7]         [8]         [9]
[0] 0.000281822 0.000280667 0.000212545 0.000211071 0.000211618 0.000211505 0.000244056 0.000210542 0.000210417 0.000210492 
[1] 0.000210575 0.000211232 0.000210358 0.000210432 0.000210140 0.000209851 0.000210181 0.000209981 0.000210784 0.000211053 
[2] 0.000210325 0.000212823 0.000209971 0.000255381 0.000223135 0.000209436 0.000210200 0.000210417 0.000209917 0.000209934 
[3] 0.000209527 0.000209983 0.000209915 0.000257102 0.000210649 0.000209912 0.000210107 0.000212775 0.000251782 0.000341641 
[4] 0.000273285 0.000216323 0.000259992 0.000238490 0.000214607 0.000229657 0.000274648 0.000363517 0.000210492 0.000210525 
[5] 0.000260779 0.000210025 0.000210032 0.000209517 0.000209921 0.000209439 0.000210577 0.000209599 0.000236763 0.000223083 
[6] 0.000209931 0.000210023 0.000209704 0.000281128 0.000210361 0.000307391 0.000246742 0.000261460 0.000204907 0.000290176 
[7] 0.000204941 0.000247071 0.000221470 0.000209931 0.000210007 0.000209401 0.000210024 0.000209367 0.000211055 0.000246834 
[8] 0.000222883 0.000232034 0.000213283 0.000210130 0.000210083 0.000210610 0.000209400 0.000209947 0.000210345 0.000209600 
[9] 0.000209811 0.000209693 0.000210068 0.000302573 0.000344018 0.000210120 0.000210255 0.000209748 0.000209778 0.000210088 
[AVERAGE] 0.000226319 s

FEN: 6k1/8/5K2/8/5P1R/r6P/8/8 b - - 0 0
        [0]         [1]         [2]         [3]         [4]         [5]         [6]         [7]         [8]         [9]
[0] 0.000151343 0.000148183 0.000147267 0.000146493 0.000146092 0.000145774 0.000146073 0.000146183 0.000146191 0.000145896 
[1] 0.000145792 0.000146050 0.000145534 0.000145725 0.000148745 0.000145633 0.000145840 0.000145648 0.000145898 0.000146152 
[2] 0.000145883 0.000145717 0.000145942 0.000145675 0.000145794 0.000146119 0.000204282 0.000145812 0.000145433 0.000145946 
[3] 0.000145762 0.000145659 0.000145817 0.000145604 0.000145719 0.000145617 0.000211444 0.000159084 0.000160832 0.000216972 
[4] 0.000145928 0.000202928 0.000145793 0.000145798 0.000145490 0.000145846 0.000162724 0.000204196 0.000146106 0.000145615 
[5] 0.000145736 0.000145531 0.000145372 0.000145557 0.000145550 0.000145772 0.000145773 0.000196032 0.000145613 0.000160566 
[6] 0.000292611 0.000145675 0.000145220 0.000161686 0.000149649 0.000149612 0.000149488 0.000149517 0.000149541 0.000161340 
[7] 0.000145414 0.000145517 0.000145265 0.000145617 0.000213131 0.000192479 0.000145705 0.000193324 0.000145460 0.000196023 
[8] 0.000145662 0.000145331 0.000145290 0.000145498 0.000145353 0.000145615 0.000145759 0.000145426 0.000145376 0.000145590 
[9] 0.000145669 0.000145693 0.000145879 0.000188354 0.000160617 0.000145414 0.000146049 0.000145890 0.000145601 0.000179494 
[AVERAGE] 0.000155074 s

FEN: 8/8/4k1KP/p5P1/r7/8/8/8 w - - 0 0
        [0]         [1]         [2]         [3]         [4]         [5]         [6]         [7]         [8]         [9]
[0] 0.000048084 0.000045896 0.000045073 0.000044683 0.000044633 0.000044349 0.000044940 0.000044619 0.000044456 0.000044523 
[1] 0.000044359 0.000044423 0.000044417 0.000044217 0.000044405 0.000044357 0.000044248 0.000044311 0.000044220 0.000044281 
[2] 0.000044314 0.000044342 0.000044350 0.000044351 0.000100655 0.000044038 0.000044256 0.000044336 0.000044300 0.000044335 
[3] 0.000044321 0.000044169 0.000044331 0.000044285 0.000044149 0.000044305 0.000044258 0.000044355 0.000044419 0.000044186 
[4] 0.000044307 0.000044144 0.000044303 0.000044374 0.000044390 0.000044376 0.000044497 0.000044324 0.000044515 0.000044257 
[5] 0.000044273 0.000044276 0.000044392 0.000044275 0.000044362 0.000044322 0.000044194 0.000054950 0.000051565 0.000044472 
[6] 0.000044394 0.000044513 0.000044268 0.000044252 0.000044748 0.000044400 0.000044335 0.000044336 0.000044162 0.000044322 
[7] 0.000064974 0.000057221 0.000044358 0.000044337 0.000044218 0.000044195 0.000044532 0.000044381 0.000044402 0.000044371 
[8] 0.000044241 0.000044331 0.000093905 0.000073536 0.000044578 0.000044608 0.000044494 0.000059367 0.000045643 0.000045671 
[9] 0.000045670 0.000099666 0.000104782 0.000085112 0.000104790 0.000044257 0.000044446 0.000044369 0.000044307 0.000044375 
[AVERAGE] 0.000048640 s

FEN: 1R6/p2r4/2ppkp2/6p1/2PKP2p/P4P2/6PP/8 b - - 0 0
        [0]         [1]         [2]         [3]         [4]         [5]         [6]         [7]         [8]         [9]
[0] 0.000313441 0.000308658 0.000307230 0.000307197 0.000305402 0.000339680 0.000304875 0.000304364 0.000304702 0.000304775 
[1] 0.000303833 0.000304787 0.000304251 0.000304805 0.000304248 0.000353396 0.000348133 0.000303567 0.000409022 0.000304408 
[2] 0.000316700 0.000304955 0.000330204 0.000330201 0.000372180 0.000491156 0.000374300 0.000304170 0.000372445 0.000356047 
[3] 0.000460060 0.000344893 0.000304331 0.000304975 0.000316455 0.000346724 0.000338554 0.000326269 0.000391767 0.000324777 
[4] 0.000297210 0.000295996 0.000325615 0.000297880 0.000315839 0.000337073 0.000402778 0.000304246 0.000303626 0.000304140 
[5] 0.000303637 0.000304480 0.000304199 0.000304185 0.000305865 0.000335187 0.000304846 0.000312121 0.000312387 0.000305351 
[6] 0.000352895 0.000305427 0.000305675 0.000524964 0.000305420 0.000339600 0.000305318 0.000304305 0.000304404 0.000305216 
[7] 0.000305854 0.000504275 0.000317431 0.000304694 0.000304844 0.000339272 0.000305354 0.000304974 0.000305619 0.000374068 
[8] 0.000360684 0.000313562 0.000312931 0.000317907 0.000304354 0.000304517 0.000351215 0.000304155 0.000317260 0.000416908 
[9] 0.000406916 0.000356770 0.000364957 0.000328048 0.000426199 0.000381282 0.000304598 0.000304463 0.000304108 0.000305143 
[AVERAGE] 0.000331342 s

FEN: 8/7p/6p1/8/k7/8/2K3P1/8 b - - 0 0
        [0]         [1]         [2]         [3]         [4]         [5]         [6]         [7]         [8]         [9]
[0] 0.000032223 0.000030596 0.000046098 0.000031191 0.000031056 0.000043842 0.000029869 0.000029783 0.000029743 0.000029833 
[1] 0.000029714 0.000029669 0.000029705 0.000082710 0.000030013 0.000029740 0.000029690 0.000029717 0.000029622 0.000029570 
[2] 0.000029685 0.000029711 0.000029551 0.000029675 0.000029663 0.000029718 0.000029674 0.000029674 0.000029647 0.000029706 
[3] 0.000029794 0.000029720 0.000029692 0.000029685 0.000029735 0.000029753 0.000029611 0.000030014 0.000029644 0.000029634 
[4] 0.000029704 0.000029593 0.000029636 0.000029604 0.000029602 0.000029709 0.000029638 0.000029607 0.000029618 0.000029613 
[5] 0.000029756 0.000029678 0.000029664 0.000029698 0.000029584 0.000029701 0.000029604 0.000047937 0.000043228 0.000029669 
[6] 0.000029697 0.000029627 0.000029558 0.000029646 0.000029621 0.000029614 0.000029546 0.000029516 0.000029649 0.000029717 
[7] 0.000029630 0.000029665 0.000029605 0.000029618 0.000029661 0.000029563 0.000029573 0.000029626 0.000029663 0.000029657 
[8] 0.000029693 0.000029626 0.000029689 0.000029631 0.000029608 0.000029633 0.000029744 0.000029543 0.000029573 0.000029652 
[9] 0.000029692 0.000029689 0.000029599 0.000029730 0.000029564 0.000029647 0.000029610 0.000029782 0.000029675 0.000029627 
[AVERAGE] 0.000030887 s

FEN: R7/8/8/6p1/4k3/3rPp1P/8/6K1 b - - 0 0
        [0]         [1]         [2]         [3]         [4]         [5]         [6]         [7]         [8]         [9]
[0] 0.000230217 0.000254276 0.000255422 0.000224362 0.000224392 0.000223559 0.000223327 0.000222763 0.000269901 0.000222894 
[1] 0.000222721 0.000223376 0.000222799 0.000223004 0.000223239 0.000222722 0.000222974 0.000238292 0.000272404 0.000222865 
[2] 0.000222967 0.000222534 0.000223100 0.000257166 0.000268587 0.000369352 0.000222815 0.000222822 0.000222976 0.000222420 
[3] 0.000222334 0.000222298 0.000222775 0.000222471 0.000222694 0.000222616 0.000222846 0.000272105 0.000222654 0.000222271 
[4] 0.000222410 0.000222362 0.000222466 0.000222734 0.000223648 0.000222310 0.000222785 0.000326270 0.000222604 0.000222412 
[5] 0.000222597 0.000269561 0.000222885 0.000222824 0.000222223 0.000222577 0.000222275 0.000222497 0.000223388 0.000222464 
[6] 0.000235817 0.000223163 0.000378446 0.000293484 0.000238009 0.000300360 0.000257904 0.000256957 0.000263727 0.000309005 
[7] 0.000222369 0.000222575 0.000222786 0.000251786 0.000222790 0.000235508 0.000288210 0.000222578 0.000270305 0.000251425 
[8] 0.000223070 0.000251722 0.000222538 0.000222620 0.000222889 0.000222092 0.000222663 0.000239157 0.000264802 0.000222783 
[9] 0.000222396 0.000278664 0.000225443 0.000222833 0.000222364 0.000222503 0.000222749 0.000222513 0.000222574 0.000222456 
[AVERAGE] 0.000237446 s

FEN: 8/7p/1p1k2p1/p1p2p2/8/PP2P2P/4KPP1/8 w - - 0 0
        [0]         [1]         [2]         [3]         [4]         [5]         [6]         [7]         [8]         [9]
[0] 0.000102723 0.000099862 0.000098945 0.000098054 0.000097504 0.000097437 0.000097524 0.000097408 0.000097429 0.000097414 
[1] 0.000097104 0.000097401 0.000097603 0.000209678 0.000173615 0.000100040 0.000097677 0.000097328 0.000097590 0.000097211 
[2] 0.000097305 0.000097131 0.000096921 0.000097201 0.000097314 0.000097064 0.000097381 0.000097150 0.000097167 0.000097200 
[3] 0.000097195 0.000140389 0.000183943 0.000124234 0.000097127 0.000097057 0.000097394 0.000097111 0.000097288 0.000097170 
[4] 0.000101325 0.000099683 0.000110502 0.000097139 0.000097261 0.000099645 0.000141638 0.000096826 0.000109278 0.000123693 
[5] 0.000135723 0.000094673 0.000094616 0.000094806 0.000096930 0.000094619 0.000123878 0.000137705 0.000108382 0.000094726 
[6] 0.000151027 0.000094852 0.000094771 0.000094780 0.000094745 0.000094719 0.000109584 0.000108080 0.000094689 0.000094656 
[7] 0.000094628 0.000094404 0.000094587 0.000094701 0.000094523 0.000094527 0.000094488 0.000111557 0.000243029 0.000097321 
[8] 0.000139064 0.000110324 0.000097389 0.000097037 0.000096963 0.000097150 0.000097241 0.000109898 0.000097027 0.000096887 
[9] 0.000097152 0.000096991 0.000096917 0.000096836 0.000097012 0.000097135 0.000096913 0.000107757 0.000094632 0.000094625 
[AVERAGE] 0.000105640 s

FEN: 8/p7/1P6/1r3p1k/7P/3R1KP1/8/8 b - - 0 0
        [0]         [1]         [2]         [3]         [4]         [5]         [6]         [7]         [8]         [9]
[0] 0.000211469 0.000207887 0.000232920 0.000265551 0.000329012 0.000260929 0.000245958 0.000205054 0.000204353 0.000204316 
[1] 0.000232709 0.000232628 0.000204019 0.000204157 0.000331839 0.000265631 0.000208982 0.000208953 0.000256534 0.000259235 
[2] 0.000209293 0.000209186 0.000210002 0.000209907 0.000209601 0.000209533 0.000210030 0.000209359 0.000209359 0.000209463 
[3] 0.000209737 0.000209491 0.000209635 0.000252069 0.000217370 0.000355964 0.000246913 0.000291439 0.000209944 0.000209492 
[4] 0.000209264 0.000224115 0.000223187 0.000209263 0.000209114 0.000208946 0.000209482 0.000214667 0.000208770 0.000208921 
[5] 0.000258786 0.000209032 0.000209374 0.000222248 0.000209487 0.000220524 0.000204040 0.000203628 0.000203533 0.000232110 
[6] 0.000245588 0.000260269 0.000312417 0.000246960 0.000221436 0.000208958 0.000208972 0.000209372 0.000220922 0.000204042 
[7] 0.000203519 0.000203594 0.000219081 0.000245782 0.000203425 0.000203640 0.000203506 0.000220519 0.000219880 0.000203898 
[8] 0.000203823 0.000204218 0.000311442 0.000204373 0.000204052 0.000280712 0.000232104 0.000204026 0.000204110 0.000203829 
[9] 0.000203878 0.000232860 0.000203978 0.000269161 0.000203812 0.000246476 0.000247212 0.000204030 0.000259183 0.000221149 
[AVERAGE] 0.000225886 s

FEN: 8/5p1p/pk1p2p1/2pP4/2P2P2/4K2P/1P4P1/8 w - - 0 0
        [0]         [1]         [2]         [3]         [4]         [5]         [6]         [7]         [8]         [9]
[0] 0.000081964 0.000135480 0.000120875 0.000130425 0.000076665 0.000091910 0.000120008 0.000078944 0.000078351 0.000078665 
[1] 0.000090789 0.000076489 0.000132546 0.000076910 0.000078298 0.000079534 0.000079890 0.000076648 0.000124741 0.000078372 
[2] 0.000078600 0.000108321 0.000115727 0.000147363 0.000076651 0.000076586 0.000076425 0.000076521 0.000076512 0.000076612 
[3] 0.000129879 0.000076359 0.000076607 0.000076543 0.000076608 0.000076521 0.000076395 0.000076307 0.000076497 0.000076396 
[4] 0.000076497 0.000076488 0.000076358 0.000076489 0.000076484 0.000076534 0.000076324 0.000076538 0.000076326 0.000076506 
[5] 0.000076654 0.000076471 0.000076591 0.000076648 0.000076574 0.000076584 0.000076444 0.000076464 0.000107934 0.000076569 
[6] 0.000076513 0.000076469 0.000076478 0.000076493 0.000076482 0.000076466 0.000076602 0.000076542 0.000076626 0.000076643 
[7] 0.000076458 0.000076555 0.000076425 0.000076732 0.000076488 0.000076611 0.000076592 0.000076607 0.000076692 0.000076401 
[8] 0.000076517 0.000076693 0.000076567 0.000076592 0.000076537 0.000076580 0.000076564 0.000076669 0.000121879 0.000105174 
[9] 0.000076509 0.000076552 0.000076366 0.000076307 0.000076336 0.000076366 0.000076536 0.000076428 0.000076411 0.000076590 
[AVERAGE] 0.000083115 s

FEN: 5k2/5p2/6p1/7p/P7/2K3P1/7P/8 b - - 0 0
        [0]         [1]         [2]         [3]         [4]         [5]         [6]         [7]         [8]         [9]
[0] 0.000041317 0.000094475 0.000036476 0.000036078 0.000035848 0.000035713 0.000035701 0.000035660 0.000035607 0.000035733 
[1] 0.000035598 0.000035525 0.000035748 0.000035701 0.000035640 0.000035665 0.000035692 0.000035737 0.000035702 0.000035688 
[2] 0.000035834 0.000035687 0.000035739 0.000035758 0.000035797 0.000035688 0.000035653 0.000035720 0.000035710 0.000035654 
[3] 0.000035680 0.000035848 0.000035772 0.000035753 0.000035769 0.000035785 0.000035776 0.000082598 0.000035906 0.000035898 
[4] 0.000035924 0.000035748 0.000035572 0.000035774 0.000035776 0.000035835 0.000035696 0.000035880 0.000035710 0.000035841 
[5] 0.000035691 0.000035867 0.000035747 0.000035812 0.000035645 0.000035886 0.000035868 0.000035759 0.000035593 0.000035791 
[6] 0.000035612 0.000035799 0.000035597 0.000035640 0.000039137 0.000039754 0.000042351 0.000035778 0.000035684 0.000035571 
[7] 0.000035821 0.000035549 0.000035639 0.000035607 0.000035742 0.000035810 0.000035681 0.000035725 0.000035693 0.000035735 
[8] 0.000035637 0.000035753 0.000035690 0.000035811 0.000035748 0.000035765 0.000035826 0.000035807 0.000035763 0.000040814 
[9] 0.000066947 0.000035725 0.000035828 0.000035698 0.000035867 0.000035736 0.000035965 0.000035701 0.000035975 0.000036102 
[AVERAGE] 0.000037368 s

FEN: 8/8/5K2/3kn3/6B1/7P/8/8 b - - 0 0
        [0]         [1]         [2]         [3]         [4]         [5]         [6]         [7]         [8]         [9]
[0] 0.000126821 0.000119564 0.000118197 0.000117645 0.000132523 0.000233752 0.000174912 0.000127147 0.000113774 0.000113898 
[1] 0.000114385 0.000114647 0.000113579 0.000142750 0.000139515 0.000116489 0.000116080 0.000116156 0.000116019 0.000116617 
[2] 0.000116516 0.000116233 0.000148901 0.000116481 0.000116488 0.000117015 0.000117318 0.000116341 0.000116199 0.000115991 
[3] 0.000116541 0.000127070 0.000113846 0.000114306 0.000113591 0.000113185 0.000177494 0.000156358 0.000126803 0.000113415 
[4] 0.000113625 0.000112925 0.000113261 0.000113075 0.000113181 0.000113709 0.000130145 0.000202505 0.000116171 0.000147276 
[5] 0.000116144 0.000115850 0.000116863 0.000116067 0.000116486 0.000116966 0.000117140 0.000116382 0.000116711 0.000116675 
[6] 0.000116271 0.000116914 0.000116349 0.000116777 0.000116777 0.000115924 0.000116291 0.000116212 0.000116298 0.000116483 
[7] 0.000116343 0.000180203 0.000116175 0.000116166 0.000117117 0.000190075 0.000141214 0.000128945 0.000174463 0.000129240 
[8] 0.000121138 0.000115897 0.000174534 0.000120882 0.000129424 0.000130794 0.000158041 0.000116674 0.000143672 0.000200245 
[9] 0.000265939 0.000117206 0.000117519 0.000116271 0.000116290 0.000116026 0.000116128 0.000116409 0.000116811 0.000128889 
[AVERAGE] 0.000128087 s

FEN: 8/8/7k/8/8/8/5q2/3B2RK b - - 0 1
        [0]         [1]         [2]         [3]         [4]         [5]         [6]         [7]         [8]         [9]
[0] 0.000412668 0.000333831 0.000388497 0.000343406 0.000330212 0.000387798 0.000338912 0.000338360 0.000337361 0.000340274 
[1] 0.000395317 0.000337562 0.000337063 0.000336257 0.000337211 0.000337437 0.000385513 0.000337398 0.000517929 0.000609253 
[2] 0.000370602 0.000368053 0.000340797 0.000339584 0.000553375 0.000337476 0.000373714 0.000338162 0.000337612 0.000337676 
[3] 0.000338278 0.000338486 0.000337578 0.000337009 0.000388534 0.000337405 0.000343003 0.000338181 0.000337746 0.000396173 
[4] 0.000336717 0.000337935 0.000336396 0.000336594 0.000337847 0.000336643 0.000390610 0.000396463 0.000343321 0.000397168 
[5] 0.000337206 0.000336691 0.000337036 0.000386226 0.000496222 0.000336917 0.000336847 0.000336721 0.000336760 0.000336107 
[6] 0.000336237 0.000337566 0.000337989 0.000336719 0.000389295 0.000338387 0.000337129 0.000337066 0.000336685 0.000394367 
[7] 0.000337144 0.000337181 0.000337774 0.000384680 0.000402905 0.000337424 0.000337068 0.000337353 0.000337858 0.000393940 
[8] 0.000337348 0.000337235 0.000337027 0.000372982 0.000456848 0.000350488 0.000337951 0.000336275 0.000338067 0.000337033 
[9] 0.000337076 0.000338112 0.000336090 0.000418325 0.000337356 0.000335797 0.000336055 0.000337552 0.000337064 0.000393863 
[AVERAGE] 0.000358714 s

FEN: 8/p6p/1p2p1k1/4pp2/2P5/8/PP1K1PPP/8 b - - 0 0
        [0]         [1]         [2]         [3]         [4]         [5]         [6]         [7]         [8]         [9]
[0] 0.000120967 0.000116464 0.000115175 0.000126361 0.000111265 0.000110902 0.000110515 0.000141684 0.000125734 0.000128909 
[1] 0.000110884 0.000110574 0.000110547 0.000110401 0.000110344 0.000110513 0.000138754 0.000138759 0.000153010 0.000110871 
[2] 0.000110164 0.000110389 0.000110328 0.000110422 0.000201525 0.000126959 0.000170386 0.000184488 0.000153791 0.000156758 
[3] 0.000130425 0.000116656 0.000168611 0.000113488 0.000245679 0.000115729 0.000117283 0.000114425 0.000146114 0.000159391 
[4] 0.000155564 0.000128864 0.000113253 0.000113352 0.000113178 0.000113282 0.000113146 0.000113167 0.000113074 0.000113139 
[5] 0.000113166 0.000113279 0.000113269 0.000113310 0.000113133 0.000113125 0.000113120 0.000113161 0.000113040 0.000156633 
[6] 0.000110257 0.000110353 0.000139112 0.000143843 0.000125043 0.000113352 0.000113244 0.000113177 0.000113304 0.000113343 
[7] 0.000113165 0.000113174 0.000113033 0.000113142 0.000113359 0.000113046 0.000113094 0.000113048 0.000113236 0.000113097 
[8] 0.000113168 0.000113125 0.000113442 0.000113038 0.000141922 0.000141800 0.000115363 0.000113334 0.000113271 0.000113329 
[9] 0.000113346 0.000113327 0.000169055 0.000113353 0.000113229 0.000113287 0.000113436 0.000113246 0.000113327 0.000113169 
[AVERAGE] 0.000123479 s

FEN: 8/8/4kp2/5p1p/8/3KP1P1/7P/8 b - - 0 0
        [0]         [1]         [2]         [3]         [4]         [5]         [6]         [7]         [8]         [9]
[0] 0.000039747 0.000037332 0.000036667 0.000036504 0.000036108 0.000035971 0.000035934 0.000036009 0.000035940 0.000036111 
[1] 0.000036016 0.000035930 0.000036028 0.000035976 0.000035975 0.000035961 0.000036199 0.000035990 0.000036086 0.000035982 
[2] 0.000035942 0.000035812 0.000036111 0.000035851 0.000035970 0.000036108 0.000035853 0.000035956 0.000035957 0.000035982 
[3] 0.000036090 0.000036105 0.000036212 0.000035938 0.000035871 0.000035916 0.000035956 0.000035997 0.000036139 0.000035924 
[4] 0.000035911 0.000035888 0.000035892 0.000036065 0.000035908 0.000036100 0.000051139 0.000051991 0.000067677 0.000049189 
[5] 0.000036017 0.000035783 0.000035917 0.000035810 0.000035980 0.000035950 0.000035932 0.000036014 0.000035894 0.000035875 
[6] 0.000036014 0.000035957 0.000035953 0.000035990 0.000035945 0.000035796 0.000036076 0.000035966 0.000036243 0.000035729 
[7] 0.000035893 0.000035839 0.000035956 0.000036045 0.000036124 0.000036061 0.000035865 0.000036006 0.000035896 0.000035848 
[8] 0.000036059 0.000036011 0.000035806 0.000035968 0.000035929 0.000035986 0.000035923 0.000035976 0.000035993 0.000035999 
[9] 0.000035815 0.000035838 0.000035971 0.000050661 0.000065972 0.000077569 0.000051018 0.000077402 0.000036935 0.000049230 
[AVERAGE] 0.000038364 s

FEN: 8/7p/5kp1/4p3/p3rPRP/2K3P1/8/8 w - - 0 0
        [0]         [1]         [2]         [3]         [4]         [5]         [6]         [7]         [8]         [9]
[0] 0.000122322 0.000118664 0.000117696 0.000116972 0.000116489 0.000116367 0.000142879 0.000116135 0.000135626 0.000118770 
[1] 0.000152866 0.000130282 0.000115774 0.000115779 0.000115962 0.000116513 0.000115591 0.000164352 0.000115787 0.000115621 
[2] 0.000115823 0.000116064 0.000115865 0.000115575 0.000115884 0.000115782 0.000115564 0.000115820 0.000115758 0.000115580 
[3] 0.000115860 0.000115778 0.000116009 0.000115822 0.000115717 0.000115697 0.000115764 0.000115733 0.000151669 0.000115780 
[4] 0.000132130 0.000128960 0.000115822 0.000119949 0.000115739 0.000115732 0.000115790 0.000115401 0.000115648 0.000115613 
[5] 0.000115489 0.000115819 0.000115979 0.000115612 0.000115960 0.000115522 0.000115557 0.000115776 0.000115659 0.000115600 
[6] 0.000115378 0.000115439 0.000175180 0.000144740 0.000116456 0.000138879 0.000230323 0.000193266 0.000188313 0.000129801 
[7] 0.000174202 0.000130567 0.000167961 0.000115811 0.000160798 0.000133695 0.000122535 0.000152318 0.000131076 0.000147654 
[8] 0.000133725 0.000190526 0.000118943 0.000118947 0.000118762 0.000118899 0.000118679 0.000118917 0.000123760 0.000118841 
[9] 0.000118776 0.000118614 0.000118847 0.000118794 0.000118966 0.000118811 0.000118642 0.000118696 0.000118665 0.000118861 
[AVERAGE] 0.000126318 s

FEN: 8/6k1/8/R7/7K/1P6/5r2/8 b - - 0 1
        [0]         [1]         [2]         [3]         [4]         [5]         [6]         [7]         [8]         [9]
[0] 0.000265707 0.000297062 0.000254569 0.000253613 0.000286312 0.000253082 0.000252839 0.000285579 0.000257136 0.000253136 
[1] 0.000252335 0.000324623 0.000309112 0.000252343 0.000252982 0.000253102 0.000252354 0.000252153 0.000252117 0.000286536 
[2] 0.000252590 0.000252061 0.000252507 0.000252759 0.000267309 0.000293711 0.000252211 0.000252094 0.000252177 0.000252407 
[3] 0.000252427 0.000412746 0.000290166 0.000252176 0.000252323 0.000252066 0.000252106 0.000252036 0.000319873 0.000259574 
[4] 0.000258753 0.000258448 0.000266346 0.000252286 0.000287588 0.000256828 0.000252491 0.000252070 0.000252148 0.000252257 
[5] 0.000252162 0.000309158 0.000252685 0.000252418 0.000252401 0.000252794 0.000252561 0.000299815 0.000252449 0.000281252 
[6] 0.000280696 0.000252099 0.000251669 0.000336200 0.000427802 0.000318647 0.000303080 0.000317117 0.000303488 0.000305293 
[7] 0.000291373 0.000252231 0.000253119 0.000252592 0.000252138 0.000252609 0.000252636 0.000252502 0.000252531 0.000252105 
[8] 0.000252535 0.000301933 0.000257599 0.000252906 0.000253269 0.000280839 0.000252392 0.000252095 0.000252323 0.000361999 
[9] 0.000252052 0.000252136 0.000252103 0.000284402 0.000252775 0.000252730 0.000252078 0.000252062 0.000251971 0.000252150 
[AVERAGE] 0.000269012 s

FEN: 3b1N2/8/3k4/5pp1/8/5K1P/8/8 w - - 0 0
        [0]         [1]         [2]         [3]         [4]         [5]         [6]         [7]         [8]         [9]
[0] 0.000097601 0.000094641 0.000093972 0.000093230 0.000093457 0.000092706 0.000093881 0.000093019 0.000093197 0.000093111 
[1] 0.000092985 0.000121442 0.000121572 0.000092645 0.000092827 0.000093321 0.000095120 0.000123998 0.000092926 0.000092914 
[2] 0.000093469 0.000092891 0.000092816 0.000092952 0.000093090 0.000093099 0.000093005 0.000120421 0.000136862 0.000121689 
[3] 0.000093494 0.000092612 0.000121240 0.000092826 0.000092811 0.000092829 0.000093048 0.000092817 0.000093231 0.000092834 
[4] 0.000093377 0.000092662 0.000199875 0.000093069 0.000093420 0.000093084 0.000092556 0.000092609 0.000093355 0.000125643 
[5] 0.000120403 0.000175699 0.000241926 0.000157927 0.000233240 0.000107710 0.000093159 0.000134884 0.000093593 0.000093376 
[6] 0.000092676 0.000092840 0.000093298 0.000093514 0.000093164 0.000092961 0.000093003 0.000122165 0.000174720 0.000110266 
[7] 0.000180072 0.000166703 0.000208211 0.000157353 0.000176508 0.000152460 0.000155954 0.000159054 0.000153887 0.000152736 
[8] 0.000160250 0.000153335 0.000164879 0.000159658 0.000162433 0.000164769 0.000155463 0.000160325 0.000158282 0.000158285 
[9] 0.000157942 0.000226005 0.000202519 0.000191927 0.000174981 0.000147273 0.000147283 0.000158581 0.000152841 0.000151591 
[AVERAGE] 0.000124983 s

FEN: R7/P7/5p2/4pk1p/5p2/3K1PP1/r6P/8 b - - 0 0
        [0]         [1]         [2]         [3]         [4]         [5]         [6]         [7]         [8]         [9]
[0] 0.000410091 0.000377707 0.000366563 0.000383292 0.000422626 0.000427464 0.000509573 0.000402982 0.000286251 0.000285868 
[1] 0.000286619 0.000284075 0.000285573 0.000285898 0.000286063 0.000341568 0.000298992 0.000243265 0.000243942 0.000243422 
[2] 0.000242873 0.000242321 0.000242675 0.000243082 0.000242240 0.000243400 0.000243414 0.000243752 0.000243697 0.000282387 
[3] 0.000242834 0.000243607 0.000243593 0.000243095 0.000242499 0.000243511 0.000243276 0.000244300 0.000243013 0.000336101 
[4] 0.000243361 0.000243205 0.000244308 0.000345595 0.000242712 0.000242982 0.000244677 0.000242907 0.000242993 0.000243189 
[5] 0.000242844 0.000243949 0.000243727 0.000242690 0.000243182 0.000243630 0.000279598 0.000243148 0.000243287 0.000243089 
[6] 0.000243742 0.000243317 0.000243006 0.000243782 0.000243398 0.000243111 0.000243378 0.000242992 0.000242732 0.000280278 
[7] 0.000313337 0.000244136 0.000243597 0.000272238 0.000243731 0.000264701 0.000258559 0.000244146 0.000282632 0.000259036 
[8] 0.000244736 0.000243802 0.000342762 0.000263043 0.000244164 0.000244631 0.000244316 0.000243151 0.000242757 0.000243200 
[9] 0.000242983 0.000243523 0.000243569 0.000243657 0.000243672 0.000279616 0.000244438 0.000243027 0.000313443 0.000243671 
[AVERAGE] 0.000268666 s

FEN: 8/7p/6p1/5k2/7N/8/4KP2/8 b - - 0 0
        [0]         [1]         [2]         [3]         [4]         [5]         [6]         [7]         [8]         [9]
[0] 0.000057064 0.000054653 0.000053582 0.000053324 0.000053283 0.000052956 0.000053068 0.000052739 0.000052657 0.000052868 
[1] 0.000052612 0.000052655 0.000052423 0.000052671 0.000052662 0.000052773 0.000052556 0.000052827 0.000052630 0.000052611 
[2] 0.000052644 0.000052719 0.000052601 0.000052648 0.000052531 0.000052535 0.000052667 0.000052799 0.000052511 0.000052636 
[3] 0.000052713 0.000052588 0.000052696 0.000052489 0.000052664 0.000052456 0.000052551 0.000052561 0.000052665 0.000052627 
[4] 0.000052732 0.000090803 0.000052720 0.000052749 0.000052869 0.000052725 0.000052710 0.000052660 0.000052736 0.000052492 
[5] 0.000052737 0.000052609 0.000052757 0.000052868 0.000052868 0.000052829 0.000052767 0.000052553 0.000052651 0.000052738 
[6] 0.000052584 0.000052668 0.000052706 0.000052807 0.000052519 0.000052769 0.000052761 0.000052606 0.000052632 0.000052724 
[7] 0.000052614 0.000052586 0.000052516 0.000052533 0.000052668 0.000052624 0.000052667 0.000052627 0.000052582 0.000052680 
[8] 0.000052673 0.000052418 0.000052925 0.000052609 0.000052567 0.000052673 0.000052625 0.000052615 0.000052714 0.000052579 
[9] 0.000052753 0.000052651 0.000052633 0.000052692 0.000052567 0.000052642 0.000052650 0.000052815 0.000052646 0.000052618 
[AVERAGE] 0.000053134 s

FEN: 6k1/8/p7/1p6/3K4/8/PPr4P/4R3 w - - 0 1
        [0]         [1]         [2]         [3]         [4]         [5]         [6]         [7]         [8]         [9]
[0] 0.000440907 0.000402623 0.000446494 0.000396388 0.000395236 0.000395589 0.000395489 0.000394642 0.000431107 0.000394750 
[1] 0.000394442 0.000393497 0.000395585 0.000394778 0.000395042 0.000394901 0.000435121 0.000384490 0.000384282 0.000432665 
[2] 0.000384309 0.000384518 0.000384564 0.000599601 0.000489432 0.000440575 0.000398237 0.000488870 0.000394254 0.000394076 
[3] 0.000394484 0.000395147 0.000430192 0.000394678 0.000395185 0.000394262 0.000447132 0.000401921 0.000384678 0.000384057 
[4] 0.000505099 0.000399120 0.000410587 0.000383697 0.000459110 0.000384613 0.000383861 0.000441092 0.000452756 0.000407444 
[5] 0.000385159 0.000384767 0.000464323 0.000424666 0.000400975 0.000383878 0.000436497 0.000385517 0.000384870 0.000385482 
[6] 0.000384834 0.000384098 0.000383837 0.000383926 0.000383836 0.000430681 0.000454510 0.000385360 0.000385019 0.000384219 
[7] 0.000432808 0.000384588 0.000384017 0.000387411 0.000502665 0.000412466 0.000384541 0.000383594 0.000384123 0.000515273 
[8] 0.000384399 0.000417924 0.000384483 0.000384104 0.000384415 0.000383951 0.000384473 0.000431441 0.000383883 0.000383838 
[9] 0.000386235 0.000384245 0.000454463 0.000385196 0.000384169 0.000384037 0.000383984 0.000384068 0.000417379 0.000389155 
[AVERAGE] 0.000407494 s

FEN: 8/8/6R1/5p1p/5k2/7r/8/2K5 w - - 0 0
        [0]         [1]         [2]         [3]         [4]         [5]         [6]         [7]         [8]         [9]
[0] 0.000189474 0.000243050 0.000185138 0.000184534 0.000183964 0.000183724 0.000183311 0.000183969 0.000241358 0.000230769 
[1] 0.000183912 0.000183486 0.000285902 0.000215873 0.000183573 0.000183446 0.000183588 0.000183433 0.000182838 0.000183497 
[2] 0.000183257 0.000184121 0.000183267 0.000183739 0.000192973 0.000178567 0.000178848 0.000178871 0.000235540 0.000178951 
[3] 0.000179037 0.000229365 0.000179004 0.000207078 0.000178977 0.000179081 0.000178910 0.000208245 0.000178759 0.000239101 
[4] 0.000222139 0.000179055 0.000179004 0.000220819 0.000192283 0.000280349 0.000179036 0.000229884 0.000207406 0.000211487 
[5] 0.000178977 0.000178916 0.000194236 0.000226109 0.000221572 0.000178685 0.000362741 0.000241511 0.000242863 0.000184010 
[6] 0.000213291 0.000222243 0.000247359 0.000212111 0.000270996 0.000225950 0.000183273 0.000182848 0.000183719 0.000183304 
[7] 0.000183681 0.000188080 0.000182948 0.000183464 0.000183794 0.000183422 0.000183529 0.000183282 0.000235754 0.000214879 
[8] 0.000183592 0.000183247 0.000183508 0.000183642 0.000183514 0.000212424 0.000183160 0.000183256 0.000183101 0.000183139 
[9] 0.000183082 0.000198360 0.000226170 0.000183157 0.000183479 0.000183585 0.000185408 0.000183114 0.000187823 0.000183198 
[AVERAGE] 0.000199335 s

FEN: 8/6Rp/8/5k2/5p2/5K2/7r/8 b - - 0 0
        [0]         [1]         [2]         [3]         [4]         [5]         [6]         [7]         [8]         [9]
[0] 0.000270992 0.000268498 0.000266357 0.000265466 0.000265192 0.000265053 0.000339966 0.000264501 0.000264256 0.000263560 
[1] 0.000343112 0.000263907 0.000263934 0.000335324 0.000324986 0.000270327 0.000270267 0.000270488 0.000269276 0.000269876 
[2] 0.000357574 0.000309840 0.000263546 0.000263261 0.000263838 0.000263028 0.000264173 0.000263253 0.000263380 0.000262675 
[3] 0.000262918 0.000262859 0.000345666 0.000294312 0.000341418 0.000264289 0.000262975 0.000263188 0.000263658 0.000262781 
[4] 0.000263840 0.000263901 0.000264537 0.000263572 0.000303943 0.000597707 0.000471987 0.000337840 0.000353757 0.000378984 
[5] 0.000318654 0.000293136 0.000263961 0.000277446 0.000338711 0.000263907 0.000333759 0.000263709 0.000263426 0.000262983 
[6] 0.000276010 0.000263529 0.000263361 0.000262644 0.000263665 0.000276367 0.000310026 0.000305975 0.000292370 0.000262803 
[7] 0.000264410 0.000263710 0.000263908 0.000264207 0.000263853 0.000263424 0.000263638 0.000263027 0.000294780 0.000262758 
[8] 0.000321782 0.000313327 0.000263762 0.000263271 0.000263310 0.000263828 0.000263130 0.000414609 0.000263883 0.000263754 
[9] 0.000313575 0.000264298 0.000263573 0.000263427 0.000263634 0.000263999 0.000263090 0.000263468 0.000263280 0.000264036 
[AVERAGE] 0.000286192 s

FEN: 6k1/3R4/5Kp1/6r1/4P3/8/8/8 b - - 0 0
        [0]         [1]         [2]         [3]         [4]         [5]         [6]         [7]         [8]         [9]
[0] 0.000192780 0.000189238 0.000188003 0.000211881 0.000204564 0.000186427 0.000186417 0.000186728 0.000186540 0.000294110 
[1] 0.000186022 0.000186200 0.000186016 0.000185914 0.000185937 0.000185967 0.000186010 0.000187258 0.000185726 0.000185650 
[2] 0.000203116 0.000199860 0.000185449 0.000215211 0.000214675 0.000185608 0.000284442 0.000228028 0.000242466 0.000187149 
[3] 0.000201906 0.000196043 0.000200800 0.000190731 0.000190732 0.000259650 0.000245763 0.000185862 0.000186590 0.000185722 
[4] 0.000198175 0.000185579 0.000185711 0.000185225 0.000276761 0.000185657 0.000185642 0.000185367 0.000185875 0.000214336 
[5] 0.000185700 0.000185511 0.000185230 0.000217165 0.000185617 0.000185693 0.000185749 0.000191027 0.000185609 0.000186010 
[6] 0.000186149 0.000185528 0.000243855 0.000185536 0.000185537 0.000185237 0.000185403 0.000186012 0.000185384 0.000185471 
[7] 0.000188091 0.000230808 0.000185965 0.000185595 0.000185898 0.000185502 0.000185509 0.000185406 0.000185346 0.000256204 
[8] 0.000269025 0.000185262 0.000185697 0.000185158 0.000185251 0.000185603 0.000184946 0.000236786 0.000185334 0.000263443 
[9] 0.000268594 0.000185246 0.000185140 0.000185152 0.000200208 0.000199064 0.000185685 0.000185570 0.000185484 0.000185878 
[AVERAGE] 0.000198798 s

FEN: 6K1/8/5P1k/2R5/1r6/8/2p5/8 w - - 0 0        [0]         [1]         [2]         [3]         [4]         [5]         [6]         [7]         [8]         [9]
[0] 0.000300550 0.000240219 0.000239607 0.000269757 0.000238700 0.000237083 0.000239893 0.000236462 0.000236442 0.000235847 
[1] 0.000238632 0.000284285 0.000281566 0.000262529 0.000236574 0.000235773 0.000269751 0.000235845 0.000235267 0.000235350 
[2] 0.000237415 0.000235556 0.000235611 0.000238714 0.000236107 0.000277685 0.000296954 0.000236399 0.000235752 0.000240913 
[3] 0.000285920 0.000235266 0.000270122 0.000236691 0.000368748 0.000235799 0.000236631 0.000235544 0.000283342 0.000236055 
[4] 0.000236146 0.000235877 0.000235458 0.000295924 0.000235718 0.000236245 0.000240103 0.000236295 0.000238080 0.000235817 
[5] 0.000235288 0.000235141 0.000235494 0.000236124 0.000235219 0.000331374 0.000332459 0.000251356 0.000258295 0.000236672 
[6] 0.000238579 0.000237599 0.000238004 0.000236297 0.000235887 0.000235752 0.000315465 0.000249402 0.000235851 0.000298305 
[7] 0.000237757 0.000236870 0.000236448 0.000237144 0.000235960 0.000235920 0.000310039 0.000265303 0.000236299 0.000237733 
[8] 0.000237323 0.000236155 0.000316906 0.000265868 0.000235814 0.000236120 0.000235881 0.000235418 0.000236069 0.000236486 
[9] 0.000237460 0.000236138 0.000235577 0.000236739 0.000284869 0.000236254 0.000296758 0.000281682 0.000250645 0.000236458 
[AVERAGE] 0.000250937 s

----------------------------------- AVERAGES ------------------------------------------


---------- REGULAR POSITIONS ----------

 [0] 0.000592721
 [1] 0.000019187
 [2] 0.000277866
 [3] 0.000303825
 [4] 0.000307503
 [5] 0.000101713
 [6] 0.000669783
 [7] 0.000632598
 [8] 0.000198973
 [9] 0.001141200
[10] 0.000831715
[11] 0.000268156
[12] 0.000185569
[13] 0.000212018
[14] 0.000185904
[15] 0.000026551
[16] 0.000109224
[17] 0.000202870
[18] 0.000036464
[19] 0.000503150
[20] 0.000329699
[21] 0.000293017
[22] 0.000287336
[23] 0.000093039
[24] 0.000226319
[25] 0.000155074
[26] 0.000048640
[27] 0.000331342
[28] 0.000030887
[29] 0.000237446
[30] 0.000105640
[31] 0.000225886
[32] 0.000083115
[33] 0.000037368
[34] 0.000128087
[35] 0.000358714
[36] 0.000123479
[37] 0.000038364
[38] 0.000126318
[39] 0.000269012
[40] 0.000124983
[41] 0.000268666
[42] 0.000053134
[43] 0.000407494
[44] 0.000199335
[45] 0.000286192
[46] 0.000198798
[47] 0.000250937

----------------------------------- AVERAGES ------------------------------------------



