FEN: rnbqkbnr/pppppppp/8/8/8/8/PPPPPPPP/RNBQKBNR w KQkq - 0 1
        [0]         [1]         [2]         [3]         [4]         [5]         [6]         [7]         [8]         [9]
[0] 0.000341373 0.000313152 0.000373462 0.000317653 0.000316311 0.000314721 0.000313887 0.000313838 0.000325274 0.000305957 
[1] 0.000306190 0.000306910 0.000341438 0.000429612 0.000304785 0.000304198 0.000304611 0.000304193 0.000303876 0.000320339 
[2] 0.000382274 0.000303563 0.000303709 0.000353793 0.000303635 0.000303925 0.000304011 0.000303018 0.000303691 0.000303750 
[3] 0.000304032 0.000304990 0.000304816 0.000353463 0.000305060 0.000303935 0.000445584 0.000313279 0.000311536 0.000312958 
[4] 0.000313620 0.000311532 0.000312676 0.000335278 0.000338945 0.000312571 0.000311982 0.000473926 0.000312606 0.000311333 
[5] 0.000340833 0.000398329 0.000339619 0.000338655 0.000312253 0.000312648 0.000341469 0.000312987 0.000313408 0.000312299 
[6] 0.000312697 0.000312293 0.000313296 0.000316994 0.000314756 0.000312907 0.000313465 0.000311698 0.000310739 0.000324155 
[7] 0.000311981 0.000312465 0.000312562 0.000312838 0.000316556 0.000311411 0.000311783 0.000312420 0.000313219 0.000354270 
[8] 0.000312830 0.000312636 0.000310891 0.000311698 0.000311342 0.000384492 0.000313777 0.000311680 0.000310277 0.000311616 
[9] 0.000311706 0.000311518 0.000311521 0.000312455 0.000312055 0.000407576 0.000312735 0.000312000 0.000312133 0.000312458 
[AVERAGE] 0.000322637 s

FEN: 6k1/5p2/6p1/8/7p/8/6PP/6K1 b - - 0 0
        [0]         [1]         [2]         [3]         [4]         [5]         [6]         [7]         [8]         [9]
[0] 0.000033103 0.000026925 0.000025623 0.000025230 0.000024569 0.000024503 0.000024351 0.000024307 0.000024171 0.000024063 
[1] 0.000024068 0.000024157 0.000024127 0.000024224 0.000024115 0.000024063 0.000024020 0.000023929 0.000024164 0.000032394 
[2] 0.000024102 0.000036373 0.000023393 0.000023412 0.000023433 0.000023442 0.000023411 0.000023472 0.000023451 0.000023456 
[3] 0.000023412 0.000030192 0.000023474 0.000043854 0.000036302 0.000023404 0.000023351 0.000023257 0.000023294 0.000023380 
[4] 0.000023437 0.000023381 0.000023343 0.000023415 0.000023333 0.000023417 0.000023415 0.000023391 0.000023335 0.000023439 
[5] 0.000023449 0.000023418 0.000023434 0.000023409 0.000023420 0.000023435 0.000023393 0.000023423 0.000023432 0.000023332 
[6] 0.000023366 0.000023464 0.000023306 0.000023320 0.000023317 0.000023477 0.000023341 0.000023358 0.000023408 0.000023379 
[7] 0.000023318 0.000023323 0.000023335 0.000028196 0.000057181 0.000036585 0.000023312 0.000023256 0.000023313 0.000023456 
[8] 0.000023475 0.000023527 0.000023470 0.000023515 0.000023440 0.000023323 0.000023399 0.000023340 0.000023377 0.000023469 
[9] 0.000023575 0.000023436 0.000023368 0.000023400 0.000023344 0.000023398 0.000023350 0.000023313 0.000023381 0.000023356 
[AVERAGE] 0.000024833 s

FEN: 3k4/2n2B2/1KP5/2B2p2/5b1p/7P/8/8 b - - 0 0
        [0]         [1]         [2]         [3]         [4]         [5]         [6]         [7]         [8]         [9]
[0] 0.000439291 0.000425658 0.000422086 0.000422098 0.000636037 0.000592056 0.000495751 0.000552813 0.000442777 0.000460369 
[1] 0.000432644 0.000435064 0.000473520 0.000435798 0.000432443 0.000432867 0.000487571 0.000431543 0.000434521 0.000446110 
[2] 0.000446092 0.000432745 0.000432558 0.000435725 0.000464488 0.000433160 0.000432474 0.000498250 0.000437831 0.000421836 
[3] 0.000424635 0.000565393 0.000422377 0.000423689 0.000475315 0.000424185 0.000422819 0.000420722 0.000419890 0.000420704 
[4] 0.000451353 0.000420341 0.000466994 0.000557190 0.000427892 0.000424942 0.000432561 0.000421339 0.000421980 0.000427256 
[5] 0.000479056 0.000492538 0.000424542 0.000422424 0.000419660 0.000635297 0.000424266 0.000458981 0.000421050 0.000420228 
[6] 0.000422871 0.000421291 0.000421278 0.000420377 0.000426949 0.000421565 0.000424673 0.000460723 0.000424293 0.000424127 
[7] 0.000422533 0.000452191 0.000426373 0.000421767 0.000451485 0.000450549 0.000421043 0.000447947 0.000425523 0.000584253 
[8] 0.000426896 0.000426401 0.000425281 0.000422042 0.000421816 0.000424649 0.000421234 0.000457723 0.000423014 0.000427035 
[9] 0.000408401 0.000518813 0.000409527 0.000438609 0.000414427 0.000485961 0.000438961 0.000567478 0.000510670 0.000648590 
[AVERAGE] 0.000451251 s

FEN: r7/4R2P/3p4/3k1K2/2p5/8/8/8 b - - 0 0
        [0]         [1]         [2]         [3]         [4]         [5]         [6]         [7]         [8]         [9]
[0] 0.000343325 0.000457485 0.000565600 0.000325944 0.000324662 0.000322508 0.000324594 0.000349262 0.000333802 0.000331626 
[1] 0.000340325 0.000359310 0.000324850 0.000322460 0.000323201 0.000324558 0.000323160 0.000324624 0.000364855 0.000325382 
[2] 0.000325692 0.000329663 0.000354417 0.000323797 0.000325523 0.000324467 0.000324362 0.000324440 0.000351889 0.000352368 
[3] 0.000326091 0.000369101 0.000325431 0.000325056 0.000490035 0.000322891 0.000323733 0.000323757 0.000323669 0.000363887 
[4] 0.000333615 0.000326915 0.000325642 0.000355969 0.000326888 0.000324929 0.000325824 0.000325365 0.000325983 0.000356697 
[5] 0.000345787 0.000324767 0.000326992 0.000325306 0.000324401 0.000324387 0.000325044 0.000323802 0.000382413 0.000391572 
[6] 0.000496739 0.000426314 0.000477494 0.000384556 0.000552906 0.000332222 0.000333749 0.000339060 0.000339984 0.000332695 
[7] 0.000332374 0.000333413 0.000330678 0.000332573 0.000336870 0.000333635 0.000341864 0.000324264 0.000329185 0.000363529 
[8] 0.000325686 0.000324858 0.000405093 0.000324637 0.000324052 0.000323583 0.000325193 0.000322864 0.000330114 0.000325454 
[9] 0.000381368 0.000325971 0.000326057 0.000324473 0.000326404 0.000450982 0.000337126 0.000324590 0.000362071 0.000325378 
[AVERAGE] 0.000347542 s

FEN: 8/8/5p2/1P1K1k2/8/2r5/8/7R w - - 0 0
        [0]         [1]         [2]         [3]         [4]         [5]         [6]         [7]         [8]         [9]
[0] 0.000323963 0.000315500 0.000346561 0.000331385 0.000312426 0.000312094 0.000313880 0.000313081 0.000347609 0.000330717 
[1] 0.000312699 0.000355993 0.000312176 0.000311446 0.000311507 0.000311566 0.000312389 0.000310809 0.000318347 0.000359219 
[2] 0.000305413 0.000498431 0.000439593 0.000401896 0.000375894 0.000403030 0.000489670 0.000311604 0.000312838 0.000332759 
[3] 0.000321063 0.000322268 0.000325119 0.000319313 0.000367403 0.000328971 0.000312204 0.000318184 0.000312262 0.000312976 
[4] 0.000313266 0.000312608 0.000355832 0.000340135 0.000310950 0.000311457 0.000312313 0.000346969 0.000318981 0.000313897 
[5] 0.000312949 0.000311870 0.000312751 0.000347108 0.000341478 0.000312584 0.000313076 0.000318028 0.000352996 0.000426441 
[6] 0.000313321 0.000313375 0.000311808 0.000313066 0.000311661 0.000340788 0.000312415 0.000316384 0.000313039 0.000311451 
[7] 0.000312876 0.000310733 0.000310850 0.000310805 0.000312418 0.000352195 0.000313149 0.000312155 0.000345712 0.000314233 
[8] 0.000312867 0.000350162 0.000312645 0.000312772 0.000312498 0.000413311 0.000343433 0.000312440 0.000318806 0.000310676 
[9] 0.000310273 0.000406848 0.000369127 0.000320770 0.000307011 0.000304540 0.000332561 0.000304661 0.000308042 0.000360433 
[AVERAGE] 0.000331363 s

FEN: 5n2/R7/4pk2/8/5PK1/8/8/8 b - - 0 0
        [0]         [1]         [2]         [3]         [4]         [5]         [6]         [7]         [8]         [9]
[0] 0.000100776 0.000094065 0.000091369 0.000090168 0.000089994 0.000089044 0.000088884 0.000103802 0.000101744 0.000088283 
[1] 0.000088799 0.000088276 0.000088216 0.000088445 0.000088297 0.000088250 0.000088513 0.000088461 0.000103612 0.000116339 
[2] 0.000102030 0.000088174 0.000088275 0.000088338 0.000088195 0.000116670 0.000172662 0.000102141 0.000105057 0.000162337 
[3] 0.000088722 0.000088302 0.000088343 0.000088417 0.000088412 0.000118101 0.000090560 0.000130650 0.000103069 0.000088260 
[4] 0.000088176 0.000088106 0.000087985 0.000087587 0.000088352 0.000088021 0.000087974 0.000088592 0.000116408 0.000116420 
[5] 0.000088418 0.000087910 0.000088254 0.000088053 0.000145531 0.000130706 0.000088120 0.000087915 0.000116672 0.000087939 
[6] 0.000088067 0.000088129 0.000092201 0.000088427 0.000088516 0.000088068 0.000093636 0.000088366 0.000116388 0.000088055 
[7] 0.000088425 0.000088151 0.000088530 0.000088293 0.000088094 0.000088267 0.000088443 0.000121971 0.000088401 0.000116829 
[8] 0.000142948 0.000174987 0.000144246 0.000093015 0.000088333 0.000087899 0.000088125 0.000088261 0.000116482 0.000087984 
[9] 0.000088093 0.000088262 0.000088104 0.000087815 0.000116830 0.000152489 0.000114681 0.000116680 0.000111502 0.000101324 
[AVERAGE] 0.000099425 s

FEN: 3Q4/8/1k6/7p/p1p4P/2q3PB/7K/8 b - - 0 0
        [0]         [1]         [2]         [3]         [4]         [5]         [6]         [7]         [8]         [9]
[0] 0.000488167 0.000503533 0.000471126 0.000497141 0.000468794 0.000530088 0.000565691 0.000497703 0.000497942 0.000523958 
[1] 0.000467535 0.000523875 0.000676530 0.000672451 0.000597134 0.000515320 0.000679742 0.000534732 0.000493915 0.000492664 
[2] 0.000491753 0.000493462 0.000493371 0.000491609 0.000497546 0.000491938 0.000537377 0.000478947 0.000478700 0.000479437 
[3] 0.000478807 0.000515074 0.000624455 0.000479577 0.000478955 0.000477675 0.000477394 0.000580642 0.000478990 0.000509039 
[4] 0.000479949 0.000491672 0.000479270 0.000478872 0.000482392 0.000487997 0.000478161 0.000518450 0.000486847 0.000478466 
[5] 0.000478783 0.000541946 0.000479717 0.000508395 0.000580859 0.000633301 0.000580458 0.000682224 0.000508741 0.000500471 
[6] 0.000480051 0.000544951 0.000491100 0.000499057 0.000491562 0.000498672 0.000510343 0.000479578 0.000517688 0.000478314 
[7] 0.000543474 0.000478496 0.000479395 0.000478587 0.000533284 0.000478259 0.000529633 0.000478657 0.000519124 0.000581880 
[8] 0.000478274 0.000479954 0.000479116 0.000513358 0.000478378 0.000479230 0.000477307 0.000477678 0.000476978 0.000516581 
[9] 0.000484122 0.000478935 0.000478840 0.000477787 0.000514340 0.000479067 0.000547648 0.000536554 0.000479678 0.000480877 
[AVERAGE] 0.000509966 s

FEN: 4q3/2R4P/5R2/1p6/p3k3/P7/KP6/8 b - - 0 0
        [0]         [1]         [2]         [3]         [4]         [5]         [6]         [7]         [8]         [9]
[0] 0.000850289 0.000702623 0.000785534 0.000752262 0.000738838 0.000755237 0.000830002 0.000809418 0.000725184 0.000683105 
[1] 0.000767515 0.000829601 0.000725026 0.000683425 0.000944100 0.000760152 0.000782007 0.000749657 0.000681020 0.000756353 
[2] 0.000751958 0.000851627 0.000744094 0.000757699 0.000802892 0.000939904 0.000851010 0.000928784 0.000704659 0.000736910 
[3] 0.000724073 0.000718363 0.000758720 0.000718801 0.000764192 0.000700450 0.000702404 0.000968068 0.000802467 0.000725532 
[4] 0.000697144 0.000959312 0.000701417 0.000811705 0.000698763 0.000752337 0.000697221 0.000698389 0.000754823 0.000696004 
[5] 0.000780831 0.000753791 0.000759147 0.000910410 0.000913086 0.000957667 0.000728733 0.000756697 0.000819009 0.000698224 
[6] 0.000755421 0.000758470 0.000830850 0.000701673 0.000726928 0.000754573 0.000820011 0.000715719 0.000824559 0.000797459 
[7] 0.000701586 0.000733209 0.000697063 0.000700619 0.000699619 0.000698177 0.000772861 0.000702898 0.000698581 0.000695952 
[8] 0.000789166 0.000957297 0.000929580 0.000926701 0.000734583 0.000741041 0.000772848 0.000729224 0.000730564 0.000696351 
[9] 0.000735897 0.000698833 0.000698118 0.000703455 0.000703658 0.000754981 0.000704185 0.000814354 0.000712648 0.000695935 
[AVERAGE] 0.000765243 s

FEN: R7/8/5rk1/5p2/1p5P/5KP1/P7/8 b - - 0 0
        [0]         [1]         [2]         [3]         [4]         [5]         [6]         [7]         [8]         [9]
[0] 0.000367999 0.000326510 0.000323599 0.000323010 0.000321198 0.000357056 0.000333780 0.000314295 0.000313532 0.000369045 
[1] 0.000345419 0.000376483 0.000341232 0.000312488 0.000313360 0.000392037 0.000352712 0.000313003 0.000369153 0.000382556 
[2] 0.000408425 0.000312525 0.000312874 0.000340838 0.000345525 0.000356343 0.000482265 0.000311959 0.000312697 0.000356979 
[3] 0.000320071 0.000319408 0.000320271 0.000321047 0.000373015 0.000330648 0.000311612 0.000311924 0.000357532 0.000312764 
[4] 0.000311933 0.000448773 0.000327880 0.000313721 0.000390951 0.000312814 0.000312264 0.000397077 0.000344393 0.000339682 
[5] 0.000327022 0.000373028 0.000382747 0.000347104 0.000338949 0.000369685 0.000311682 0.000577741 0.000311855 0.000312479 
[6] 0.000344694 0.000312599 0.000312894 0.000390595 0.000368989 0.000313247 0.000340265 0.000312211 0.000313263 0.000368700 
[7] 0.000383462 0.000328289 0.000444504 0.000321072 0.000319913 0.000347769 0.000320459 0.000374574 0.000399760 0.000319999 
[8] 0.000348293 0.000414046 0.000412036 0.000378191 0.000411561 0.000366528 0.000388541 0.000391275 0.000319987 0.000339971 
[9] 0.000329639 0.000334349 0.000327882 0.000329264 0.000329054 0.000328152 0.000330084 0.000328510 0.000329167 0.000330403 
[AVERAGE] 0.000348232 s

FEN: 3k4/5ppp/2q5/3p2r1/8/1Q3P2/P4P1P/3R3K w - - 0 1
        [0]         [1]         [2]         [3]         [4]         [5]         [6]         [7]         [8]         [9]
[0] 0.000773524 0.000763104 0.000751115 0.000744746 0.000777807 0.000745367 0.000743396 0.000749704 0.000787574 0.000784964 
[1] 0.000745471 0.000741035 0.000743147 0.000778597 0.000755683 0.000758881 0.000748666 0.000775022 0.000830933 0.000973686 
[2] 0.000883071 0.000861957 0.000749547 0.000742908 0.000743962 0.000741647 0.000749577 0.000747182 0.000834343 0.000744639 
[3] 0.000778066 0.000743577 0.000745003 0.000743964 0.000751638 0.000777377 0.000744827 0.000744860 0.000742244 0.000789309 
[4] 0.000748020 0.000744405 0.000800296 0.000793092 0.000734841 0.000793310 0.000859705 0.000797999 0.000798079 0.000893454 
[5] 0.000727097 0.000724078 0.000770198 0.000723421 0.000725838 0.000730385 0.000819784 0.000727112 0.000791853 0.000726727 
[6] 0.000724862 0.000760911 0.000725768 0.000889864 0.000722681 0.000771765 0.000721934 0.000754202 0.000724165 0.000772965 
[7] 0.000829354 0.000728398 0.000723103 0.000729078 0.000854726 0.000874238 0.001130783 0.000830280 0.000750761 0.000748491 
[8] 0.000755085 0.000755537 0.000838761 0.000826387 0.000749841 0.000787518 0.000784703 0.000726610 0.000751230 0.000740473 
[9] 0.000850443 0.000750350 0.000741573 0.000757854 0.000747426 0.000750692 0.000750147 0.000743404 0.000753173 0.000798116 
[AVERAGE] 0.000773895 s

FEN: 4R3/1k6/1p2P1p1/p7/4r3/1P1r4/1K6/2R5 w - - 0 0
        [0]         [1]         [2]         [3]         [4]         [5]         [6]         [7]         [8]         [9]
[0] 0.001232084 0.001710173 0.001513425 0.001237670 0.001272214 0.001241355 0.001266585 0.001238989 0.001235022 0.001278993 
[1] 0.001266435 0.001234625 0.001272354 0.001238986 0.001235491 0.001239987 0.001237221 0.001334053 0.001379145 0.001284702 
[2] 0.001292964 0.001240549 0.001273785 0.001236725 0.001235608 0.001465091 0.001238070 0.001458765 0.001237413 0.001235099 
[3] 0.001295104 0.001296695 0.001235236 0.001268381 0.001235857 0.001266733 0.001229192 0.001249605 0.001260665 0.001279265 
[4] 0.001207163 0.001254064 0.001303516 0.001264806 0.001362091 0.001213579 0.001255072 0.001205888 0.001263385 0.001251074 
[5] 0.001264168 0.001704253 0.001475623 0.001276141 0.001236567 0.001238368 0.001238515 0.001233720 0.001235191 0.001268408 
[6] 0.001378165 0.001292364 0.001251507 0.001234872 0.001250171 0.001236451 0.001291977 0.001541224 0.001496206 0.001275857 
[7] 0.001237793 0.001254604 0.001385174 0.001239763 0.001245346 0.001237516 0.001239611 0.001299389 0.001237948 0.001269099 
[8] 0.001256179 0.001235726 0.001238382 0.001238280 0.001247178 0.001307917 0.001237235 0.001240711 0.001238102 0.001233960 
[9] 0.001239723 0.001236073 0.001237143 0.001235218 0.001398112 0.001297379 0.001236106 0.001233538 0.001273251 0.001311485 
[AVERAGE] 0.001282986 s

FEN: 5k2/R7/3K4/4p3/5P2/8/8/5r2 w - - 0 0
        [0]         [1]         [2]         [3]         [4]         [5]         [6]         [7]         [8]         [9]
[0] 0.000239419 0.000232099 0.000245098 0.000269429 0.000361546 0.000316905 0.000244768 0.000301060 0.000315422 0.000267401 
[1] 0.000249452 0.000355036 0.000233723 0.000233764 0.000232109 0.000233118 0.000232836 0.000275641 0.000238662 0.000234215 
[2] 0.000232445 0.000233466 0.000233006 0.000234007 0.000233534 0.000232769 0.000239211 0.000232669 0.000232752 0.000233467 
[3] 0.000236853 0.000271110 0.000276861 0.000234276 0.000232893 0.000231755 0.000232281 0.000232706 0.000231670 0.000231198 
[4] 0.000232385 0.000232614 0.000231994 0.000231989 0.000235081 0.000232807 0.000233155 0.000231983 0.000232172 0.000231801 
[5] 0.000232563 0.000231908 0.000232015 0.000232511 0.000232641 0.000259923 0.000231734 0.000232027 0.000232708 0.000266722 
[6] 0.000231311 0.000232684 0.000231665 0.000232555 0.000232657 0.000231706 0.000232378 0.000233216 0.000232495 0.000231371 
[7] 0.000231610 0.000232127 0.000232017 0.000234432 0.000233053 0.000232656 0.000231755 0.000231775 0.000232790 0.000231042 
[8] 0.000231704 0.000231913 0.000232617 0.000232596 0.000233155 0.000233043 0.000232646 0.000233472 0.000231683 0.000233134 
[9] 0.000231276 0.000291017 0.000408657 0.000348024 0.000252056 0.000295988 0.000297120 0.000309386 0.000310935 0.000266015 
[AVERAGE] 0.000247531 s

FEN: 5k2/1R6/4p1p1/1pr3Pp/7P/1K6/8/8 w - - 0 0
        [0]         [1]         [2]         [3]         [4]         [5]         [6]         [7]         [8]         [9]
[0] 0.000232573 0.000222039 0.000219348 0.000269534 0.000219052 0.000217972 0.000218712 0.000218284 0.000217856 0.000217025 
[1] 0.000217834 0.000217414 0.000217012 0.000236805 0.000245703 0.000218025 0.000217395 0.000216673 0.000217219 0.000217752 
[2] 0.000217703 0.000257040 0.000217624 0.000223551 0.000217195 0.000217585 0.000218325 0.000218166 0.000261328 0.000218104 
[3] 0.000218738 0.000218001 0.000217592 0.000217958 0.000219178 0.000218372 0.000217312 0.000216324 0.000216026 0.000217197 
[4] 0.000218356 0.000217266 0.000217314 0.000251720 0.000244752 0.000228755 0.000217395 0.000216954 0.000216254 0.000216600 
[5] 0.000217045 0.000216360 0.000216257 0.000216395 0.000217542 0.000217441 0.000216930 0.000216589 0.000238684 0.000246024 
[6] 0.000216659 0.000216214 0.000216870 0.000216247 0.000215497 0.000216763 0.000217187 0.000216390 0.000216516 0.000228702 
[7] 0.000217386 0.000215831 0.000216594 0.000222105 0.000251672 0.000218975 0.000218146 0.000216554 0.000217440 0.000217720 
[8] 0.000217933 0.000217875 0.000217710 0.000217064 0.000258098 0.000216864 0.000217963 0.000226041 0.000252151 0.000223356 
[9] 0.000220627 0.000217106 0.000241566 0.000309862 0.000232613 0.000218178 0.000217894 0.000216931 0.000217316 0.000217669 
[AVERAGE] 0.000223465 s

FEN: 5k2/8/p7/4K1P1/P4R2/6r1/8/8 b - - 0 0
        [0]         [1]         [2]         [3]         [4]         [5]         [6]         [7]         [8]         [9]
[0] 0.000139723 0.000131684 0.000129146 0.000128156 0.000126597 0.000162484 0.000126640 0.000125895 0.000125793 0.000126026 
[1] 0.000125232 0.000125408 0.000125154 0.000125729 0.000125533 0.000124984 0.000125477 0.000124607 0.000125858 0.000125142 
[2] 0.000125127 0.000125058 0.000125339 0.000125185 0.000125133 0.000124909 0.000125661 0.000125362 0.000125241 0.000136083 
[3] 0.000125397 0.000129682 0.000126072 0.000126069 0.000125527 0.000125220 0.000125263 0.000124593 0.000124916 0.000125509 
[4] 0.000124721 0.000125026 0.000137047 0.000121677 0.000121128 0.000121863 0.000122021 0.000121657 0.000122141 0.000121865 
[5] 0.000135463 0.000124712 0.000125911 0.000125698 0.000124848 0.000125098 0.000125134 0.000125896 0.000160855 0.000125126 
[6] 0.000125252 0.000125276 0.000130724 0.000125542 0.000125368 0.000125183 0.000125681 0.000125453 0.000125200 0.000124975 
[7] 0.000124969 0.000164120 0.000154266 0.000124804 0.000124870 0.000132561 0.000125297 0.000125154 0.000125674 0.000124885 
[8] 0.000125269 0.000125076 0.000124855 0.000129825 0.000163549 0.000124717 0.000124710 0.000124299 0.000124919 0.000124543 
[9] 0.000124647 0.000125002 0.000124914 0.000124837 0.000124761 0.000124665 0.000124892 0.000134786 0.000121644 0.000121803 
[AVERAGE] 0.000127635 s

FEN: 8/8/8/p2r1k2/7p/PP1RK3/6P1/8 b - - 0 0
        [0]         [1]         [2]         [3]         [4]         [5]         [6]         [7]         [8]         [9]
[0] 0.000164199 0.000155627 0.000153735 0.000151053 0.000151288 0.000150422 0.000149531 0.000149445 0.000185864 0.000150510 
[1] 0.000188961 0.000151024 0.000149956 0.000150640 0.000149403 0.000149146 0.000163216 0.000152310 0.000153473 0.000153260 
[2] 0.000153500 0.000153034 0.000153207 0.000166178 0.000149743 0.000149162 0.000149123 0.000148267 0.000149580 0.000174972 
[3] 0.000153995 0.000153851 0.000164206 0.000152511 0.000152765 0.000152563 0.000162091 0.000149245 0.000149309 0.000149734 
[4] 0.000148578 0.000149204 0.000149454 0.000149732 0.000158189 0.000269110 0.000163939 0.000148241 0.000149341 0.000148905 
[5] 0.000181554 0.000149490 0.000148856 0.000149130 0.000161970 0.000152292 0.000153696 0.000153225 0.000152801 0.000151922 
[6] 0.000152535 0.000163409 0.000148931 0.000149339 0.000148465 0.000149378 0.000148797 0.000148952 0.000158041 0.000145093 
[7] 0.000145310 0.000144891 0.000177050 0.000199940 0.000187061 0.000145587 0.000144789 0.000145476 0.000214612 0.000200574 
[8] 0.000146608 0.000145602 0.000146314 0.000144879 0.000145088 0.000174164 0.000159214 0.000145138 0.000144598 0.000145671 
[9] 0.000145634 0.000145282 0.000220495 0.000173476 0.000145951 0.000145111 0.000146184 0.000160697 0.000194035 0.000176880 
[AVERAGE] 0.000157690 s

FEN: 8/8/8/1P4p1/5k2/5p2/P6K/8 b - - 0 0
        [0]         [1]         [2]         [3]         [4]         [5]         [6]         [7]         [8]         [9]
[0] 0.000044747 0.000028807 0.000028020 0.000027104 0.000026744 0.000026245 0.000055278 0.000055145 0.000054927 0.000026927 
[1] 0.000039115 0.000026075 0.000026078 0.000025889 0.000025992 0.000025941 0.000025842 0.000025925 0.000025785 0.000025825 
[2] 0.000025679 0.000041129 0.000038839 0.000025821 0.000025864 0.000025754 0.000025851 0.000025914 0.000025881 0.000025889 
[3] 0.000025956 0.000025768 0.000025757 0.000025726 0.000025773 0.000025784 0.000026037 0.000025851 0.000025828 0.000025970 
[4] 0.000025896 0.000025779 0.000025850 0.000025806 0.000025886 0.000025868 0.000025753 0.000025784 0.000025889 0.000025709 
[5] 0.000025851 0.000025822 0.000025852 0.000025938 0.000025755 0.000025815 0.000025688 0.000025944 0.000040452 0.000039116 
[6] 0.000025824 0.000025814 0.000046345 0.000045610 0.000053466 0.000039504 0.000041299 0.000027157 0.000054071 0.000059909 
[7] 0.000053279 0.000025829 0.000026003 0.000025896 0.000025802 0.000025811 0.000026005 0.000025802 0.000025807 0.000025799 
[8] 0.000025988 0.000025867 0.000025926 0.000025777 0.000025858 0.000025884 0.000025798 0.000025728 0.000040564 0.000039152 
[9] 0.000026098 0.000025786 0.000025828 0.000025865 0.000025875 0.000025760 0.000025912 0.000025831 0.000025814 0.000025882 
[AVERAGE] 0.000029862 s

FEN: 3b2k1/1p3p2/p1p5/2P4p/1P2P1p1/5p2/5P2/4RK2 w - - 0 0
        [0]         [1]         [2]         [3]         [4]         [5]         [6]         [7]         [8]         [9]
[0] 0.000145861 0.000135375 0.000132611 0.000132117 0.000130938 0.000186290 0.000129808 0.000129560 0.000129186 0.000129840 
[1] 0.000133932 0.000230316 0.000143087 0.000128847 0.000128556 0.000128472 0.000128791 0.000161013 0.000143145 0.000141182 
[2] 0.000128672 0.000128595 0.000127953 0.000127892 0.000127457 0.000127449 0.000171296 0.000171764 0.000140499 0.000197721 
[3] 0.000140175 0.000126326 0.000156338 0.000127163 0.000127215 0.000126735 0.000127803 0.000127014 0.000127210 0.000127507 
[4] 0.000144206 0.000176996 0.000128184 0.000127651 0.000126959 0.000127407 0.000127590 0.000155977 0.000157346 0.000127617 
[5] 0.000127705 0.000126708 0.000141400 0.000280266 0.000200969 0.000159720 0.000146763 0.000132390 0.000131172 0.000160061 
[6] 0.000137492 0.000163165 0.000195715 0.000167775 0.000127662 0.000223375 0.000255304 0.000130077 0.000130190 0.000130105 
[7] 0.000129909 0.000129713 0.000130459 0.000172757 0.000133359 0.000132786 0.000133212 0.000133526 0.000134345 0.000133998 
[8] 0.000134857 0.000134771 0.000134287 0.000133977 0.000133443 0.000158577 0.000148132 0.000133751 0.000133910 0.000133948 
[9] 0.000134239 0.000133558 0.000134336 0.000133150 0.000133901 0.000134146 0.000134237 0.000134665 0.000134262 0.000135757 
[AVERAGE] 0.000143656 s

FEN: 5k2/3R4/2K1p1p1/4P1P1/5P2/8/3r4/8 b - - 0 0
        [0]         [1]         [2]         [3]         [4]         [5]         [6]         [7]         [8]         [9]
[0] 0.000235357 0.000235139 0.000221331 0.000219769 0.000218465 0.000218219 0.000255337 0.000218394 0.000217768 0.000217746 
[1] 0.000217492 0.000217436 0.000217041 0.000217703 0.000250090 0.000217125 0.000216835 0.000217224 0.000217336 0.000216753 
[2] 0.000236376 0.000256077 0.000216918 0.000217538 0.000217104 0.000228831 0.000218343 0.000217566 0.000217256 0.000217285 
[3] 0.000221732 0.000217897 0.000217208 0.000216549 0.000217505 0.000217420 0.000270224 0.000217985 0.000216461 0.000217549 
[4] 0.000217641 0.000217820 0.000217514 0.000217499 0.000217815 0.000217549 0.000217635 0.000217505 0.000216217 0.000247539 
[5] 0.000280551 0.000282187 0.000270173 0.000227629 0.000217665 0.000226962 0.000232012 0.000218303 0.000217509 0.000217475 
[6] 0.000217694 0.000222773 0.000217419 0.000217751 0.000291223 0.000232347 0.000254249 0.000224629 0.000221108 0.000221662 
[7] 0.000217242 0.000236658 0.000309186 0.000233268 0.000218346 0.000218628 0.000217056 0.000218327 0.000217509 0.000272282 
[8] 0.000218262 0.000218351 0.000217610 0.000218766 0.000217910 0.000217466 0.000217747 0.000217981 0.000217020 0.000217063 
[9] 0.000217873 0.000216803 0.000217228 0.000217709 0.000252969 0.000223594 0.000221563 0.000217180 0.000216716 0.000217355 
[AVERAGE] 0.000226081 s

FEN: 6k1/6pp/5p2/8/5P2/P7/2K4P/8 b - - 0 0
        [0]         [1]         [2]         [3]         [4]         [5]         [6]         [7]         [8]         [9]
[0] 0.000051039 0.000045442 0.000044048 0.000043438 0.000043090 0.000042430 0.000042364 0.000042432 0.000042518 0.000042198 
[1] 0.000042214 0.000042245 0.000042220 0.000041989 0.000042003 0.000041915 0.000042299 0.000042180 0.000042044 0.000042031 
[2] 0.000042009 0.000041893 0.000041973 0.000041839 0.000041863 0.000041783 0.000041887 0.000042012 0.000041993 0.000041957 
[3] 0.000041998 0.000041838 0.000041860 0.000041743 0.000042027 0.000042003 0.000042121 0.000041992 0.000041966 0.000042134 
[4] 0.000041821 0.000041909 0.000042034 0.000041950 0.000041924 0.000042059 0.000042276 0.000042403 0.000074790 0.000041923 
[5] 0.000042048 0.000042179 0.000041877 0.000041963 0.000041929 0.000042098 0.000041831 0.000041881 0.000041925 0.000041988 
[6] 0.000041948 0.000041816 0.000041862 0.000042012 0.000041992 0.000041787 0.000041980 0.000041895 0.000041807 0.000041844 
[7] 0.000042105 0.000041731 0.000041923 0.000042025 0.000041767 0.000041922 0.000041884 0.000041841 0.000042013 0.000041901 
[8] 0.000041882 0.000041832 0.000041901 0.000041778 0.000041748 0.000041825 0.000042082 0.000042065 0.000042168 0.000041872 
[9] 0.000041797 0.000041815 0.000041813 0.000041955 0.000041932 0.000041994 0.000041955 0.000041780 0.000041901 0.000041815 
[AVERAGE] 0.000042478 s

FEN: 8/3R4/8/r3N2p/P1Pp1P2/2k2K1P/3r4/8 w - - 0 0
        [0]         [1]         [2]         [3]         [4]         [5]         [6]         [7]         [8]         [9]
[0] 0.000548699 0.000494048 0.000496838 0.000491262 0.000489668 0.000490483 0.000488943 0.000489076 0.000493870 0.000489283 
[1] 0.000488609 0.000501579 0.000492270 0.000488357 0.000487899 0.000524404 0.000491393 0.000528308 0.000490804 0.000488919 
[2] 0.000496301 0.000500425 0.000497668 0.000487606 0.000487547 0.000490481 0.000487903 0.000488325 0.000487386 0.000492968 
[3] 0.000488302 0.000487805 0.000500023 0.000491953 0.000486036 0.000493049 0.000489024 0.000491813 0.000489286 0.000495893 
[4] 0.000477967 0.000474317 0.000539479 0.000507833 0.000490950 0.000489883 0.000490671 0.000490920 0.000489237 0.000503101 
[5] 0.000478020 0.000484176 0.000463640 0.000536030 0.000544502 0.000493260 0.000517916 0.000507551 0.000463895 0.000520173 
[6] 0.000486759 0.000701668 0.000613313 0.000628127 0.000651360 0.000490282 0.000491028 0.000492316 0.000543496 0.000497976 
[7] 0.000492522 0.000493567 0.000491435 0.000497862 0.000508307 0.000488961 0.000489232 0.000488401 0.000491987 0.000491756 
[8] 0.000493481 0.000558325 0.000494722 0.000489740 0.000499362 0.000498030 0.000490046 0.000487670 0.000527103 0.000491423 
[9] 0.000492104 0.000490093 0.000488793 0.000490481 0.000497270 0.000501167 0.000489624 0.000491625 0.000492443 0.000491263 
[AVERAGE] 0.000502331 s

FEN: 6k1/8/6r1/8/5b2/2PR4/4K3/8 w - - 0 0
        [0]         [1]         [2]         [3]         [4]         [5]         [6]         [7]         [8]         [9]
[0] 0.000319762 0.000307788 0.000309605 0.000304625 0.000377097 0.000333020 0.000357267 0.000305006 0.000311730 0.000319209 
[1] 0.000388740 0.000304544 0.000340325 0.000302972 0.000303340 0.000302503 0.000303038 0.000303828 0.000302662 0.000302889 
[2] 0.000302753 0.000301242 0.000302625 0.000305582 0.000303079 0.000302695 0.000301751 0.000304018 0.000302603 0.000303959 
[3] 0.000303286 0.000307798 0.000302609 0.000302467 0.000304928 0.000301523 0.000301959 0.000303591 0.000303457 0.000301268 
[4] 0.000301875 0.000302143 0.000303847 0.000303173 0.000300851 0.000393713 0.000303498 0.000302644 0.000302277 0.000303035 
[5] 0.000302788 0.000302906 0.000301754 0.000302396 0.000302376 0.000302375 0.000303998 0.000301556 0.000301163 0.000303040 
[6] 0.000301252 0.000316478 0.000395472 0.000292986 0.000307395 0.000302406 0.000302578 0.000304736 0.000302108 0.000301230 
[7] 0.000303298 0.000302467 0.000304495 0.000330902 0.000302787 0.000301388 0.000302133 0.000305304 0.000338390 0.000332756 
[8] 0.000302692 0.000301775 0.000302162 0.000301921 0.000309790 0.000296038 0.000293626 0.000322137 0.000334693 0.000287341 
[9] 0.000314454 0.000286030 0.000289118 0.000303193 0.000360822 0.000317692 0.000458193 0.000308401 0.000296382 0.000335767 
[AVERAGE] 0.000311773 s

FEN: 8/1p3k2/3B4/8/3b2P1/1P6/6K1/8 b - - 0 0
        [0]         [1]         [2]         [3]         [4]         [5]         [6]         [7]         [8]         [9]
[0] 0.000227481 0.000215617 0.000212466 0.000210705 0.000210999 0.000211582 0.000210915 0.000210139 0.000295484 0.000209874 
[1] 0.000210046 0.000210742 0.000209271 0.000211896 0.000208217 0.000209362 0.000208645 0.000214454 0.000311582 0.000293374 
[2] 0.000208993 0.000209454 0.000209529 0.000208063 0.000216438 0.000210023 0.000225037 0.000223423 0.000240686 0.000210901 
[3] 0.000239254 0.000222248 0.000208931 0.000209803 0.000209532 0.000209695 0.000208674 0.000209615 0.000209353 0.000208434 
[4] 0.000209258 0.000209259 0.000289754 0.000222303 0.000247026 0.000204218 0.000203664 0.000233997 0.000230342 0.000217058 
[5] 0.000202961 0.000203715 0.000203661 0.000233794 0.000260655 0.000203884 0.000203332 0.000291880 0.000256419 0.000267206 
[6] 0.000209687 0.000296306 0.000289039 0.000248370 0.000278545 0.000342519 0.000209505 0.000209582 0.000209345 0.000251040 
[7] 0.000209585 0.000247346 0.000210202 0.000210264 0.000233233 0.000214982 0.000215526 0.000214388 0.000214651 0.000215123 
[8] 0.000214715 0.000214529 0.000213970 0.000214046 0.000214792 0.000213652 0.000238977 0.000227719 0.000214947 0.000214710 
[9] 0.000214440 0.000214329 0.000213527 0.000214499 0.000214923 0.000214610 0.000214263 0.000214845 0.000215094 0.000214330 
[AVERAGE] 0.000224515 s

FEN: 8/8/8/2p1k3/P6R/1K6/6rP/8 w - - 0 0
        [0]         [1]         [2]         [3]         [4]         [5]         [6]         [7]         [8]         [9]
[0] 0.000325344 0.000349575 0.000309552 0.000309402 0.000306021 0.000305695 0.000305632 0.000305388 0.000310498 0.000442104 
[1] 0.000311268 0.000340790 0.000305370 0.000304613 0.000305161 0.000304488 0.000306585 0.000310335 0.000305693 0.000305054 
[2] 0.000306150 0.000303924 0.000345505 0.000303252 0.000304623 0.000303954 0.000305195 0.000303865 0.000304899 0.000304800 
[3] 0.000305356 0.000304504 0.000303960 0.000339044 0.000303016 0.000303501 0.000304323 0.000389465 0.000336067 0.000341479 
[4] 0.000314261 0.000307713 0.000327900 0.000326299 0.000303965 0.000302821 0.000303747 0.000303781 0.000305014 0.000304298 
[5] 0.000304241 0.000303962 0.000304501 0.000304859 0.000334691 0.000312772 0.000296415 0.000313135 0.000366726 0.000381174 
[6] 0.000296528 0.000295832 0.000296509 0.000295874 0.000341048 0.000295746 0.000296513 0.000295215 0.000295138 0.000353653 
[7] 0.000295388 0.000297211 0.000296643 0.000296558 0.000295791 0.000330085 0.000330369 0.000441784 0.000296087 0.000339606 
[8] 0.000295564 0.000296276 0.000296581 0.000296683 0.000295960 0.000296035 0.000342756 0.000295164 0.000296005 0.000296452 
[9] 0.000295502 0.000296424 0.000296657 0.000297336 0.000353404 0.000296574 0.000316653 0.000328451 0.000296621 0.000296815 
[AVERAGE] 0.000313712 s

FEN: 6k1/5p1p/6p1/1P1n4/1K4P1/N6P/8/8 w - - 0 0
        [0]         [1]         [2]         [3]         [4]         [5]         [6]         [7]         [8]         [9]
[0] 0.000112702 0.000101964 0.000098840 0.000097764 0.000096266 0.000096637 0.000096434 0.000095630 0.000095204 0.000096094 
[1] 0.000095719 0.000095388 0.000095081 0.000094874 0.000095381 0.000147155 0.000197416 0.000123025 0.000123067 0.000154193 
[2] 0.000097182 0.000130731 0.000110935 0.000095199 0.000154611 0.000099276 0.000132938 0.000138203 0.000098468 0.000097680 
[3] 0.000098230 0.000097424 0.000098683 0.000097942 0.000097792 0.000098203 0.000098169 0.000097667 0.000098163 0.000097405 
[4] 0.000097947 0.000097427 0.000097624 0.000097614 0.000097624 0.000097957 0.000097853 0.000097427 0.000097477 0.000097668 
[5] 0.000097818 0.000097241 0.000097498 0.000102136 0.000129894 0.000096871 0.000097053 0.000097821 0.000097786 0.000098200 
[6] 0.000098154 0.000097678 0.000097612 0.000097555 0.000097395 0.000097597 0.000097496 0.000097397 0.000097454 0.000097441 
[7] 0.000097700 0.000097562 0.000097222 0.000097892 0.000097731 0.000097714 0.000098445 0.000097939 0.000097966 0.000097890 
[8] 0.000098365 0.000098148 0.000097717 0.000097283 0.000097504 0.000097704 0.000097678 0.000100370 0.000098115 0.000097407 
[9] 0.000097420 0.000097299 0.000097546 0.000097746 0.000097764 0.000097597 0.000097313 0.000097240 0.000097955 0.000097350 
[AVERAGE] 0.000102420 s

FEN: 8/k5r1/2N5/PK6/2B5/8/8/8 b - - 0 0
        [0]         [1]         [2]         [3]         [4]         [5]         [6]         [7]         [8]         [9]
[0] 0.000216224 0.000205112 0.000202865 0.000201045 0.000201317 0.000200580 0.000200071 0.000199414 0.000200162 0.000199773 
[1] 0.000201774 0.000199270 0.000199477 0.000211256 0.000193860 0.000193685 0.000194752 0.000194567 0.000252386 0.000200319 
[2] 0.000199339 0.000199532 0.000199027 0.000199118 0.000199061 0.000199367 0.000235237 0.000199119 0.000209545 0.000193869 
[3] 0.000194706 0.000194188 0.000194627 0.000194189 0.000194026 0.000194546 0.000194448 0.000194157 0.000194600 0.000194628 
[4] 0.000194505 0.000194463 0.000194577 0.000233939 0.000194269 0.000252559 0.000194167 0.000193936 0.000194478 0.000194047 
[5] 0.000193753 0.000193427 0.000193958 0.000193725 0.000194549 0.000196533 0.000194295 0.000194202 0.000193739 0.000194464 
[6] 0.000227544 0.000194583 0.000279684 0.000238898 0.000198695 0.000198791 0.000199356 0.000199373 0.000205460 0.000199376 
[7] 0.000198812 0.000198871 0.000199890 0.000207224 0.000193789 0.000194221 0.000227830 0.000194324 0.000211207 0.000198817 
[8] 0.000199076 0.000199619 0.000198726 0.000207909 0.000194019 0.000193989 0.000193599 0.000207250 0.000199294 0.000198595 
[9] 0.000198386 0.000198583 0.000202611 0.000220420 0.000193202 0.000194152 0.000193923 0.000328661 0.000239070 0.000200844 
[AVERAGE] 0.000203575 s

FEN: 6k1/8/5K2/8/5P1R/r6P/8/8 b - - 0 0
        [0]         [1]         [2]         [3]         [4]         [5]         [6]         [7]         [8]         [9]
[0] 0.000269375 0.000272540 0.000254037 0.000252560 0.000269865 0.000293311 0.000303863 0.000251976 0.000251897 0.000370537 
[1] 0.000257803 0.000273476 0.000245804 0.000245228 0.000245414 0.000273624 0.000287057 0.000352042 0.000336078 0.000274754 
[2] 0.000252569 0.000251964 0.000252273 0.000270114 0.000258457 0.000258304 0.000258306 0.000265469 0.000251359 0.000251543 
[3] 0.000281899 0.000258297 0.000244895 0.000245073 0.000302652 0.000257942 0.000244186 0.000358489 0.000245464 0.000245103 
[4] 0.000244962 0.000365083 0.000425830 0.000246099 0.000288771 0.000264696 0.000251279 0.000251345 0.000252357 0.000340601 
[5] 0.000386770 0.000322421 0.000349880 0.000308349 0.000340729 0.000297678 0.000258281 0.000259220 0.000266878 0.000251326 
[6] 0.000251662 0.000280085 0.000277285 0.000251959 0.000251196 0.000307032 0.000297083 0.000251820 0.000251997 0.000251426 
[7] 0.000251249 0.000251465 0.000250954 0.000250476 0.000250102 0.000286661 0.000251873 0.000251170 0.000302197 0.000251416 
[8] 0.000251693 0.000252089 0.000250431 0.000251614 0.000251428 0.000250149 0.000251207 0.000311829 0.000251201 0.000251762 
[9] 0.000252221 0.000300097 0.000364076 0.000342089 0.000366560 0.000310455 0.000252332 0.000252027 0.000251816 0.000251819 
[AVERAGE] 0.000275942 s

FEN: 8/8/4k1KP/p5P1/r7/8/8/8 w - - 0 0
        [0]         [1]         [2]         [3]         [4]         [5]         [6]         [7]         [8]         [9]
[0] 0.000114919 0.000109681 0.000108467 0.000107295 0.000107215 0.000106702 0.000142441 0.000133746 0.000106621 0.000105910 
[1] 0.000106128 0.000105752 0.000105688 0.000105966 0.000106478 0.000106271 0.000106055 0.000105971 0.000105860 0.000106415 
[2] 0.000106330 0.000106203 0.000106138 0.000106459 0.000151448 0.000155809 0.000106477 0.000106442 0.000106624 0.000106477 
[3] 0.000106169 0.000105913 0.000105511 0.000105751 0.000134317 0.000106149 0.000151018 0.000106778 0.000106407 0.000107021 
[4] 0.000106497 0.000106211 0.000107123 0.000137182 0.000133922 0.000106627 0.000105878 0.000105926 0.000105809 0.000106667 
[5] 0.000106504 0.000105725 0.000106468 0.000106675 0.000105946 0.000105873 0.000107358 0.000106163 0.000134286 0.000193867 
[6] 0.000106263 0.000106148 0.000106227 0.000146885 0.000167210 0.000121222 0.000148540 0.000120140 0.000106433 0.000106131 
[7] 0.000106089 0.000135029 0.000142333 0.000179326 0.000163223 0.000123824 0.000109188 0.000108408 0.000108570 0.000108945 
[8] 0.000109013 0.000108247 0.000109134 0.000109281 0.000109122 0.000109331 0.000108649 0.000109147 0.000109015 0.000109063 
[9] 0.000108569 0.000108635 0.000131407 0.000121995 0.000108661 0.000109061 0.000109090 0.000109442 0.000109023 0.000109585 
[AVERAGE] 0.000115333 s

FEN: 1R6/p2r4/2ppkp2/6p1/2PKP2p/P4P2/6PP/8 b - - 0 0
        [0]         [1]         [2]         [3]         [4]         [5]         [6]         [7]         [8]         [9]
[0] 0.000359719 0.000343386 0.000340129 0.000340505 0.000341339 0.000339087 0.000339041 0.000342621 0.000339307 0.000346396 
[1] 0.000329690 0.000329785 0.000331621 0.000337368 0.000329304 0.000329699 0.000328281 0.000377061 0.000386502 0.000330602 
[2] 0.000330322 0.000359178 0.000330728 0.000330755 0.000471616 0.000329622 0.000362546 0.000330319 0.000329943 0.000403426 
[3] 0.000337740 0.000338361 0.000345873 0.000329486 0.000328615 0.000332132 0.000335000 0.000329595 0.000329500 0.000359502 
[4] 0.000331561 0.000358294 0.000329080 0.000330475 0.000328708 0.000328448 0.000362612 0.000329992 0.000385028 0.000359606 
[5] 0.000329028 0.000330233 0.000330706 0.000329722 0.000330313 0.000450411 0.000331632 0.000330430 0.000329543 0.000329535 
[6] 0.000329525 0.000387184 0.000331141 0.000330035 0.000328937 0.000334874 0.000328338 0.000328984 0.000330252 0.000329222 
[7] 0.000374060 0.000330989 0.000329701 0.000336369 0.000320609 0.000395020 0.000348950 0.000321014 0.000349000 0.000320389 
[8] 0.000364146 0.000461661 0.000320820 0.000321006 0.000410838 0.000392163 0.000429221 0.000329611 0.000330532 0.000330291 
[9] 0.000335989 0.000328494 0.000363326 0.000373795 0.000351693 0.000347946 0.000322206 0.000321882 0.000420320 0.000321507 
[AVERAGE] 0.000346131 s

FEN: 8/7p/6p1/8/k7/8/2K3P1/8 b - - 0 0
        [0]         [1]         [2]         [3]         [4]         [5]         [6]         [7]         [8]         [9]
[0] 0.000042810 0.000039627 0.000038762 0.000038266 0.000038038 0.000037786 0.000052811 0.000067042 0.000052731 0.000058438 
[1] 0.000064232 0.000038575 0.000050320 0.000037388 0.000037317 0.000037296 0.000037430 0.000050589 0.000038542 0.000038469 
[2] 0.000038556 0.000038531 0.000038561 0.000038330 0.000038508 0.000038698 0.000038382 0.000040781 0.000038355 0.000038430 
[3] 0.000038461 0.000038352 0.000038404 0.000038256 0.000038339 0.000038350 0.000038268 0.000038632 0.000038411 0.000038297 
[4] 0.000038457 0.000038477 0.000038460 0.000038381 0.000038545 0.000038405 0.000038426 0.000038519 0.000038479 0.000038301 
[5] 0.000038417 0.000038414 0.000038290 0.000038335 0.000038465 0.000038279 0.000038189 0.000038161 0.000038204 0.000038582 
[6] 0.000038351 0.000038571 0.000038544 0.000038453 0.000038441 0.000038362 0.000038409 0.000038364 0.000038470 0.000038347 
[7] 0.000038349 0.000038446 0.000038334 0.000038216 0.000038456 0.000038604 0.000038423 0.000038344 0.000038348 0.000038335 
[8] 0.000038376 0.000038419 0.000066354 0.000079969 0.000051980 0.000038330 0.000038337 0.000038104 0.000066447 0.000066397 
[9] 0.000066448 0.000066834 0.000066559 0.000038291 0.000038077 0.000038361 0.000038155 0.000053924 0.000051958 0.000038688 
[AVERAGE] 0.000042233 s

FEN: R7/8/8/6p1/4k3/3rPp1P/8/6K1 b - - 0 0
        [0]         [1]         [2]         [3]         [4]         [5]         [6]         [7]         [8]         [9]
[0] 0.000229755 0.000261671 0.000247164 0.000193775 0.000190788 0.000287428 0.000377906 0.000187844 0.000217813 0.000188520 
[1] 0.000188010 0.000188192 0.000187303 0.000247369 0.000230913 0.000223364 0.000201089 0.000189571 0.000188191 0.000186953 
[2] 0.000187686 0.000187916 0.000188246 0.000187114 0.000187533 0.000186967 0.000188278 0.000187175 0.000187668 0.000187290 
[3] 0.000187277 0.000186629 0.000215480 0.000221279 0.000187588 0.000187341 0.000187211 0.000186603 0.000187698 0.000187344 
[4] 0.000187152 0.000187257 0.000187442 0.000187151 0.000187246 0.000187700 0.000186865 0.000187099 0.000188000 0.000214837 
[5] 0.000255111 0.000216200 0.000187873 0.000187554 0.000187068 0.000188355 0.000187935 0.000187559 0.000187006 0.000287867 
[6] 0.000244178 0.000187271 0.000187224 0.000186988 0.000187751 0.000186945 0.000187468 0.000250733 0.000187467 0.000186554 
[7] 0.000186555 0.000187146 0.000186954 0.000186991 0.000187922 0.000187459 0.000186235 0.000193366 0.000187205 0.000186494 
[8] 0.000187425 0.000187238 0.000196674 0.000182324 0.000313850 0.000296403 0.000197043 0.000182793 0.000182053 0.000211522 
[9] 0.000182403 0.000182237 0.000183144 0.000183327 0.000182973 0.000294335 0.000182963 0.000183206 0.000182253 0.000211087 
[AVERAGE] 0.000201714 s

FEN: 8/7p/1p1k2p1/p1p2p2/8/PP2P2P/4KPP1/8 w - - 0 0
        [0]         [1]         [2]         [3]         [4]         [5]         [6]         [7]         [8]         [9]
[0] 0.000211165 0.000155436 0.000252150 0.000280645 0.000184452 0.000198700 0.000145722 0.000141717 0.000183340 0.000142715 
[1] 0.000227372 0.000156965 0.000141243 0.000196497 0.000198765 0.000170136 0.000140334 0.000141227 0.000176762 0.000181169 
[2] 0.000172887 0.000171154 0.000154547 0.000141362 0.000141981 0.000142351 0.000141653 0.000141728 0.000169491 0.000169872 
[3] 0.000140726 0.000140927 0.000141087 0.000141209 0.000141931 0.000169699 0.000140862 0.000140718 0.000140443 0.000140133 
[4] 0.000186713 0.000140895 0.000141318 0.000141075 0.000140929 0.000141063 0.000141081 0.000159898 0.000229337 0.000140759 
[5] 0.000141507 0.000141613 0.000141431 0.000141524 0.000140934 0.000141274 0.000141071 0.000141450 0.000141229 0.000141525 
[6] 0.000140783 0.000141005 0.000140483 0.000171567 0.000140809 0.000141144 0.000140772 0.000169040 0.000141561 0.000141399 
[7] 0.000141144 0.000140675 0.000141663 0.000198084 0.000141739 0.000141490 0.000141725 0.000140959 0.000140993 0.000142027 
[8] 0.000141889 0.000141245 0.000141044 0.000140441 0.000255916 0.000173736 0.000141466 0.000140929 0.000169673 0.000154843 
[9] 0.000140384 0.000141520 0.000140795 0.000140587 0.000139912 0.000171586 0.000182647 0.000158696 0.000145391 0.000173434 
[AVERAGE] 0.000156631 s

FEN: 8/p7/1P6/1r3p1k/7P/3R1KP1/8/8 b - - 0 0
        [0]         [1]         [2]         [3]         [4]         [5]         [6]         [7]         [8]         [9]
[0] 0.000166113 0.000179065 0.000147032 0.000144774 0.000144166 0.000144171 0.000174896 0.000143064 0.000142558 0.000144680 
[1] 0.000142921 0.000142132 0.000170722 0.000143296 0.000143806 0.000143010 0.000143373 0.000144094 0.000169623 0.000142675 
[2] 0.000141811 0.000141959 0.000141979 0.000140887 0.000140577 0.000141485 0.000141530 0.000142147 0.000142325 0.000173522 
[3] 0.000141627 0.000141611 0.000148523 0.000141643 0.000142205 0.000141793 0.000142163 0.000142591 0.000141781 0.000142414 
[4] 0.000143664 0.000276483 0.000211529 0.000172035 0.000157556 0.000157522 0.000170527 0.000170997 0.000158775 0.000145168 
[5] 0.000221631 0.000142389 0.000208752 0.000216238 0.000141723 0.000141953 0.000172624 0.000155628 0.000141645 0.000184074 
[6] 0.000141539 0.000141550 0.000141804 0.000142147 0.000142392 0.000172862 0.000169264 0.000145553 0.000146381 0.000146563 
[7] 0.000150445 0.000145761 0.000145882 0.000145253 0.000147601 0.000168503 0.000147073 0.000146387 0.000147486 0.000145857 
[8] 0.000145017 0.000146642 0.000146071 0.000145889 0.000145847 0.000146251 0.000146235 0.000146561 0.000146508 0.000146223 
[9] 0.000145331 0.000145918 0.000146571 0.000150977 0.000145997 0.000145660 0.000145974 0.000145865 0.000145529 0.000145878 
[AVERAGE] 0.000152869 s

FEN: 8/5p1p/pk1p2p1/2pP4/2P2P2/4K2P/1P4P1/8 w - - 0 0
        [0]         [1]         [2]         [3]         [4]         [5]         [6]         [7]         [8]         [9]
[0] 0.000106081 0.000097071 0.000096076 0.000093549 0.000093578 0.000093040 0.000092587 0.000092657 0.000093282 0.000092848 
[1] 0.000092401 0.000092623 0.000092305 0.000092369 0.000092677 0.000092389 0.000092259 0.000092693 0.000092927 0.000092906 
[2] 0.000092297 0.000092574 0.000103584 0.000090240 0.000089630 0.000139180 0.000089891 0.000089580 0.000089979 0.000089721 
[3] 0.000089879 0.000090071 0.000112093 0.000091990 0.000092438 0.000092477 0.000092271 0.000092353 0.000092250 0.000092175 
[4] 0.000092279 0.000091997 0.000092127 0.000092278 0.000092094 0.000092719 0.000092736 0.000092462 0.000092202 0.000092032 
[5] 0.000092535 0.000092733 0.000092304 0.000092661 0.000092107 0.000092882 0.000092763 0.000092532 0.000092468 0.000092237 
[6] 0.000094702 0.000092638 0.000092344 0.000092430 0.000092513 0.000091958 0.000092014 0.000091964 0.000092299 0.000092500 
[7] 0.000091959 0.000092246 0.000092138 0.000092429 0.000092409 0.000092086 0.000091983 0.000091955 0.000091618 0.000092003 
[8] 0.000091557 0.000092329 0.000092212 0.000092048 0.000092505 0.000092520 0.000109208 0.000090145 0.000090262 0.000089967 
[9] 0.000089753 0.000089968 0.000089977 0.000090237 0.000118083 0.000089868 0.000136331 0.000091732 0.000092077 0.000092471 
[AVERAGE] 0.000093886 s

FEN: 5k2/5p2/6p1/7p/P7/2K3P1/7P/8 b - - 0 0
        [0]         [1]         [2]         [3]         [4]         [5]         [6]         [7]         [8]         [9]
[0] 0.000053969 0.000049291 0.000048431 0.000047538 0.000047220 0.000047152 0.000046617 0.000046536 0.000046337 0.000046379 
[1] 0.000046418 0.000046396 0.000046660 0.000046545 0.000058593 0.000044951 0.000045063 0.000044962 0.000045146 0.000044899 
[2] 0.000045142 0.000044999 0.000045007 0.000044945 0.000044951 0.000044990 0.000044981 0.000044877 0.000045014 0.000044895 
[3] 0.000044949 0.000045024 0.000045123 0.000044935 0.000045030 0.000045057 0.000056835 0.000043943 0.000044255 0.000043761 
[4] 0.000043996 0.000043959 0.000044099 0.000043996 0.000043784 0.000043764 0.000043652 0.000043769 0.000043911 0.000043773 
[5] 0.000043760 0.000043736 0.000043658 0.000043523 0.000071943 0.000044964 0.000044913 0.000045135 0.000085334 0.000073014 
[6] 0.000057424 0.000044835 0.000087826 0.000044026 0.000044046 0.000044057 0.000043917 0.000043905 0.000043729 0.000044032 
[7] 0.000044198 0.000044147 0.000044048 0.000072161 0.000045032 0.000056557 0.000043605 0.000043975 0.000043878 0.000043708 
[8] 0.000043728 0.000043614 0.000044020 0.000043677 0.000043843 0.000043884 0.000043996 0.000043863 0.000043713 0.000043960 
[9] 0.000043712 0.000043931 0.000043965 0.000043837 0.000043909 0.000086163 0.000056878 0.000100414 0.000086746 0.000084953 
[AVERAGE] 0.000048884 s

FEN: 8/8/5K2/3kn3/6B1/7P/8/8 b - - 0 0
        [0]         [1]         [2]         [3]         [4]         [5]         [6]         [7]         [8]         [9]
[0] 0.000160037 0.000100647 0.000066375 0.000064761 0.000064392 0.000063860 0.000063483 0.000091378 0.000063294 0.000063273 
[1] 0.000063128 0.000063281 0.000063263 0.000062975 0.000063571 0.000063457 0.000063489 0.000063634 0.000070309 0.000102263 
[2] 0.000065072 0.000106001 0.000093496 0.000077984 0.000077797 0.000076561 0.000063306 0.000063363 0.000062958 0.000062919 
[3] 0.000063110 0.000062961 0.000062952 0.000062773 0.000062810 0.000119305 0.000077355 0.000077230 0.000062857 0.000063194 
[4] 0.000073385 0.000106955 0.000064443 0.000064502 0.000064910 0.000064670 0.000064982 0.000074263 0.000079090 0.000078290 
[5] 0.000078390 0.000064913 0.000064941 0.000064876 0.000064879 0.000064408 0.000064928 0.000064765 0.000064846 0.000064753 
[6] 0.000064796 0.000064867 0.000064887 0.000093670 0.000069060 0.000105010 0.000063226 0.000063034 0.000063007 0.000063171 
[7] 0.000063214 0.000090975 0.000062966 0.000063078 0.000062899 0.000062920 0.000062698 0.000063017 0.000063056 0.000063006 
[8] 0.000063175 0.000062868 0.000062881 0.000062813 0.000062970 0.000062994 0.000063204 0.000063192 0.000063007 0.000063154 
[9] 0.000063051 0.000063196 0.000063121 0.000062955 0.000063019 0.000063141 0.000074097 0.000061555 0.000090927 0.000091530 
[AVERAGE] 0.000070415 s

FEN: 8/8/7k/8/8/8/5q2/3B2RK b - - 0 1
        [0]         [1]         [2]         [3]         [4]         [5]         [6]         [7]         [8]         [9]
[0] 0.000495171 0.000521754 0.000452083 0.000512112 0.000434434 0.000488625 0.000434886 0.000643162 0.000487139 0.000434829 
[1] 0.000434533 0.000433772 0.000432595 0.000434546 0.000462963 0.000435500 0.000496356 0.000433665 0.000488520 0.000434921 
[2] 0.000432612 0.000433963 0.000432226 0.000471286 0.000433633 0.000433644 0.000547950 0.000449939 0.000497490 0.000508609 
[3] 0.000576244 0.000434272 0.000433256 0.000495411 0.000445163 0.000443731 0.000444453 0.000535112 0.000450851 0.000521420 
[4] 0.000447163 0.000547321 0.000442151 0.000433997 0.000513963 0.000434683 0.000432802 0.000433269 0.000433743 0.000433896 
[5] 0.000461788 0.000433937 0.000580229 0.000521534 0.000434152 0.000432864 0.000433845 0.000456677 0.000444381 0.000532389 
[6] 0.000434592 0.000434170 0.000434946 0.000434535 0.000461101 0.000433061 0.000483746 0.000434584 0.000434101 0.000433984 
[7] 0.000433285 0.000449456 0.000544830 0.000543744 0.000545544 0.000630537 0.000459851 0.000434642 0.000433800 0.000433894 
[8] 0.000500197 0.000433624 0.000434382 0.000432584 0.000433467 0.000435534 0.000433894 0.000546608 0.000470509 0.000463349 
[9] 0.000432723 0.000495594 0.000439875 0.000433594 0.000433617 0.000493312 0.000434864 0.000433995 0.000490958 0.000518894 
[AVERAGE] 0.000466176 s

FEN: 8/p6p/1p2p1k1/4pp2/2P5/8/PP1K1PPP/8 b - - 0 0
        [0]         [1]         [2]         [3]         [4]         [5]         [6]         [7]         [8]         [9]
[0] 0.000234077 0.000220755 0.000217687 0.000231060 0.000249230 0.000216159 0.000254370 0.000215374 0.000291561 0.000216736 
[1] 0.000216012 0.000214702 0.000214898 0.000216003 0.000215724 0.000215600 0.000215122 0.000266789 0.000267562 0.000215172 
[2] 0.000272612 0.000214813 0.000214215 0.000215101 0.000214203 0.000214764 0.000215525 0.000214527 0.000214471 0.000215135 
[3] 0.000216033 0.000214956 0.000214758 0.000264036 0.000215157 0.000242412 0.000214436 0.000214385 0.000242476 0.000243249 
[4] 0.000214696 0.000214272 0.000214594 0.000214439 0.000383141 0.000214220 0.000214483 0.000235500 0.000242688 0.000214908 
[5] 0.000214830 0.000214896 0.000214352 0.000214634 0.000214764 0.000215307 0.000214460 0.000214697 0.000213542 0.000215228 
[6] 0.000214164 0.000214158 0.000214748 0.000250601 0.000214380 0.000214280 0.000214883 0.000214108 0.000242041 0.000243668 
[7] 0.000214859 0.000213895 0.000242962 0.000219618 0.000214914 0.000214629 0.000214872 0.000214378 0.000267616 0.000225799 
[8] 0.000209491 0.000208898 0.000210267 0.000278876 0.000210204 0.000209324 0.000209417 0.000209673 0.000300022 0.000214467 
[9] 0.000316077 0.000320705 0.000309115 0.000216433 0.000215035 0.000215014 0.000215079 0.000215080 0.000215433 0.000259386 
[AVERAGE] 0.000228401 s

FEN: 8/8/4kp2/5p1p/8/3KP1P1/7P/8 b - - 0 0
        [0]         [1]         [2]         [3]         [4]         [5]         [6]         [7]         [8]         [9]
[0] 0.000070453 0.000065957 0.000064222 0.000063125 0.000062482 0.000062228 0.000061972 0.000061815 0.000061702 0.000061758 
[1] 0.000074541 0.000062477 0.000062130 0.000061800 0.000062118 0.000061536 0.000061844 0.000061861 0.000061344 0.000061549 
[2] 0.000061236 0.000061368 0.000099358 0.000074264 0.000061316 0.000061424 0.000061397 0.000061301 0.000061313 0.000061370 
[3] 0.000061111 0.000061315 0.000061179 0.000061226 0.000061261 0.000061383 0.000061144 0.000060933 0.000061252 0.000060979 
[4] 0.000061007 0.000061016 0.000061209 0.000060990 0.000061388 0.000061543 0.000061075 0.000061320 0.000078658 0.000103702 
[5] 0.000061077 0.000061623 0.000061463 0.000061047 0.000060835 0.000061164 0.000061108 0.000061044 0.000061119 0.000061087 
[6] 0.000061167 0.000061113 0.000088904 0.000061351 0.000060958 0.000061079 0.000061220 0.000060959 0.000061208 0.000061085 
[7] 0.000089506 0.000089921 0.000063371 0.000094980 0.000061321 0.000061553 0.000061372 0.000061381 0.000061337 0.000061201 
[8] 0.000061308 0.000061428 0.000061149 0.000061248 0.000061333 0.000061552 0.000061232 0.000061073 0.000061451 0.000061243 
[9] 0.000061309 0.000061220 0.000061327 0.000061126 0.000061033 0.000061580 0.000061153 0.000061490 0.000061198 0.000061649 
[AVERAGE] 0.000063976 s

FEN: 8/7p/5kp1/4p3/p3rPRP/2K3P1/8/8 w - - 0 0
        [0]         [1]         [2]         [3]         [4]         [5]         [6]         [7]         [8]         [9]
[0] 0.000130213 0.000178824 0.000174351 0.000131440 0.000130291 0.000115203 0.000115277 0.000114663 0.000145285 0.000120879 
[1] 0.000149536 0.000149339 0.000184538 0.000113948 0.000143932 0.000141471 0.000114069 0.000113594 0.000114436 0.000113809 
[2] 0.000113318 0.000114511 0.000114869 0.000114103 0.000114553 0.000129700 0.000157842 0.000115228 0.000114384 0.000113588 
[3] 0.000113433 0.000113623 0.000114227 0.000113674 0.000114522 0.000113709 0.000114064 0.000114208 0.000113389 0.000177440 
[4] 0.000112827 0.000113557 0.000112935 0.000112247 0.000113416 0.000113465 0.000113232 0.000113006 0.000113850 0.000112891 
[5] 0.000113384 0.000114016 0.000113791 0.000112766 0.000113707 0.000113153 0.000113277 0.000113290 0.000113225 0.000185444 
[6] 0.000113319 0.000112897 0.000112471 0.000112800 0.000113647 0.000113876 0.000113169 0.000162155 0.000113304 0.000112825 
[7] 0.000112900 0.000112427 0.000113146 0.000112720 0.000112619 0.000112885 0.000112744 0.000113024 0.000112671 0.000112850 
[8] 0.000112942 0.000112578 0.000112350 0.000113357 0.000113136 0.000113294 0.000113553 0.000112888 0.000113506 0.000112428 
[9] 0.000113023 0.000112333 0.000112484 0.000112700 0.000114041 0.000112876 0.000159789 0.000113034 0.000112625 0.000113499 
[AVERAGE] 0.000120518 s

FEN: 8/6k1/8/R7/7K/1P6/5r2/8 b - - 0 1
        [0]         [1]         [2]         [3]         [4]         [5]         [6]         [7]         [8]         [9]
[0] 0.000250346 0.000242667 0.000327467 0.000241894 0.000239370 0.000239334 0.000239372 0.000238689 0.000267165 0.000268540 
[1] 0.000280890 0.000288528 0.000238712 0.000238575 0.000238315 0.000238235 0.000239850 0.000237764 0.000244425 0.000238081 
[2] 0.000240076 0.000238723 0.000237670 0.000280813 0.000287676 0.000308715 0.000240093 0.000239434 0.000239020 0.000239178 
[3] 0.000238484 0.000237986 0.000238944 0.000239053 0.000238473 0.000365578 0.000267389 0.000302330 0.000312590 0.000275803 
[4] 0.000324275 0.000242732 0.000257996 0.000365957 0.000269130 0.000245288 0.000245241 0.000245012 0.000254410 0.000295928 
[5] 0.000238155 0.000239405 0.000257821 0.000244609 0.000244654 0.000243801 0.000244036 0.000244446 0.000245074 0.000244369 
[6] 0.000244338 0.000244564 0.000266810 0.000257855 0.000245076 0.000245563 0.000244804 0.000244348 0.000253578 0.000239135 
[7] 0.000238221 0.000238962 0.000263063 0.000243769 0.000244800 0.000244980 0.000288923 0.000238286 0.000238815 0.000238782 
[8] 0.000238665 0.000238499 0.000239231 0.000239387 0.000239166 0.000269085 0.000335610 0.000237761 0.000238619 0.000318127 
[9] 0.000238610 0.000238357 0.000237916 0.000239312 0.000239167 0.000238455 0.000237895 0.000237466 0.000237751 0.000237736 
[AVERAGE] 0.000254401 s

FEN: 3b1N2/8/3k4/5pp1/8/5K1P/8/8 w - - 0 0
        [0]         [1]         [2]         [3]         [4]         [5]         [6]         [7]         [8]         [9]
[0] 0.000192648 0.000180648 0.000179107 0.000181322 0.000224051 0.000248133 0.000177178 0.000176851 0.000175493 0.000248099 
[1] 0.000175177 0.000176140 0.000175187 0.000175281 0.000176124 0.000176063 0.000175698 0.000175904 0.000176016 0.000174554 
[2] 0.000175677 0.000229387 0.000188889 0.000204330 0.000174950 0.000175221 0.000175453 0.000234154 0.000272848 0.000233397 
[3] 0.000206376 0.000189292 0.000233920 0.000182578 0.000235006 0.000261751 0.000264563 0.000217398 0.000175366 0.000203640 
[4] 0.000175685 0.000175940 0.000175642 0.000174622 0.000174157 0.000219929 0.000188363 0.000174877 0.000175719 0.000175522 
[5] 0.000203719 0.000191504 0.000179508 0.000179143 0.000202952 0.000193576 0.000192526 0.000193552 0.000190380 0.000176668 
[6] 0.000175682 0.000175616 0.000175158 0.000174728 0.000262026 0.000175742 0.000174605 0.000175486 0.000175331 0.000176284 
[7] 0.000175423 0.000175102 0.000211050 0.000200998 0.000175652 0.000175900 0.000175201 0.000177402 0.000176367 0.000176073 
[8] 0.000175697 0.000175208 0.000176433 0.000175562 0.000174902 0.000173912 0.000174075 0.000174233 0.000174874 0.000176254 
[9] 0.000177037 0.000225080 0.000175070 0.000302994 0.000176081 0.000206192 0.000174996 0.000175075 0.000175612 0.000176089 
[AVERAGE] 0.000190631 s

FEN: R7/P7/5p2/4pk1p/5p2/3K1PP1/r6P/8 b - - 0 0
        [0]         [1]         [2]         [3]         [4]         [5]         [6]         [7]         [8]         [9]
[0] 0.000264735 0.000245380 0.000241799 0.000240660 0.000239471 0.000239887 0.000291323 0.000240724 0.000238433 0.000238971 
[1] 0.000239025 0.000238569 0.000238429 0.000238164 0.000236679 0.000236564 0.000301017 0.000236902 0.000236781 0.000237685 
[2] 0.000285698 0.000237910 0.000238399 0.000271681 0.000289802 0.000238139 0.000237812 0.000265358 0.000237249 0.000299045 
[3] 0.000249640 0.000235589 0.000235994 0.000273155 0.000235868 0.000241526 0.000237462 0.000369251 0.000239343 0.000238598 
[4] 0.000245199 0.000237527 0.000237346 0.000238808 0.000239825 0.000238195 0.000288077 0.000238375 0.000236855 0.000236993 
[5] 0.000237094 0.000237406 0.000266438 0.000236982 0.000237267 0.000236781 0.000237511 0.000237561 0.000267129 0.000324918 
[6] 0.000237713 0.000236129 0.000237333 0.000235666 0.000238097 0.000237109 0.000236560 0.000237561 0.000237717 0.000236704 
[7] 0.000236448 0.000235803 0.000279475 0.000297569 0.000237340 0.000237787 0.000237997 0.000238004 0.000236208 0.000235714 
[8] 0.000351873 0.000236252 0.000236289 0.000236824 0.000236273 0.000244706 0.000280957 0.000272790 0.000245960 0.000230655 
[9] 0.000230825 0.000271886 0.000229952 0.000231445 0.000232055 0.000259505 0.000243741 0.000231479 0.000232047 0.000259587 
[AVERAGE] 0.000248730 s

FEN: 8/7p/6p1/5k2/7N/8/4KP2/8 b - - 0 0
        [0]         [1]         [2]         [3]         [4]         [5]         [6]         [7]         [8]         [9]
[0] 0.000214700 0.000132009 0.000220021 0.000171268 0.000130241 0.000157878 0.000128531 0.000128329 0.000128483 0.000128915 
[1] 0.000128268 0.000128109 0.000128397 0.000173621 0.000142571 0.000128161 0.000128871 0.000127739 0.000128115 0.000128650 
[2] 0.000157441 0.000156706 0.000158028 0.000202799 0.000128725 0.000143634 0.000277081 0.000184410 0.000189859 0.000135144 
[3] 0.000163998 0.000174136 0.000190200 0.000146455 0.000136461 0.000211766 0.000241964 0.000175888 0.000162537 0.000134687 
[4] 0.000135155 0.000134481 0.000181705 0.000159302 0.000131846 0.000131200 0.000131049 0.000131408 0.000131124 0.000131340 
[5] 0.000130878 0.000159291 0.000160003 0.000131826 0.000131057 0.000130937 0.000131111 0.000131446 0.000177035 0.000145895 
[6] 0.000130563 0.000131175 0.000131500 0.000131851 0.000131120 0.000159831 0.000174300 0.000142738 0.000137107 0.000131423 
[7] 0.000131258 0.000131397 0.000174542 0.000188157 0.000131433 0.000131295 0.000130762 0.000130727 0.000130810 0.000130855 
[8] 0.000132002 0.000131280 0.000131084 0.000130588 0.000138150 0.000131211 0.000130340 0.000130764 0.000130895 0.000130437 
[9] 0.000181101 0.000131246 0.000130322 0.000131624 0.000130686 0.000131711 0.000130662 0.000130689 0.000130883 0.000131069 
[AVERAGE] 0.000146725 s

FEN: 6k1/8/p7/1p6/3K4/8/PPr4P/4R3 w - - 0 1
        [0]         [1]         [2]         [3]         [4]         [5]         [6]         [7]         [8]         [9]
[0] 0.000374064 0.000360060 0.000358077 0.000385828 0.000623349 0.000391015 0.000357805 0.000356602 0.000356859 0.000356801 
[1] 0.000356348 0.000356488 0.000354353 0.000376561 0.000429737 0.000346640 0.000430483 0.000346215 0.000492064 0.000346451 
[2] 0.000347569 0.000420469 0.000423648 0.000389152 0.000388646 0.000345695 0.000419207 0.000555561 0.000411692 0.000448895 
[3] 0.000508920 0.000425487 0.000356903 0.000355499 0.000355401 0.000387378 0.000392781 0.000365531 0.000382102 0.000357726 
[4] 0.000356966 0.000354734 0.000356096 0.000355907 0.000356167 0.000411902 0.000385235 0.000404721 0.000356203 0.000356585 
[5] 0.000356775 0.000361662 0.000355541 0.000360960 0.000411930 0.000356127 0.000417616 0.000384588 0.000356018 0.000482705 
[6] 0.000357454 0.000356400 0.000370985 0.000364129 0.000364925 0.000419535 0.000355400 0.000356193 0.000354938 0.000356573 
[7] 0.000356227 0.000356114 0.000355082 0.000419699 0.000356990 0.000371372 0.000369327 0.000354401 0.000384271 0.000384161 
[8] 0.000354288 0.000411596 0.000400788 0.000386580 0.000354770 0.000355199 0.000375578 0.000384166 0.000453470 0.000354474 
[9] 0.000355838 0.000356442 0.000408368 0.000356701 0.000356810 0.000357125 0.000356187 0.000354797 0.000355893 0.000354994 
[AVERAGE] 0.000381407 s

FEN: 8/8/6R1/5p1p/5k2/7r/8/2K5 w - - 0 0
        [0]         [1]         [2]         [3]         [4]         [5]         [6]         [7]         [8]         [9]
[0] 0.000393438 0.000356782 0.000368952 0.000312533 0.000311819 0.000312186 0.000310938 0.000311549 0.000309887 0.000311325 
[1] 0.000311986 0.000362163 0.000354778 0.000323621 0.000311290 0.000311112 0.000310282 0.000311173 0.000347069 0.000410388 
[2] 0.000311357 0.000360472 0.000315726 0.000311059 0.000311135 0.000310987 0.000317913 0.000312199 0.000310609 0.000311232 
[3] 0.000311061 0.000311638 0.000371674 0.000310377 0.000310774 0.000367836 0.000309860 0.000310477 0.000310207 0.000311131 
[4] 0.000310316 0.000317755 0.000355291 0.000373445 0.000401230 0.000543595 0.000387747 0.000433734 0.000398988 0.000392956 
[5] 0.000452587 0.000320622 0.000319199 0.000331771 0.000345208 0.000319558 0.000333120 0.000320095 0.000319318 0.000319778 
[6] 0.000351055 0.000320101 0.000319903 0.000318853 0.000318717 0.000400881 0.000319271 0.000319499 0.000327579 0.000311765 
[7] 0.000358533 0.000384394 0.000319046 0.000318523 0.000319543 0.000318756 0.000319739 0.000328739 0.000312052 0.000311359 
[8] 0.000373422 0.000446976 0.000344958 0.000311174 0.000311470 0.000310436 0.000311954 0.000311745 0.000310878 0.000311774 
[9] 0.000362839 0.000310741 0.000311738 0.000311338 0.000310928 0.000312126 0.000311308 0.000317236 0.000410544 0.000309415 
[AVERAGE] 0.000335586 s

FEN: 8/6Rp/8/5k2/5p2/5K2/7r/8 b - - 0 0
        [0]         [1]         [2]         [3]         [4]         [5]         [6]         [7]         [8]         [9]
[0] 0.000345808 0.000303628 0.000303420 0.000299457 0.000298887 0.000299097 0.000300660 0.000355665 0.000398731 0.000412425 
[1] 0.000405083 0.000306269 0.000342322 0.000366691 0.000348849 0.000306350 0.000317678 0.000300126 0.000298442 0.000356685 
[2] 0.000331571 0.000298378 0.000326059 0.000297825 0.000297327 0.000326578 0.000296929 0.000296901 0.000297315 0.000354144 
[3] 0.000354828 0.000330458 0.000314397 0.000304962 0.000306969 0.000307948 0.000305175 0.000307106 0.000304346 0.000305397 
[4] 0.000305502 0.000374053 0.000311355 0.000299349 0.000328145 0.000331369 0.000306080 0.000347896 0.000306303 0.000307953 
[5] 0.000306105 0.000306503 0.000310746 0.000307992 0.000316101 0.000296393 0.000297427 0.000297311 0.000297903 0.000340538 
[6] 0.000305129 0.000298245 0.000298535 0.000328799 0.000392143 0.000298015 0.000299788 0.000298992 0.000298329 0.000297529 
[7] 0.000312046 0.000305610 0.000306578 0.000417452 0.000466745 0.000432249 0.000335678 0.000395403 0.000393881 0.000375169 
[8] 0.000375479 0.000314801 0.000347142 0.000312999 0.000340067 0.000297293 0.000297954 0.000356102 0.000299548 0.000298244 
[9] 0.000337600 0.000300087 0.000361297 0.000414913 0.000299174 0.000355953 0.000299299 0.000297135 0.000297102 0.000297323 
[AVERAGE] 0.000325817 s

FEN: 6k1/3R4/5Kp1/6r1/4P3/8/8/8 b - - 0 0
        [0]         [1]         [2]         [3]         [4]         [5]         [6]         [7]         [8]         [9]
[0] 0.000125302 0.000116447 0.000113703 0.000113244 0.000112536 0.000112021 0.000111872 0.000111653 0.000175488 0.000111134 
[1] 0.000111425 0.000111219 0.000111283 0.000111098 0.000111229 0.000110575 0.000111052 0.000110515 0.000128743 0.000154378 
[2] 0.000111417 0.000111889 0.000150659 0.000111437 0.000110518 0.000111351 0.000111370 0.000110471 0.000110581 0.000110356 
[3] 0.000110883 0.000110779 0.000110868 0.000128087 0.000232132 0.000163338 0.000111541 0.000110543 0.000110315 0.000111151 
[4] 0.000111109 0.000111679 0.000110952 0.000110941 0.000110938 0.000111105 0.000110971 0.000111476 0.000130688 0.000152826 
[5] 0.000110546 0.000111418 0.000111780 0.000111506 0.000111728 0.000110991 0.000110768 0.000111131 0.000110872 0.000111090 
[6] 0.000111064 0.000110750 0.000110696 0.000111479 0.000160741 0.000111531 0.000111183 0.000110931 0.000110357 0.000110249 
[7] 0.000110301 0.000110081 0.000110418 0.000110553 0.000110799 0.000111077 0.000110675 0.000111006 0.000110780 0.000157236 
[8] 0.000124146 0.000110603 0.000111098 0.000110780 0.000110875 0.000111691 0.000110767 0.000110964 0.000111750 0.000110983 
[9] 0.000111263 0.000111135 0.000110368 0.000172557 0.000110809 0.000110805 0.000111074 0.000110622 0.000111036 0.000110778 
[AVERAGE] 0.000117151 s

FEN: 6K1/8/5P1k/2R5/1r6/8/2p5/8 w - - 0 0        [0]         [1]         [2]         [3]         [4]         [5]         [6]         [7]         [8]         [9]
[0] 0.000240198 0.000230793 0.000256527 0.000302003 0.000267933 0.000226239 0.000226499 0.000225705 0.000226663 0.000225472 
[1] 0.000289096 0.000256557 0.000370744 0.000226061 0.000225709 0.000225925 0.000225995 0.000225554 0.000224704 0.000230765 
[2] 0.000225815 0.000225003 0.000226492 0.000227158 0.000260259 0.000226603 0.000226611 0.000225213 0.000225859 0.000225411 
[3] 0.000225646 0.000225373 0.000224912 0.000224565 0.000312307 0.000224771 0.000225355 0.000225341 0.000263593 0.000226799 
[4] 0.000225053 0.000225475 0.000286655 0.000226191 0.000225720 0.000225301 0.000226318 0.000224717 0.000225534 0.000282536 
[5] 0.000226189 0.000226924 0.000259556 0.000225207 0.000225431 0.000224814 0.000226665 0.000381187 0.000226596 0.000225288 
[6] 0.000225680 0.000225716 0.000225036 0.000225386 0.000235234 0.000218655 0.000270053 0.000277334 0.000219776 0.000221099 
[7] 0.000220074 0.000293243 0.000220178 0.000219919 0.000221343 0.000319326 0.000232761 0.000219085 0.000262812 0.000299253 
[8] 0.000247765 0.000232556 0.000219635 0.000261134 0.000219259 0.000220668 0.000221095 0.000247823 0.000248684 0.000220363 
[9] 0.000220873 0.000251601 0.000380732 0.000288541 0.000260431 0.000258936 0.000260902 0.000297943 0.000290686 0.000420848 
[AVERAGE] 0.000245460 s

----------------------------------- AVERAGES ------------------------------------------


---------- REGULAR POSITIONS ----------

 [0] 0.000322637
 [1] 0.000024833
 [2] 0.000451251
 [3] 0.000347542
 [4] 0.000331363
 [5] 0.000099425
 [6] 0.000509966
 [7] 0.000765243
 [8] 0.000348232
 [9] 0.000773895
[10] 0.001282986
[11] 0.000247531
[12] 0.000223465
[13] 0.000127635
[14] 0.000157690
[15] 0.000029862
[16] 0.000143656
[17] 0.000226081
[18] 0.000042478
[19] 0.000502331
[20] 0.000311773
[21] 0.000224515
[22] 0.000313712
[23] 0.000102420
[24] 0.000203575
[25] 0.000275942
[26] 0.000115333
[27] 0.000346131
[28] 0.000042233
[29] 0.000201714
[30] 0.000156631
[31] 0.000152869
[32] 0.000093886
[33] 0.000048884
[34] 0.000070415
[35] 0.000466176
[36] 0.000228401
[37] 0.000063976
[38] 0.000120518
[39] 0.000254401
[40] 0.000190631
[41] 0.000248730
[42] 0.000146725
[43] 0.000381407
[44] 0.000335586
[45] 0.000325817
[46] 0.000117151
[47] 0.000245460

----------------------------------- AVERAGES ------------------------------------------



