TIME (s)
0.037738331
0.029342592
0.045618280
0.032669608
0.044225695
0.101375547
0.109916412
0.055113028
0.063460882
0.048258480
0.061317596
0.024335568
0.032646098
0.017610873
0.087238105
0.038963649
0.136346167
0.047629079
0.080557026
0.044445317

0.013783641
0.038022925
0.014281117
0.114553944
0.078903404
0.015028316
0.060321661
0.149572185
0.047411764
0.066168170
0.062045784
0.002976200
0.039846088
0.006646806
0.066224829
0.007981052
0.090759082
0.014148112
0.061075842
0.028126463

0.000149933
0.005387498
0.005474937
0.004244494
0.001218438
0.005522430
0.016624323
0.003655305
0.037812279
0.025072335
0.004415429
0.002247215
0.002191372
0.002978778
0.000206187
0.001470605
0.003052471
0.000376432
0.011688265
0.006570258
0.004951178
0.004982684
0.000723664
0.002564689
0.002005003
0.000386092
0.006339340
0.000276887
0.004659698
0.001979190
0.005197989
0.000953951
0.000591463
0.001935542
0.007674855
0.002267711
0.000421927
0.001541472
0.005298446
0.001278804
0.004308886
0.000580970
0.007336813
0.003262640
0.003683305
0.002830680
0.004691848


STANDARD DEVIATION (s)
0.001216676
0.001462562
0.003340082
0.002840410
0.001959747
0.004405579
0.004511453
0.003174745
0.002443501
0.008547235
0.006005927
0.000920450
0.001830377
0.003250619
0.007899567
0.007148538
0.012217104
0.001827598
0.003413668
0.001636569

0.000653314
0.002978875
0.000620067
0.004273727
0.002576354
0.000731300
0.002571628
0.014534011
0.004873837
0.002129329
0.004740392
0.000190745
0.002902286
0.000523421
0.005107181
0.001159928
0.002762121
0.001299752
0.004054701
0.000812423

0.000028926
0.000584624
0.000382598
0.000395339
0.000150000
0.000352639
0.000632263
0.000210415
0.003334734
0.003432970
0.000298818
0.000157078
0.000180964
0.000189974
0.000049211
0.000162736
0.000218146
0.000056788
0.000750155
0.000355254
0.000680818
0.000334979
0.000079811
0.000171812
0.000336213
0.000041528
0.000817542
0.000069770
0.000876254
0.000963576
0.000815565
0.000231318
0.001050867
0.000446080
0.001244429
0.000419265
0.000072159
0.000232139
0.000492389
0.000143082
0.000284440
0.000081214
0.000273875
0.000228258
0.000219241
0.000211843
0.000221015

TIME (s)
0.032293361
0.024298899
0.036474333
0.024464736
0.035996129
0.073378014
0.079540572
0.038806309
0.044075896
0.034039208
0.042085441
0.019927866
0.028214986
0.013666072
0.062658642
0.027265838
0.095778349
0.034618269
0.056647861
0.032304449

0.009813035
0.025663995
0.010565854
0.075310578
0.057668867
0.011477097
0.043060923
0.101227580
0.032825474
0.048955245
0.044333835
0.002446671
0.026697993
0.004745147
0.048254148
0.005864939
0.064497500
0.011122191
0.041777776
0.020070640

0.000126191
0.003274588
0.003743318
0.003004366
0.000874103
0.003808625
0.011199701
0.003000306
0.025452442
0.017760558
0.003501372
0.001929877
0.001885335
0.002290967
0.000160226
0.001210293
0.002463830
0.000334183
0.008611327
0.004781188
0.004011665
0.003840937
0.000594104
0.002097587
0.001501511
0.000292615
0.004212744
0.000201849
0.002939356
0.001180565
0.003354621
0.000663946
0.000370912
0.001474045
0.005819538
0.001560880
0.000374790
0.001818227
0.003850538
0.001018347
0.003681889
0.000444503
0.005834500
0.002481932
0.002900553
0.002171816
0.003574192


STANDARD DEVIATION (s)
0.006166743
0.005776442
0.004244244
0.005127639
0.006789612
0.006494342
0.012385709
0.000616673
0.001669031
0.003285241
0.003240828
0.001687429
0.005404051
0.002048670
0.007312500
0.005033878
0.010565304
0.003904260
0.003933143
0.002346889

0.000463386
0.003901215
0.001682580
0.001459570
0.005974713
0.000710408
0.005033742
0.009145466
0.003066420
0.002212331
0.002963283
0.000280521
0.001507244
0.000500569
0.005788217
0.000474296
0.003419845
0.001174965
0.002505252
0.001148294

0.000023218
0.000294515
0.000302195
0.000261660
0.000144011
0.000383667
0.000879408
0.000297881
0.001951597
0.001496926
0.000263268
0.000234785
0.000216834
0.000259620
0.000033594
0.000185783
0.000256749
0.000071967
0.000513027
0.000391579
0.000491420
0.000364422
0.000085306
0.000250594
0.000156202
0.000038452
0.000296221
0.000037993
0.000300379
0.000156493
0.000611201
0.000119355
0.000082974
0.000195056
0.002384649
0.000199396
0.000089866
0.002307562
0.000345377
0.000132409
0.000441301
0.000044341
0.000441832
0.000224512
0.000307862
0.000332917
0.000481471

TIME (s)
0.017230949
0.015433411
0.024389009
0.031548279
0.056964367
0.117472598
0.127403604
0.036335457
0.029265100
0.013797336
0.025949844
0.012013163
0.005168410
0.013901995
0.022458039
0.016128326
0.098215626
0.017090724
0.032078755
0.027533292

0.003992302
0.020008445
0.003354778
0.037739470
0.019072237
0.001899139
0.006265910
0.048569226
0.010692337
0.057537788
0.018449659
0.003615063
0.015044047
0.002068339
0.013820938
0.018330962
0.020348893
0.005318220
0.017373299
0.011481803

0.000047044
0.002825481
0.003490127
0.002430259
0.000639327
0.003901427
0.012117485
0.001180399
0.007997866
0.008010848
0.000612645
0.001921936
0.001096659
0.000943048
0.000181677
0.000530609
0.001145040
0.000087151
0.002068639
0.001848381
0.000576155
0.002274901
0.000356247
0.000594930
0.001298026
0.000730164
0.000772413
0.000078512
0.002425615
0.000359222
0.000551713
0.000332284
0.000112015
0.001102228
0.001224003
0.000528846
0.000135128
0.001030939
0.001533371
0.001008215
0.000979431
0.000684630
0.003683060
0.000638742
0.001577382
0.001264394
0.001926253


STANDARD DEVIATION (s)
0.001102847
0.001750171
0.004522312
0.003596410
0.006530452
0.009404273
0.005929325
0.000989250
0.001046669
0.001056551
0.000928151
0.000604943
0.000537627
0.000820985
0.004128032
0.001229634
0.005459313
0.001071252
0.003249172
0.004160653

0.000323934
0.002235104
0.000323128
0.003028519
0.002166909
0.000286411
0.000442600
0.004445945
0.001166970
0.009496876
0.001574767
0.000444157
0.001833136
0.000172115
0.001818563
0.001083199
0.001312737
0.001250563
0.002227419
0.000777907

0.000009919
0.000253601
0.000346851
0.000290343
0.000096307
0.000392128
0.001021086
0.000135603
0.000517424
0.000638549
0.000081090
0.000273986
0.000301678
0.000139410
0.000039291
0.000080978
0.000121368
0.000018476
0.000235190
0.000211048
0.000063960
0.000190570
0.000044728
0.000117227
0.000196959
0.000082225
0.000093823
0.000019043
0.000235503
0.000039285
0.000083580
0.000052721
0.000020303
0.000165197
0.001812970
0.000097479
0.000028090
0.000118534
0.000183910
0.000142931
0.000147509
0.000143771
0.000372989
0.000084768
0.000216674
0.000172766
0.000211656

TIME (s)
0.006431506
0.005723943
0.011788635
0.011190333
0.032442767
0.024137799
0.029332568
0.024685348
0.020182126
0.009352716
0.011373380
0.007028166
0.011853815
0.008738999
0.015822444
0.015947727
0.044666918
0.009400558
0.019291088
0.011253401

0.004470513
0.057379407
0.005450259
0.015080806
0.011548628
0.004651097
0.010240121
0.045006896
0.014424794
0.009886490
0.014383326
0.000883100
0.011036678
0.002736746
0.010724269
0.000861015
0.017041669
0.001909731
0.014219309
0.004541250

0.000098465
0.003918819
0.004450815
0.002681353
0.000930022
0.001432196
0.005307028
0.002890881
0.023422536
0.009280683
0.001301736
0.001280300
0.001269948
0.001006324
0.000319508
0.002468371
0.002071514
0.000211968
0.007805374
0.003466036
0.001365645
0.002809486
0.000296554
0.000887309
0.001210233
0.000621092
0.003673008
0.000224738
0.001644776
0.001092248
0.001179647
0.000620969
0.000277749
0.000316889
0.003032264
0.001668737
0.000251030
0.000522864
0.002048688
0.001449243
0.001810397
0.000959493
0.002435730
0.003712497
0.002735025
0.002317048
0.002052438


STANDARD DEVIATION (s)
0.000375727
0.000407543
0.000775471
0.000490113
0.003489997
0.004486965
0.008224430
0.000940720
0.003040290
0.001335225
0.002017026
0.000493004
0.000624418
0.000541413
0.000398644
0.000510963
0.000793800
0.000274801
0.000385583
0.000286025

0.001524527
0.009330392
0.000396157
0.003673376
0.000399892
0.000347256
0.000631933
0.003089314
0.001135018
0.000654942
0.000609575
0.000138656
0.000456128
0.000172993
0.000461603
0.000100948
0.003161639
0.000224799
0.001543382
0.000307825

0.000019096
0.000298284
0.000377765
0.000290217
0.000120893
0.000320162
0.000520330
0.000404861
0.004458199
0.001354606
0.000177700
0.000140448
0.000205026
0.000107691
0.000052758
0.000318805
0.000316412
0.000058224
0.000969865
0.001840109
0.000145689
0.000394659
0.000063236
0.000166773
0.000234872
0.000066837
0.000442566
0.000063301
0.000280202
0.000177493
0.000205348
0.000096742
0.000053519
0.000040287
0.000263002
0.000163035
0.000059884
0.000084483
0.000246057
0.000241318
0.000628366
0.000188739
0.000497195
0.000402102
0.000462665
0.000345520
0.000603171

TIME (s)
0.078856709
0.068648141
0.099324219
0.070878150
0.094534009
0.227273674
0.249753168
0.110355367
0.120908414
0.089568412
0.115619934
0.048483707
0.072330452
0.029246378
0.156495062
0.060115174
0.258538680
0.097324038
0.169346873
0.089649192

0.017891665
0.065404034
0.021075523
0.200451145
0.167078006
0.023829015
0.091592081
0.269587935
0.068106986
0.140196327
0.125096263
0.002718864
0.056563455
0.008131869
0.104090832
0.006130572
0.146912203
0.022056197
0.088530403
0.040990321

0.000079046
0.004000719
0.004439998
0.002999661
0.000710101
0.007952265
0.016368707
0.002882899
0.042354786
0.026664093
0.003149892
0.002272219
0.001282092
0.002742882
0.000097266
0.001586788
0.002424271
0.000252805
0.011047834
0.005016331
0.003701633
0.003468680
0.000767174
0.000617444
0.001263578
0.000318189
0.006785259
0.000120693
0.002865029
0.001466415
0.003016543
0.000715894
0.000271068
0.001013460
0.004718606
0.002088261
0.000251332
0.001369898
0.003281215
0.000646981
0.003668971
0.000260421
0.006251315
0.002211173
0.002796688
0.002074872
0.003511689


STANDARD DEVIATION (s)
0.004825469
0.003210189
0.002953202
0.007264030
0.009297067
0.012943669
0.024554972
0.001822175
0.001560500
0.003295368
0.000895390
0.002977412
0.002602517
0.000478052
0.001941665
0.000829699
0.004454005
0.000932237
0.001673352
0.001104691

0.001006145
0.002980884
0.000549293
0.001827672
0.005319176
0.000627712
0.000776606
0.007654419
0.004068803
0.003529834
0.000946788
0.000114261
0.002149764
0.000149893
0.000788167
0.000208829
0.003419311
0.000956595
0.001661736
0.000393627

0.000016412
0.000059283
0.000152760
0.000149127
0.000031920
0.000263465
0.000306118
0.000060496
0.001126394
0.000449255
0.000057504
0.001589568
0.000062568
0.000107440
0.000015109
0.000073746
0.000081937
0.000032960
0.000186598
0.000128413
0.000137353
0.000131820
0.000035611
0.000033637
0.000052880
0.000030131
0.000179410
0.000014555
0.000111313
0.000101681
0.000121103
0.000041938
0.000032023
0.000092506
0.000596390
0.000143275
0.000027635
0.000081674
0.000112882
0.000036786
0.000144375
0.000026756
0.000157484
0.000126805
0.000095153
0.000050204
0.000075380

TIME (s)
0.075860799
0.066273761
0.097282144
0.066722331
0.093637283
0.225358422
0.245197292
0.116908150
0.128345646
0.094707855
0.122656175
0.050366378
0.075766704
0.030885200
0.167793839
0.064160902
0.273619962
0.102749173
0.179465560
0.095681647

0.018840491
0.069475094
0.022134901
0.216108892
0.175776178
0.025986703
0.098295414
0.283363367
0.072953660
0.146831915
0.131765021
0.002940135
0.061404748
0.008767372
0.112290732
0.006810865
0.159083313
0.023272969
0.097183289
0.044907445

0.000083532
0.004328913
0.004647802
0.003214277
0.000778823
0.008516098
0.017428237
0.003096440
0.046151283
0.027543889
0.003416771
0.001974350
0.001330303
0.002915341
0.000105959
0.001696510
0.002536595
0.000270288
0.011666563
0.005536639
0.003843003
0.003665782
0.000798260
0.000685076
0.001392639
0.000347420
0.007401893
0.000135182
0.002989448
0.001589714
0.003174186
0.000792923
0.000304554
0.001124807
0.005112868
0.002228989
0.000273205
0.001458449
0.003679144
0.000688671
0.003950227
0.000298984
0.006930071
0.002519880
0.002964986
0.002229192
0.003900217


STANDARD DEVIATION (s)
0.000560366
0.000559359
0.000961194
0.000569856
0.001778385
0.003519556
0.003082797
0.001092577
0.002249912
0.001927461
0.002242894
0.001049054
0.000659583
0.000585409
0.003415641
0.002828732
0.001458152
0.002795817
0.001483033
0.003682290

0.000200870
0.000637665
0.000377034
0.003012426
0.002778902
0.002962241
0.000650209
0.002117967
0.000678756
0.004392407
0.002412354
0.000110401
0.000683648
0.000102936
0.000998475
0.000170975
0.001700309
0.000314430
0.003232891
0.000421943

0.000010927
0.000140245
0.000154087
0.000071834
0.000088416
0.000326904
0.000334887
0.000156988
0.000403907
0.000275252
0.000081146
0.000105865
0.000050639
0.000070659
0.000016843
0.000172976
0.000066308
0.000025325
0.000242716
0.000107631
0.000102227
0.000075514
0.000031486
0.000034697
0.000081522
0.000060277
0.000423632
0.000021309
0.000062481
0.000111459
0.000184419
0.000065276
0.000029347
0.000043069
0.000397366
0.000121823
0.000026333
0.000120297
0.000059881
0.000035103
0.000062025
0.000064798
0.001121603
0.000444797
0.000098877
0.000112923
0.000265196

TIME (s)
0.004619683
0.005279314
0.012825661
0.007904128
0.013532793
0.009984502
0.009025494
0.015949691
0.015067990
0.009284220
0.003651615
0.002212718
0.004047745
0.004688071
0.015536266
0.009044029
0.013194705
0.004325725
0.017401181
0.013724635

0.001090669
0.007154827
0.008381599
0.030800519
0.017171010
0.001849178
0.018792334
0.028265675
0.002373199
0.010901915
0.010032038
0.000324852
0.004181625
0.001073255
0.007431948
0.005561403
0.003727917
0.007527001
0.013241297
0.005337290

0.000012914
0.000574143
0.000627692
0.000701695
0.000208807
0.004300073
0.002259476
0.000530142
0.005813878
0.001726164
0.000209151
0.000679824
0.000739998
0.000343836
0.000043529
0.000320984
0.000350182
0.000036507
0.001112301
0.000917011
0.000216249
0.000619787
0.000252608
0.000265939
0.000411218
0.000279592
0.000551303
0.000026168
0.000896897
0.000146500
0.000181097
0.000097631
0.000036632
0.000181881
0.000330426
0.000224401
0.000067505
0.000076993
0.000402774
0.000131620
0.000334094
0.000069682
0.001488833
0.000867233
0.000908613
0.000572990
0.000556165


STANDARD DEVIATION (s)
0.000300486
0.000287669
0.000409261
0.000242239
0.000858138
0.000213831
0.000211852
0.000414089
0.001145303
0.000292834
0.000130037
0.000053433
0.000081197
0.000077994
0.000287149
0.000245118
0.000276563
0.000185974
0.001388431
0.001135068

0.000134570
0.000266128
0.000993588
0.000545100
0.000282464
0.000047030
0.000391604
0.000374014
0.000118243
0.001131831
0.000271711
0.000029048
0.000062859
0.000248137
0.000109810
0.000085357
0.000072929
0.000212322
0.000111830
0.000192366

0.000002821
0.000035204
0.000036041
0.000036665
0.000023920
0.000136920
0.000069417
0.000041831
0.000184489
0.000104764
0.000026556
0.000036624
0.000037762
0.000029035
0.000007386
0.000029236
0.000035708
0.000007767
0.000100016
0.000044437
0.000024365
0.000033625
0.000037830
0.000029463
0.000045818
0.000026429
0.000033753
0.000006409
0.000034191
0.000021835
0.000021342
0.000018222
0.000006714
0.000021167
0.000030739
0.000025443
0.000010290
0.000013761
0.000032364
0.000039768
0.000030142
0.000011117
0.000293930
0.000283880
0.000311263
0.000055252
0.000033861

TIME (s)
0.000100388
0.000119175
0.000131541
0.000136054
0.000085477
0.001331826
0.001392701
0.000815503
0.000966867
0.000895643
0.000918258
0.000501038
0.000164881
0.000066681
0.000137031
0.000051119
0.000173455
0.000841177
0.000178932
0.000918815

0.000228029
0.000145232
0.000042715
0.001193203
0.000104662
0.000027401
0.000012735
0.000124104
0.000029512
0.000096495
0.000142019
0.000028684
0.000560084
0.000033575
0.000098440
0.000020844
0.000163263
0.000029459
0.000670238
0.000084534

0.000010432
0.000140697
0.000225236
0.000017444
0.000017128
0.000091568
0.000333327
0.000151367
0.000026096
0.000011915
0.000011249
0.000013075
0.000020561
0.000109023
0.000017516
0.000024692
0.000072466
0.000018571
0.000031924
0.000032579
0.000161411
0.000021883
0.000012095
0.000019190
0.000098805
0.000015984
0.000206162
0.000013887
0.000103009
0.000014585
0.000165792
0.000009346
0.000020645
0.000054127
0.000194738
0.000073069
0.000016014
0.000007870
0.000150875
0.000012496
0.000112550
0.000013244
0.000009208
0.000016093
0.000109499
0.000060305
0.000018965


STANDARD DEVIATION (s)
0.000013541
0.000008109
0.000017932
0.000021456
0.000023944
0.000114296
0.000116717
0.000033569
0.000049808
0.000041782
0.000043415
0.000031915
0.000040721
0.000009159
0.000019097
0.000011671
0.000021923
0.000041906
0.000022510
0.000104585

0.000032778
0.000020652
0.000009460
0.000107938
0.000013038
0.000010353
0.000002146
0.000016606
0.000007361
0.000014489
0.000022646
0.000005544
0.000046681
0.000004966
0.000019441
0.000003148
0.000022358
0.000008322
0.000047422
0.000011266

0.000002066
0.000019057
0.000028128
0.000001626
0.000000727
0.000010354
0.000031619
0.000020954
0.000004609
0.000002543
0.000002090
0.000005384
0.000004947
0.000018088
0.000003267
0.000003609
0.000015529
0.000003456
0.000007069
0.000005008
0.000021836
0.000004877
0.000004063
0.000002872
0.000014370
0.000003961
0.000024624
0.000004317
0.000013981
0.000008438
0.000018158
0.000003162
0.000004937
0.000009822
0.000025103
0.000013492
0.000003856
0.000002132
0.000020557
0.000003471
0.000017789
0.000003597
0.000002094
0.000003740
0.000020909
0.000009401
0.000005222

