[Relative Change]   [Standard Deviation]

              [ar base]
   0,000000000          0,000000000
   0,000000000          0,000000000
   0,000000000          0,000000000

            [ar undo move]
   0,319853368          0,015878065
   0,315210804          0,030036105
   0,273169192          0,043091279

            [ar alpha beta]
   0,389513489          0,313256066
   0,555094407          0,509457110
   0,545724480          0,225906372

            [ar move order]
   0,823858356          0,079368573
   0,837905278          0,150939749
   0,553957936          0,266161939

   ----------- AVERAGES -----------
   0,000000000          0,000000000
   0,302744455          0,018291282
   0,496777459          0,213101332
   0,738573857          0,105369380





              [bb base]
   0,000000000          0,000000000
   0,000000000          0,000000000
   0,000000000          0,000000000

            [bb undo move]
   -0,040884216          0,007139684
   -0,059519801          0,011197275
   -0,093585664          0,017104049

            [bb alpha beta]
   0,907274701          0,042621956
   0,836828066          0,186353146
   0,784254180          0,144497460

            [bb move order]
   0,995598438          0,003480685
   0,996601359          0,003668803
   0,964934494          0,045457749

   ----------- AVERAGES -----------
   0,000000000          0,000000000
   -0,064663227          0,007218053
   0,842785649          0,079877435
   0,985711430          0,015246064
