FEN: rn1q1rk1/pbp2pp1/1p2pb1p/3p4/2PP4/2N1PN2/PP2BPPP/R2QK2R w KQ - 0 10
        [0]         [1]         [2]         [3]         [4]         [5]         [6]         [7]         [8]         [9]
[0] 0.000120200 0.000101000 0.000097800 0.000096500 0.000095900 0.000097900 0.000095300 0.000137700 0.000108200 0.000108900 
[1] 0.000110400 0.000094800 0.000095000 0.000094600 0.000094800 0.000096700 0.000094600 0.000094500 0.000094500 0.000094600 
[2] 0.000096400 0.000094400 0.000094600 0.000094500 0.000096600 0.000094500 0.000094700 0.000094600 0.000094600 0.000096700 
[3] 0.000094400 0.000094400 0.000094500 0.000094600 0.000096600 0.000094700 0.000094700 0.000094500 0.000094300 0.000096500 
[4] 0.000094400 0.000118700 0.000162500 0.000133100 0.000098600 0.000096800 0.000099500 0.000161100 0.000135700 0.000108800 
[5] 0.000095300 0.000095000 0.000135200 0.000125900 0.000108100 0.000094800 0.000095000 0.000097200 0.000094700 0.000110400 
[6] 0.000094800 0.000094800 0.000097700 0.000109000 0.000095000 0.000123100 0.000097800 0.000094800 0.000094800 0.000094600 
[7] 0.000094500 0.000096800 0.000094900 0.000094400 0.000094500 0.000094600 0.000096700 0.000094600 0.000094900 0.000094700 
[8] 0.000094700 0.000096800 0.000094500 0.000094900 0.000094500 0.000094700 0.000096500 0.000094500 0.000094300 0.000094300 
[9] 0.000096100 0.000096600 0.000094400 0.000094400 0.000094500 0.000096700 0.000094300 0.000094500 0.000094600 0.000094700 
[AVERAGE] 0.000100330 s
[STANDARD DEVIATION] 0.000013088 s

FEN: rn1q1rk1/pp2ppbp/2p3p1/3p1b2/2PPn3/1P3NP1/P2NPPBP/R1BQ1RK1 w - - 1 9
        [0]         [1]         [2]         [3]         [4]         [5]         [6]         [7]         [8]         [9]
[0] 0.000129700 0.000122100 0.000119500 0.000118500 0.000119900 0.000117600 0.000116800 0.000116600 0.000118700 0.000116400 
[1] 0.000116000 0.000116100 0.000118100 0.000116000 0.000115800 0.000117900 0.000115700 0.000115700 0.000115600 0.000132800 
[2] 0.000145200 0.000116100 0.000116100 0.000118300 0.000129400 0.000115800 0.000115800 0.000118400 0.000115700 0.000131700 
[3] 0.000131300 0.000117900 0.000115500 0.000115700 0.000115700 0.000117900 0.000115400 0.000115300 0.000138500 0.000198600 
[4] 0.000116100 0.000116000 0.000118100 0.000115500 0.000115800 0.000115400 0.000117800 0.000115500 0.000115400 0.000115700 
[5] 0.000117500 0.000115300 0.000115400 0.000115200 0.000117600 0.000115200 0.000115500 0.000117500 0.000115300 0.000115300 
[6] 0.000115200 0.000117500 0.000115300 0.000115200 0.000115300 0.000117500 0.000115400 0.000116500 0.000127900 0.000146600 
[7] 0.000115400 0.000115300 0.000115400 0.000117800 0.000115300 0.000115200 0.000117300 0.000115300 0.000115300 0.000115200 
[8] 0.000117500 0.000115400 0.000128800 0.000115700 0.000118400 0.000115700 0.000115200 0.000115300 0.000117600 0.000115400 
[9] 0.000115400 0.000115500 0.000117600 0.000115300 0.000115100 0.000117500 0.000115500 0.000115200 0.000115200 0.000117400 
[AVERAGE] 0.000118955 s
[STANDARD DEVIATION] 0.000009924 s

FEN: 1rbq1rk1/pp2ppbp/2n2np1/2pp4/5P2/N1PP1NP1/PP2P1BP/R1BQ1RK1 w - - 3 9
        [0]         [1]         [2]         [3]         [4]         [5]         [6]         [7]         [8]         [9]
[0] 0.000133300 0.000128800 0.000127300 0.000128300 0.000125800 0.000125500 0.000196800 0.000139400 0.000125400 0.000125000 
[1] 0.000127400 0.000125200 0.000125200 0.000127100 0.000156700 0.000142700 0.000154900 0.000140800 0.000125100 0.000158000 
[2] 0.000186000 0.000125300 0.000136000 0.000122100 0.000124400 0.000122200 0.000122000 0.000124300 0.000122200 0.000122100 
[3] 0.000122200 0.000124200 0.000122000 0.000121900 0.000124400 0.000122100 0.000135800 0.000122100 0.000124700 0.000122100 
[4] 0.000121900 0.000124200 0.000122200 0.000122100 0.000121900 0.000124200 0.000122200 0.000122100 0.000124300 0.000121900 
[5] 0.000122200 0.000121900 0.000124000 0.000122100 0.000122000 0.000124000 0.000122100 0.000122000 0.000121900 0.000124100 
[6] 0.000121900 0.000164200 0.000156400 0.000134200 0.000122100 0.000122100 0.000124100 0.000122100 0.000122200 0.000124000 
[7] 0.000122200 0.000122200 0.000179000 0.000126000 0.000122300 0.000122400 0.000124400 0.000121800 0.000122000 0.000122300 
[8] 0.000124100 0.000122200 0.000122100 0.000124200 0.000122000 0.000122100 0.000121900 0.000123900 0.000122000 0.000121800 
[9] 0.000203000 0.000122500 0.000122300 0.000122100 0.000124200 0.000122000 0.000141700 0.000238500 0.000135400 0.000122400 
[AVERAGE] 0.000130184 s
[STANDARD DEVIATION] 0.000018868 s

FEN: r2qkb1r/pp1n1ppp/2p2n2/3pp3/6b1/3P1NP1/PPPNPPBP/R1BQ1RK1 w kq - 0 7
        [0]         [1]         [2]         [3]         [4]         [5]         [6]         [7]         [8]         [9]
[0] 0.000134800 0.000130600 0.000125600 0.000125000 0.000127400 0.000166600 0.000178700 0.000123400 0.000125900 0.000123000 
[1] 0.000122800 0.000124800 0.000122800 0.000122700 0.000122600 0.000125200 0.000122900 0.000122600 0.000124600 0.000122800 
[2] 0.000122600 0.000122600 0.000124600 0.000122200 0.000122300 0.000124300 0.000122500 0.000122400 0.000122300 0.000124200 
[3] 0.000122400 0.000122400 0.000124600 0.000122700 0.000122400 0.000122700 0.000124600 0.000122400 0.000122600 0.000124300 
[4] 0.000122400 0.000122400 0.000122300 0.000209800 0.000136500 0.000122700 0.000125700 0.000122500 0.000122600 0.000122400 
[5] 0.000152700 0.000167900 0.000135000 0.000125000 0.000122400 0.000122500 0.000122300 0.000124900 0.000122600 0.000122400 
[6] 0.000124500 0.000122500 0.000122500 0.000122500 0.000124800 0.000122500 0.000139100 0.000236000 0.000145800 0.000126500 
[7] 0.000125100 0.000126800 0.000223100 0.000193000 0.000123500 0.000125500 0.000122700 0.000122600 0.000124800 0.000122700 
[8] 0.000122800 0.000122700 0.000124700 0.000122500 0.000122500 0.000124700 0.000122700 0.000122500 0.000122600 0.000124500 
[9] 0.000122400 0.000122700 0.000125000 0.000122600 0.000137700 0.000237800 0.000173400 0.000122400 0.000122700 0.000124500 
[AVERAGE] 0.000131428 s
[STANDARD DEVIATION] 0.000023110 s

FEN: rnbqkb1r/pp3pp1/2p1pn1p/8/2pP3B/2N2N2/PP2PPPP/R2QKB1R w KQkq - 0 7
        [0]         [1]         [2]         [3]         [4]         [5]         [6]         [7]         [8]         [9]
[0] 0.000086800 0.000082900 0.000080700 0.000079900 0.000079000 0.000080900 0.000078500 0.000078300 0.000078200 0.000078500 
[1] 0.000078300 0.000080500 0.000078000 0.000078200 0.000078200 0.000078400 0.000078000 0.000078200 0.000080300 0.000078200 
[2] 0.000078200 0.000078100 0.000078200 0.000078100 0.000080300 0.000078200 0.000078000 0.000078100 0.000078100 0.000078000 
[3] 0.000080200 0.000077900 0.000078000 0.000078000 0.000078200 0.000078000 0.000080200 0.000078100 0.000078200 0.000078000 
[4] 0.000078100 0.000078100 0.000080100 0.000078100 0.000078100 0.000078100 0.000078100 0.000078100 0.000078000 0.000080200 
[5] 0.000078000 0.000078200 0.000078200 0.000078000 0.000078000 0.000080200 0.000078200 0.000078300 0.000078000 0.000078000 
[6] 0.000078300 0.000080200 0.000078200 0.000106900 0.000108700 0.000121800 0.000119100 0.000091500 0.000080600 0.000078300 
[7] 0.000078200 0.000078100 0.000078300 0.000078100 0.000080200 0.000077900 0.000162100 0.000150600 0.000091500 0.000078100 
[8] 0.000080300 0.000078200 0.000078100 0.000078000 0.000078100 0.000078000 0.000080400 0.000078000 0.000078100 0.000078100 
[9] 0.000078300 0.000078200 0.000078200 0.000080000 0.000078000 0.000078200 0.000078200 0.000078200 0.000078000 0.000080400 
[AVERAGE] 0.000081939 s
[STANDARD DEVIATION] 0.000012940 s

FEN: r3k2r/pppqb1pp/2np1n2/4p2b/P1B1P3/2N1BN1P/1PP2PP1/R2Q1RK1 b kq - 0 11
        [0]         [1]         [2]         [3]         [4]         [5]         [6]         [7]         [8]         [9]
[0] 0.001233900 0.001221000 0.001325300 0.001219200 0.001222000 0.001394900 0.001504200 0.001222100 0.001220000 0.001217700 
[1] 0.001221600 0.001322400 0.001218700 0.001282000 0.001388900 0.001292800 0.001263800 0.001222600 0.001217800 0.001219700 
[2] 0.001334500 0.001484000 0.001236600 0.001218200 0.001218700 0.001321800 0.001220800 0.001217600 0.001222100 0.001467500 
[3] 0.001220900 0.001222000 0.001216500 0.001218700 0.001318300 0.001219200 0.001216800 0.001524000 0.001277200 0.001266800 
[4] 0.001222700 0.001218500 0.001224000 0.001320500 0.001286900 0.001378500 0.001246100 0.001220200 0.001331900 0.001218300 
[5] 0.001219400 0.001260200 0.001482200 0.001394500 0.001220100 0.001219300 0.001220100 0.001318700 0.001221200 0.001217000 
[6] 0.001280200 0.001577100 0.001223000 0.001218200 0.001218600 0.001219900 0.001320300 0.001220200 0.001559700 0.001220300 
[7] 0.001233300 0.001320600 0.001218000 0.001221700 0.001217500 0.001393500 0.001454200 0.001219700 0.001223000 0.001218600 
[8] 0.001336400 0.001216600 0.001219100 0.001362200 0.001540000 0.001222300 0.001217100 0.001259400 0.001218800 0.001338600 
[9] 0.001219800 0.001293900 0.001388000 0.001307900 0.001235300 0.001218200 0.001218100 0.001217900 0.001335300 0.001528100 
[AVERAGE] 0.001281837 s
[STANDARD DEVIATION] 0.000093259 s

FEN: r3k2r/1ppqb1pp/p1np1n2/4p2b/P1B1P3/2N1BN1P/1PP2PP1/R2QR1K1 b kq - 1 12
        [0]         [1]         [2]         [3]         [4]         [5]         [6]         [7]         [8]         [9]
[0] 0.001297300 0.001295800 0.001347500 0.001336300 0.001290500 0.001292100 0.001351000 0.001455700 0.001288500 0.001293300 
[1] 0.001287700 0.001393000 0.001287900 0.001292700 0.001625000 0.001351700 0.001336900 0.001291900 0.001291900 0.001290900 
[2] 0.001394300 0.001386700 0.001461900 0.001288500 0.001394300 0.001290500 0.001293800 0.001288700 0.001627200 0.001530100 
[3] 0.001398700 0.001528300 0.001414900 0.001762600 0.001670600 0.001481800 0.001590200 0.001510500 0.001459000 0.001319400 
[4] 0.001655900 0.001318400 0.001548300 0.001325500 0.001382600 0.001384900 0.001323200 0.001325500 0.001324800 0.001526200 
[5] 0.001359600 0.001293200 0.001288500 0.001404900 0.001289100 0.001293300 0.001566200 0.001551000 0.001288200 0.001294500 
[6] 0.001306100 0.001380900 0.001333600 0.001389400 0.001460200 0.001290600 0.001437200 0.001291800 0.001291900 0.001288200 
[7] 0.001395800 0.001739200 0.001295000 0.001475500 0.001396900 0.001289500 0.001334900 0.001288700 0.001486500 0.001350800 
[8] 0.001292100 0.001331400 0.001294200 0.001406000 0.001292300 0.001417900 0.001511800 0.001393100 0.001289700 0.001322200 
[9] 0.001287600 0.001306100 0.001376200 0.001509500 0.001288300 0.001292400 0.001391200 0.001292400 0.001293200 0.001440200 
[AVERAGE] 0.001380839 s
[STANDARD DEVIATION] 0.000110777 s

FEN: rn1qkb1r/1pp2ppp/p3bn2/3p2B1/3P4/2N1PN2/PP3PPP/R2QKB1R b KQkq - 0 7
        [0]         [1]         [2]         [3]         [4]         [5]         [6]         [7]         [8]         [9]
[0] 0.000835300 0.001016800 0.000741900 0.000743900 0.000740200 0.000743200 0.000740400 0.000742500 0.000840300 0.000741600 
[1] 0.000739400 0.000741400 0.000739000 0.000856800 0.000886100 0.000771500 0.000826500 0.000741600 0.000738900 0.000740800 
[2] 0.000738500 0.000740300 0.000738900 0.000829700 0.000751800 0.000740300 0.000879000 0.000908100 0.000746700 0.000740300 
[3] 0.000742800 0.000842000 0.000780000 0.000739800 0.000742700 0.000740100 0.000742000 0.000740300 0.000800900 0.000859000 
[4] 0.000843100 0.000811500 0.000742300 0.000738600 0.000740900 0.000769100 0.000843000 0.000739100 0.000741700 0.000739000 
[5] 0.000741300 0.000868400 0.000759000 0.000991100 0.000743100 0.000740600 0.000741700 0.000740400 0.000771100 0.000740200 
[6] 0.000741700 0.000855000 0.000742200 0.000739600 0.000815700 0.000824200 0.000827100 0.000739300 0.000800000 0.000783900 
[7] 0.000741700 0.000971200 0.000741900 0.000831500 0.000752500 0.000740500 0.000841000 0.000802800 0.000910600 0.000742600 
[8] 0.000738900 0.000741000 0.000738800 0.000903700 0.000740100 0.000741500 0.000738800 0.000741700 0.000738500 0.000741200 
[9] 0.000867200 0.000932200 0.000740100 0.000741600 0.000738600 0.000741200 0.000769500 0.000741100 0.000800000 0.000825900 
[AVERAGE] 0.000781631 s
[STANDARD DEVIATION] 0.000062925 s

FEN: r2qkb1r/1p1n1p1p/p1bpp3/2p5/4P3/2N3QP/PPP2PP1/R1B1RBK1 b kq - 1 13
        [0]         [1]         [2]         [3]         [4]         [5]         [6]         [7]         [8]         [9]
[0] 0.000914800 0.000905500 0.000964600 0.001073300 0.000904100 0.001009900 0.000902700 0.000941000 0.000904100 0.000901000 
[1] 0.000901900 0.001007300 0.000917900 0.001220300 0.000903700 0.000900500 0.000902300 0.001021000 0.000929900 0.000902100 
[2] 0.000902500 0.000899900 0.000970500 0.001063000 0.001070900 0.000902900 0.000901900 0.000901200 0.000931700 0.000971600 
[3] 0.000947800 0.000903000 0.000899000 0.001049100 0.001093900 0.000962700 0.000959600 0.000903400 0.000923800 0.001006000 
[4] 0.000925900 0.000916500 0.001017600 0.000901300 0.000960900 0.001077300 0.000902300 0.000899600 0.001006200 0.001053900 
[5] 0.000906200 0.000906000 0.000902000 0.000902800 0.001021200 0.001050400 0.000904500 0.000901900 0.000900100 0.000902700 
[6] 0.000981700 0.000899800 0.000902900 0.000902500 0.000900700 0.000947900 0.001105800 0.000944600 0.000902900 0.000902700 
[7] 0.001040300 0.000984100 0.000902500 0.001066300 0.000902700 0.000900100 0.001042800 0.000999400 0.000899600 0.001020800 
[8] 0.000902000 0.000910600 0.000906100 0.000903300 0.000899700 0.001020200 0.000955300 0.001069500 0.000902300 0.000902300 
[9] 0.000900800 0.001147700 0.000902100 0.000904000 0.000902500 0.000900300 0.000941100 0.001059700 0.000915000 0.000903500 
[AVERAGE] 0.000951497 s
[STANDARD DEVIATION] 0.000068669 s

FEN: rn1q1rk1/p1p2ppp/bp3n2/3p4/1b1P4/2N1PN2/PPBB1PPP/R2QK2R b KQ - 3 9
        [0]         [1]         [2]         [3]         [4]         [5]         [6]         [7]         [8]         [9]
[0] 0.000851100 0.000845600 0.000852100 0.000842400 0.000913500 0.000839200 0.000841900 0.000837700 0.000887800 0.001022400 
[1] 0.000839400 0.000915700 0.000840000 0.001146200 0.001087600 0.000880600 0.000877100 0.000948800 0.000911000 0.000974400 
[2] 0.000866000 0.000869300 0.000862000 0.000941300 0.000887600 0.000867700 0.000955600 0.000838500 0.000877800 0.000862000 
[3] 0.001278900 0.000851100 0.000841000 0.000842100 0.000839900 0.000858000 0.000945500 0.000840200 0.000838200 0.000841600 
[4] 0.000840800 0.000895500 0.000999600 0.000968700 0.000841000 0.000839800 0.000847700 0.000858100 0.000856000 0.000843600 
[5] 0.000941300 0.000931500 0.001489800 0.000855500 0.000839100 0.000838200 0.000954900 0.000850300 0.000852000 0.000838800 
[6] 0.000838000 0.000839000 0.000897600 0.000927700 0.001009600 0.000838000 0.000840400 0.000839000 0.000839300 0.000965400 
[7] 0.000837400 0.000840400 0.000840000 0.000840800 0.000970800 0.001111500 0.000902200 0.000840300 0.000842800 0.000838800 
[8] 0.000853500 0.000844300 0.000927600 0.000854400 0.000839600 0.000989700 0.001015100 0.000838400 0.000842100 0.000940400 
[9] 0.000839200 0.000846100 0.000838300 0.000842100 0.000840200 0.000839300 0.001096600 0.001005200 0.000872100 0.000839300 
[AVERAGE] 0.000896435 s
[STANDARD DEVIATION] 0.000098609 s

FEN: rnbq1rk1/pp2bppp/4pn2/3p4/2PN4/6P1/PPQ1PPBP/RNB2RK1 b - - 0 8
        [0]         [1]         [2]         [3]         [4]         [5]         [6]         [7]         [8]         [9]
[0] 0.000825600 0.000813100 0.000925200 0.000808600 0.000812700 0.000810400 0.000810800 0.000808500 0.000850100 0.000986400 
[1] 0.000895300 0.000809200 0.000810300 0.000809600 0.000818100 0.000818400 0.000915000 0.000813100 0.000809300 0.000812200 
[2] 0.000952600 0.000983000 0.000811200 0.000914600 0.000810200 0.000810900 0.000820400 0.000816200 0.000809200 0.000810600 
[3] 0.000910400 0.000811000 0.000850800 0.000983400 0.000808800 0.000811200 0.000839700 0.001141300 0.000811800 0.000813800 
[4] 0.000809900 0.000811200 0.000869600 0.000858900 0.001065900 0.000811300 0.000810600 0.000810000 0.000810400 0.000810700 
[5] 0.000869300 0.000853200 0.000811600 0.000810100 0.000811000 0.001160700 0.000994600 0.000912700 0.000813300 0.000811000 
[6] 0.000813000 0.000812400 0.000813300 0.000809600 0.000915000 0.000811300 0.000842700 0.000897400 0.000882000 0.000811500 
[7] 0.000808400 0.000914200 0.000818400 0.000813000 0.000809800 0.000810900 0.000809200 0.000811200 0.000914900 0.000981500 
[8] 0.000809800 0.000811300 0.000809500 0.000811100 0.000972700 0.000927900 0.000811400 0.000812600 0.000810200 0.000811800 
[9] 0.000905200 0.001012000 0.000869200 0.000813400 0.000809300 0.000810800 0.000841100 0.000809000 0.000810900 0.000909400 
[AVERAGE] 0.000852773 s
[STANDARD DEVIATION] 0.000072178 s

FEN: rnbqkb1r/pp1p1ppp/4pn2/2p5/2PP4/4PN2/PP3PPP/RNBQKB1R b KQkq - 0 4
        [0]         [1]         [2]         [3]         [4]         [5]         [6]         [7]         [8]         [9]
[0] 0.000486800 0.000481800 0.000476700 0.000643200 0.000490900 0.000630000 0.000477300 0.000474400 0.000475300 0.000565300 
[1] 0.000488700 0.000473500 0.000476200 0.000512000 0.000474100 0.000476800 0.000473500 0.000473500 0.000475900 0.000474000 
[2] 0.000473600 0.000551900 0.000517200 0.000560200 0.000519900 0.000577500 0.000476200 0.000474200 0.000473500 0.000476600 
[3] 0.000474200 0.000474200 0.000476900 0.000680600 0.000475000 0.000478400 0.000474400 0.000474100 0.000475800 0.000474200 
[4] 0.000473800 0.000476500 0.000473600 0.000571800 0.000489300 0.000646300 0.000475500 0.000473300 0.000474400 0.000476500 
[5] 0.000474000 0.000473500 0.000475900 0.000474300 0.000473400 0.000476200 0.000474200 0.000577100 0.000476400 0.000473900 
[6] 0.000476000 0.000474500 0.000474000 0.000537300 0.000500400 0.000631800 0.000476000 0.000474700 0.000549900 0.000502700 
[7] 0.000474000 0.000474100 0.000475600 0.000473500 0.000474000 0.000475800 0.000474100 0.000473600 0.000476000 0.000473700 
[8] 0.000534500 0.000531400 0.000473800 0.000633100 0.000476300 0.000568200 0.000641500 0.000488400 0.000474200 0.000476400 
[9] 0.000474300 0.000473900 0.000580600 0.000474000 0.000474100 0.000475800 0.000474100 0.000473600 0.000476300 0.000474200 
[AVERAGE] 0.000499288 s
[STANDARD DEVIATION] 0.000048746 s

FEN: rnbqk2r/ppp2ppp/4pn2/3p4/1bPP4/2N2P2/PP2P1PP/R1BQKBNR w KQkq - 0 5
        [0]         [1]         [2]         [3]         [4]         [5]         [6]         [7]         [8]         [9]
[0] 0.000153400 0.000150100 0.000145200 0.000144500 0.000145500 0.000236600 0.000143200 0.000145200 0.000142600 0.000142200 
[1] 0.000144100 0.000142000 0.000186500 0.000206100 0.000156100 0.000157000 0.000274200 0.000155300 0.000142200 0.000141800 
[2] 0.000144000 0.000141600 0.000141600 0.000143700 0.000141700 0.000141500 0.000143800 0.000141800 0.000141900 0.000143800 
[3] 0.000141600 0.000141600 0.000143600 0.000141600 0.000141600 0.000143700 0.000141200 0.000141800 0.000143400 0.000141500 
[4] 0.000141600 0.000141800 0.000143700 0.000141500 0.000141500 0.000143600 0.000141500 0.000141700 0.000144000 0.000141900 
[5] 0.000142000 0.000158400 0.000201600 0.000169600 0.000143900 0.000141300 0.000141400 0.000143700 0.000141600 0.000141300 
[6] 0.000143700 0.000141500 0.000141400 0.000141500 0.000141600 0.000141800 0.000141700 0.000143900 0.000141700 0.000141800 
[7] 0.000143800 0.000141600 0.000141500 0.000143900 0.000141800 0.000141600 0.000143900 0.000141900 0.000280900 0.000150600 
[8] 0.000145800 0.000146100 0.000192000 0.000247500 0.000142000 0.000144300 0.000141400 0.000141800 0.000143800 0.000141500 
[9] 0.000202200 0.000199900 0.000144000 0.000141800 0.000141500 0.000143600 0.000141200 0.000141800 0.000143400 0.000141400 
[AVERAGE] 0.000151675 s
[STANDARD DEVIATION] 0.000026204 s

FEN: rnbqr1k1/pp1p1ppp/2p2n2/4p3/2P1P3/2P2PP1/P2P1K1P/R1BQ1BNR w - - 0 8
        [0]         [1]         [2]         [3]         [4]         [5]         [6]         [7]         [8]         [9]
[0] 0.000068700 0.000065300 0.000064200 0.000065800 0.000063400 0.000063600 0.000063500 0.000063400 0.000063300 0.000063300 
[1] 0.000065500 0.000063400 0.000063300 0.000063400 0.000063300 0.000063400 0.000066200 0.000063400 0.000063400 0.000063400 
[2] 0.000063400 0.000063500 0.000063500 0.000103100 0.000063500 0.000063500 0.000063500 0.000063500 0.000063500 0.000063500 
[3] 0.000065900 0.000063500 0.000063400 0.000063200 0.000063300 0.000063600 0.000063500 0.000065500 0.000063400 0.000063600 
[4] 0.000063300 0.000063500 0.000063400 0.000065500 0.000063500 0.000063500 0.000063500 0.000063400 0.000063800 0.000063600 
[5] 0.000065300 0.000063600 0.000063500 0.000063400 0.000063500 0.000063400 0.000063500 0.000065400 0.000063500 0.000063400 
[6] 0.000063900 0.000063500 0.000063300 0.000063600 0.000066100 0.000063500 0.000079500 0.000106100 0.000093900 0.000090000 
[7] 0.000065700 0.000063600 0.000063500 0.000063500 0.000063600 0.000063500 0.000063400 0.000065400 0.000063500 0.000063400 
[8] 0.000063400 0.000063400 0.000063300 0.000063400 0.000065500 0.000063500 0.000063300 0.000063500 0.000063300 0.000063300 
[9] 0.000063600 0.000065600 0.000063300 0.000063300 0.000063400 0.000063400 0.000063300 0.000063400 0.000080500 0.000109300 
[AVERAGE] 0.000065996 s
[STANDARD DEVIATION] 0.000008439 s

FEN: r1bq1rk1/1p2bppp/p1n1pn2/8/P1BP4/2N1BN2/1P3PPP/R2Q1RK1 w - - 3 11
        [0]         [1]         [2]         [3]         [4]         [5]         [6]         [7]         [8]         [9]
[0] 0.000153200 0.000133800 0.000133800 0.000144800 0.000257500 0.000154900 0.000131000 0.000128000 0.000128000 0.000127300 
[1] 0.000129600 0.000127500 0.000127600 0.000127200 0.000129500 0.000127200 0.000127200 0.000127300 0.000129000 0.000127100 
[2] 0.000127300 0.000127200 0.000129400 0.000127200 0.000127000 0.000155900 0.000189500 0.000140500 0.000127100 0.000127000 
[3] 0.000129300 0.000127200 0.000127000 0.000127000 0.000129200 0.000126900 0.000127100 0.000126900 0.000129100 0.000127100 
[4] 0.000127200 0.000128700 0.000127000 0.000127000 0.000127000 0.000129200 0.000127000 0.000127000 0.000127100 0.000129200 
[5] 0.000127000 0.000127400 0.000127300 0.000129200 0.000127200 0.000127100 0.000126900 0.000128900 0.000126900 0.000127000 
[6] 0.000126900 0.000129100 0.000126800 0.000127200 0.000127100 0.000129000 0.000127000 0.000127200 0.000127000 0.000129000 
[7] 0.000143100 0.000185700 0.000271000 0.000197200 0.000128600 0.000128100 0.000130800 0.000212900 0.000212800 0.000127600 
[8] 0.000129800 0.000127700 0.000127400 0.000127400 0.000129800 0.000127400 0.000127200 0.000127200 0.000129200 0.000126900 
[9] 0.000127000 0.000126900 0.000129100 0.000127300 0.000127300 0.000127000 0.000129100 0.000127100 0.000126900 0.000126800 
[AVERAGE] 0.000135463 s
[STANDARD DEVIATION] 0.000024681 s

FEN: rn1q1rk1/pbpp1ppp/8/3nP3/2BP4/5PP1/P6P/R1BQK1NR w KQ - 1 11
        [0]         [1]         [2]         [3]         [4]         [5]         [6]         [7]         [8]         [9]
[0] 0.000057100 0.000050900 0.000049400 0.000048900 0.000048700 0.000048500 0.000048300 0.000048300 0.000048200 0.000048300 
[1] 0.000067200 0.000119600 0.000051000 0.000049400 0.000049400 0.000049400 0.000049500 0.000049500 0.000049700 0.000049500 
[2] 0.000049600 0.000051800 0.000049500 0.000049400 0.000049600 0.000049600 0.000049700 0.000049500 0.000049400 0.000049400 
[3] 0.000065000 0.000066500 0.000051100 0.000066500 0.000076700 0.000049500 0.000077600 0.000049500 0.000049600 0.000049500 
[4] 0.000049600 0.000049400 0.000051600 0.000061700 0.000048100 0.000048300 0.000048100 0.000048200 0.000048300 0.000048200 
[5] 0.000048200 0.000048000 0.000050500 0.000048400 0.000048000 0.000048200 0.000048200 0.000048200 0.000048100 0.000048400 
[6] 0.000048300 0.000048300 0.000048300 0.000050300 0.000048100 0.000048300 0.000048200 0.000048200 0.000048100 0.000048100 
[7] 0.000048300 0.000048400 0.000048100 0.000048300 0.000050400 0.000048200 0.000048200 0.000048100 0.000048400 0.000048300 
[8] 0.000048200 0.000048200 0.000048000 0.000048200 0.000048300 0.000050200 0.000048200 0.000048300 0.000048400 0.000048200 
[9] 0.000048100 0.000048200 0.000048200 0.000048400 0.000048300 0.000050300 0.000048300 0.000048200 0.000048200 0.000048100 
[AVERAGE] 0.000051029 s
[STANDARD DEVIATION] 0.000008752 s

FEN: r2qk2r/1p1n1ppp/p1pbbn2/3p2B1/3P4/2NBPN1P/PP3PP1/R2QK2R w KQkq - 0 10
        [0]         [1]         [2]         [3]         [4]         [5]         [6]         [7]         [8]         [9]
[0] 0.000177400 0.000172000 0.000167900 0.000166100 0.000167700 0.000241500 0.000164900 0.000164600 0.000166200 0.000249200 
[1] 0.000250400 0.000166100 0.000223800 0.000222200 0.000165900 0.000163800 0.000163300 0.000165200 0.000163300 0.000163000 
[2] 0.000165300 0.000163200 0.000163200 0.000165300 0.000163100 0.000163300 0.000165700 0.000163400 0.000163900 0.000166900 
[3] 0.000163800 0.000163400 0.000165600 0.000163000 0.000163000 0.000165400 0.000163300 0.000163300 0.000165400 0.000163100 
[4] 0.000162900 0.000165300 0.000163400 0.000162900 0.000165000 0.000163100 0.000163300 0.000221500 0.000221000 0.000162700 
[5] 0.000163300 0.000165100 0.000162900 0.000163000 0.000165200 0.000162900 0.000163100 0.000164800 0.000163400 0.000162900 
[6] 0.000165300 0.000163100 0.000162800 0.000354700 0.000168300 0.000166000 0.000254200 0.000249600 0.000164200 0.000166600 
[7] 0.000164100 0.000163600 0.000163300 0.000165500 0.000163000 0.000163100 0.000165800 0.000163300 0.000162900 0.000179700 
[8] 0.000251000 0.000177900 0.000165300 0.000162900 0.000163300 0.000165300 0.000162900 0.000163000 0.000164900 0.000162900 
[9] 0.000163100 0.000164800 0.000163200 0.000163200 0.000163100 0.000165500 0.000162900 0.000163200 0.000165000 0.000162900 
[AVERAGE] 0.000174002 s
[STANDARD DEVIATION] 0.000029066 s

FEN: r1bq1rk1/pp2bppp/2n1pn2/2pp4/P3PB2/3P1NP1/1PP2PBP/RN1Q1RK1 b - - 2 8
        [0]         [1]         [2]         [3]         [4]         [5]         [6]         [7]         [8]         [9]
[0] 0.000799100 0.000787500 0.000788300 0.000889500 0.000889100 0.000956900 0.000783800 0.000787200 0.000786600 0.000784300 
[1] 0.000902700 0.000786000 0.000784300 0.000786500 0.000785800 0.000784500 0.000939300 0.000953300 0.000790900 0.000920600 
[2] 0.000787100 0.000784900 0.000800200 0.000787500 0.000872300 0.000786000 0.000786900 0.000784400 0.000821500 0.000953600 
[3] 0.000785500 0.000873500 0.000782900 0.000785600 0.000791000 0.000783500 0.000785400 0.000784800 0.000843600 0.000799900 
[4] 0.000951500 0.000976600 0.000786300 0.000784100 0.000785100 0.000859500 0.000787400 0.000787700 0.000785500 0.000783600 
[5] 0.000784900 0.000830600 0.000848700 0.001003600 0.000783600 0.000785900 0.000785200 0.000783100 0.000796300 0.000784900 
[6] 0.000871500 0.000785600 0.000783400 0.000785600 0.000929100 0.000874400 0.000873500 0.000859600 0.000783100 0.000784800 
[7] 0.000787500 0.000786400 0.000785600 0.000784200 0.000873200 0.000785500 0.000824700 0.000787700 0.000955300 0.000783800 
[8] 0.000872700 0.000858700 0.000789100 0.000787700 0.000783500 0.000785200 0.000784500 0.000783700 0.000816000 0.000976500 
[9] 0.000954500 0.000786400 0.000824100 0.000787400 0.000785700 0.000840700 0.000814300 0.000785300 0.000783700 0.000786500 
[AVERAGE] 0.000822111 s
[STANDARD DEVIATION] 0.000058692 s

FEN: r1bqr1k1/ppp2ppp/2n5/2bnp3/8/2NP1NP1/PP2PPBP/R1BQ1RK1 w - - 1 9
        [0]         [1]         [2]         [3]         [4]         [5]         [6]         [7]         [8]         [9]
[0] 0.000172200 0.000168500 0.000164000 0.000163300 0.000164800 0.000162000 0.000197600 0.000164000 0.000161500 0.000160900 
[1] 0.000162900 0.000290500 0.000176900 0.000160800 0.000191900 0.000218800 0.000160600 0.000160600 0.000162600 0.000160200 
[2] 0.000160500 0.000162600 0.000160200 0.000162100 0.000160200 0.000160200 0.000162300 0.000160200 0.000160400 0.000162400 
[3] 0.000160300 0.000160500 0.000162300 0.000160400 0.000162300 0.000163100 0.000160600 0.000163100 0.000160000 0.000159900 
[4] 0.000162500 0.000160100 0.000160000 0.000162200 0.000159900 0.000159800 0.000162400 0.000160200 0.000162200 0.000188700 
[5] 0.000192900 0.000175900 0.000160400 0.000160100 0.000162200 0.000160300 0.000160400 0.000162300 0.000160200 0.000161700 
[6] 0.000160300 0.000160300 0.000162100 0.000160100 0.000160400 0.000162500 0.000350600 0.000179000 0.000165800 0.000232900 
[7] 0.000260200 0.000163800 0.000161200 0.000164500 0.000257500 0.000160600 0.000163100 0.000160700 0.000160600 0.000162300 
[8] 0.000160300 0.000160200 0.000191500 0.000192900 0.000175500 0.000160300 0.000160200 0.000162700 0.000160200 0.000160300 
[9] 0.000162400 0.000160100 0.000160300 0.000162500 0.000164700 0.000163300 0.000160300 0.000160400 0.000162200 0.000160300 
[AVERAGE] 0.000170517 s
[STANDARD DEVIATION] 0.000028057 s

FEN: rnbqk2r/ppp2pp1/5n1p/3p4/1b1P3B/2N2N2/PP2PPPP/R2QKB1R b KQkq - 1 7
        [0]         [1]         [2]         [3]         [4]         [5]         [6]         [7]         [8]         [9]
[0] 0.000847500 0.000841400 0.000837800 0.000912200 0.000879100 0.000993700 0.000837800 0.000836600 0.000837300 0.000835600 
[1] 0.001035600 0.000837900 0.000838500 0.000836500 0.000838900 0.000835800 0.001030400 0.000920200 0.000837800 0.000834900 
[2] 0.000837800 0.000839800 0.000841700 0.000908600 0.000837200 0.000835800 0.000837600 0.000891500 0.000997900 0.000835200 
[3] 0.000911600 0.000835400 0.000842400 0.000854200 0.000834900 0.000837000 0.000834200 0.000911300 0.001137200 0.001108600 
[4] 0.000837300 0.000839700 0.000835700 0.000922600 0.000836200 0.000838700 0.000836900 0.000837600 0.000834000 0.000928900 
[5] 0.001027800 0.000927800 0.000851600 0.000836300 0.000838100 0.000835800 0.000894900 0.000952700 0.000837100 0.000835300 
[6] 0.000994100 0.000900400 0.001075100 0.000956300 0.000848200 0.000835500 0.000837600 0.000835800 0.000837900 0.000834500 
[7] 0.000939600 0.000835400 0.000916400 0.000996800 0.000874200 0.000835000 0.000939500 0.000835200 0.000837700 0.000834500 
[8] 0.000836600 0.000834700 0.000837400 0.001073400 0.000928600 0.000930900 0.000836400 0.000837900 0.000835500 0.000836900 
[9] 0.000951100 0.000837300 0.000835100 0.000837400 0.000834000 0.000885600 0.001085200 0.000890700 0.000835500 0.000837600 
[AVERAGE] 0.000880779 s
[STANDARD DEVIATION] 0.000071972 s

FEN: 2r5/1p2kp2/p3pn1P/6R1/6p1/2P3P1/2PR4/6K1 b - - 4 31
        [0]         [1]         [2]         [3]         [4]         [5]         [6]         [7]         [8]         [9]
[0] 0.000218900 0.000210400 0.000208800 0.000208400 0.000207700 0.000207100 0.000209300 0.000206900 0.000206700 0.000206400 
[1] 0.000206500 0.000206600 0.000206300 0.000206400 0.000267100 0.000250300 0.000206900 0.000206500 0.000206100 0.000206200 
[2] 0.000206800 0.000207100 0.000206300 0.000208700 0.000206500 0.000206800 0.000334300 0.000210500 0.000209600 0.000209300 
[3] 0.000366600 0.000223000 0.000210400 0.000206400 0.000228500 0.000222900 0.000209600 0.000209100 0.000209400 0.000209400 
[4] 0.000271100 0.000250400 0.000207000 0.000206800 0.000206500 0.000206200 0.000206300 0.000205700 0.000205700 0.000208400 
[5] 0.000206300 0.000206400 0.000206800 0.000206300 0.000206800 0.000206400 0.000206200 0.000206300 0.000208400 0.000206200 
[6] 0.000206400 0.000206400 0.000205900 0.000206100 0.000206300 0.000205800 0.000208700 0.000206300 0.000266000 0.000261400 
[7] 0.000206200 0.000205900 0.000249300 0.000209200 0.000208600 0.000266800 0.000295000 0.000206800 0.000206100 0.000206200 
[8] 0.000205800 0.000242400 0.000209400 0.000208900 0.000209700 0.000206300 0.000206500 0.000206500 0.000206500 0.000206600 
[9] 0.000206100 0.000206000 0.000208100 0.000206900 0.000221600 0.000293800 0.000206300 0.000205900 0.000206300 0.000206500 
[AVERAGE] 0.000217164 s
[STANDARD DEVIATION] 0.000026951 s

FEN: 1r4k1/p5p1/5p1p/q2p4/2rPn3/b1PQRN1P/P1RB1PP1/6K1 w - - 1 2
        [0]         [1]         [2]         [3]         [4]         [5]         [6]         [7]         [8]         [9]
[0] 0.000151200 0.000142400 0.000139800 0.000138200 0.000140100 0.000137500 0.000137100 0.000138300 0.000136500 0.000136100 
[1] 0.000136100 0.000138200 0.000135700 0.000135600 0.000137900 0.000135800 0.000135500 0.000139300 0.000222600 0.000135500 
[2] 0.000135600 0.000137300 0.000135800 0.000135500 0.000137700 0.000135300 0.000135300 0.000135400 0.000356600 0.000202300 
[3] 0.000160500 0.000279900 0.000170900 0.000139400 0.000141400 0.000137100 0.000136500 0.000136900 0.000138700 0.000150900 
[4] 0.000208200 0.000138700 0.000136000 0.000135600 0.000135900 0.000138200 0.000135900 0.000135600 0.000137600 0.000135700 
[5] 0.000135800 0.000135600 0.000137600 0.000135700 0.000135500 0.000137200 0.000135400 0.000135300 0.000137500 0.000135600 
[6] 0.000135400 0.000135400 0.000137400 0.000135500 0.000135300 0.000137400 0.000135400 0.000135600 0.000135400 0.000137300 
[7] 0.000135300 0.000135300 0.000182900 0.000164400 0.000135600 0.000135600 0.000137600 0.000135600 0.000135500 0.000137400 
[8] 0.000135200 0.000135800 0.000135500 0.000137700 0.000135300 0.000136800 0.000138700 0.000136400 0.000136000 0.000137800 
[9] 0.000136000 0.000136000 0.000135600 0.000137300 0.000210600 0.000135800 0.000137600 0.000135800 0.000195100 0.000139100 
[AVERAGE] 0.000145464 s
[STANDARD DEVIATION] 0.000030346 s

FEN: 5rk1/rNR2ppp/P3p3/3p4/2p5/2n1P3/R4PPP/6K1 w - - 0 1
        [0]         [1]         [2]         [3]         [4]         [5]         [6]         [7]         [8]         [9]
[0] 0.000091800 0.000076000 0.000096600 0.000041900 0.000053500 0.000040100 0.000040000 0.000039700 0.000039700 0.000039700 
[1] 0.000039600 0.000039600 0.000039800 0.000039600 0.000039700 0.000041900 0.000039700 0.000039600 0.000039600 0.000039700 
[2] 0.000039700 0.000039700 0.000039700 0.000039600 0.000039700 0.000039600 0.000039700 0.000039800 0.000039800 0.000041700 
[3] 0.000039600 0.000039600 0.000039700 0.000039500 0.000039500 0.000039500 0.000039500 0.000039700 0.000039600 0.000098300 
[4] 0.000090200 0.000041300 0.000069900 0.000056900 0.000039600 0.000039700 0.000039500 0.000039700 0.000039600 0.000039600 
[5] 0.000039600 0.000039500 0.000039600 0.000039700 0.000039600 0.000039500 0.000039700 0.000041800 0.000039700 0.000039600 
[6] 0.000039500 0.000039600 0.000039600 0.000039600 0.000039500 0.000039600 0.000039600 0.000039700 0.000039600 0.000039700 
[7] 0.000039500 0.000041700 0.000039600 0.000039600 0.000039800 0.000039600 0.000039500 0.000039700 0.000039600 0.000039600 
[8] 0.000039700 0.000039600 0.000039600 0.000039700 0.000039600 0.000041700 0.000039600 0.000039400 0.000039600 0.000039600 
[9] 0.000039700 0.000039600 0.000039700 0.000039600 0.000039700 0.000039700 0.000039500 0.000039500 0.000039700 0.000041700 
[AVERAGE] 0.000042963 s
[STANDARD DEVIATION] 0.000011671 s

FEN: r1bk2r1/ppp1n2p/3q3Q/1B2Np2/4n3/2P5/PP3PPP/RN3RK1 b - - 2 16
        [0]         [1]         [2]         [3]         [4]         [5]         [6]         [7]         [8]         [9]
[0] 0.001121500 0.001111400 0.001156100 0.001155300 0.001432900 0.001110600 0.001110200 0.001348600 0.001110600 0.001110800 
[1] 0.001113400 0.001109400 0.001286000 0.001320600 0.001108900 0.001173900 0.001110900 0.001231700 0.001110800 0.001111100 
[2] 0.001112900 0.001455800 0.001247800 0.001113300 0.001114800 0.001111800 0.001114200 0.001142200 0.001167800 0.001153800 
[3] 0.001300400 0.001110500 0.001205500 0.001135300 0.001112600 0.001111400 0.001111200 0.001112200 0.001660200 0.001833100 
[4] 0.001986000 0.001409000 0.001203800 0.001238200 0.001109700 0.001342100 0.001246600 0.001149400 0.001113100 0.001108700 
[5] 0.001113500 0.001211900 0.001109100 0.001302100 0.001317300 0.001125200 0.001233100 0.001110200 0.001110900 0.001111900 
[6] 0.001111100 0.001269000 0.001410800 0.001143600 0.001114000 0.001201300 0.001184800 0.001110600 0.001109700 0.001112400 
[7] 0.001342600 0.001193600 0.001182600 0.001111500 0.001110800 0.001113200 0.001211500 0.001110800 0.001114600 0.001339700 
[8] 0.001170700 0.001226000 0.001198700 0.001112700 0.001108400 0.001111800 0.001216000 0.001262800 0.001270800 0.001187300 
[9] 0.001139100 0.001235300 0.001110700 0.001112700 0.001109900 0.001171000 0.001374900 0.001109900 0.001205700 0.001112400 
[AVERAGE] 0.001196683 s
[STANDARD DEVIATION] 0.000142759 s

FEN: r2qkb1r/pp2nppp/3p4/2pNN1B1/2BnP3/3P4/PPP2PPP/R2bK2R w KQkq - 1 0
        [0]         [1]         [2]         [3]         [4]         [5]         [6]         [7]         [8]         [9]
[0] 0.000174500 0.000153700 0.000119600 0.000120700 0.000117100 0.000116800 0.000116100 0.000115500 0.000146700 0.000146900 
[1] 0.000173400 0.000114900 0.000115100 0.000117300 0.000114600 0.000114400 0.000114400 0.000114500 0.000116700 0.000114500 
[2] 0.000114200 0.000114200 0.000114700 0.000116500 0.000114400 0.000114100 0.000114300 0.000114400 0.000116500 0.000114300 
[3] 0.000114100 0.000114300 0.000114100 0.000116100 0.000114100 0.000114200 0.000114000 0.000116500 0.000114300 0.000114300 
[4] 0.000114400 0.000114300 0.000132700 0.000301800 0.000121900 0.000117100 0.000201800 0.000201500 0.000115700 0.000178000 
[5] 0.000144300 0.000115000 0.000114900 0.000114300 0.000176900 0.000159600 0.000127900 0.000114500 0.000114800 0.000116700 
[6] 0.000114300 0.000114300 0.000114600 0.000114500 0.000203200 0.000114700 0.000114300 0.000114100 0.000113600 0.000116000 
[7] 0.000114000 0.000113700 0.000114200 0.000114100 0.000116000 0.000113900 0.000114400 0.000113900 0.000114100 0.000116100 
[8] 0.000114200 0.000144900 0.000143000 0.000116100 0.000113800 0.000114000 0.000113900 0.000113900 0.000116100 0.000113900 
[9] 0.000114000 0.000113900 0.000113900 0.000116000 0.000113600 0.000114100 0.000113700 0.000113800 0.000115900 0.000113700 
[AVERAGE] 0.000124535 s
[STANDARD DEVIATION] 0.000026844 s

FEN: 1rb4r/pkPp3p/1b1P3n/1Q6/N3Pp2/8/P1P3PP/7K w - - 1 0
        [0]         [1]         [2]         [3]         [4]         [5]         [6]         [7]         [8]         [9]
[0] 0.000032100 0.000027500 0.000025800 0.000025000 0.000024600 0.000024500 0.000024500 0.000024500 0.000024500 0.000024400 
[1] 0.000024400 0.000024400 0.000024500 0.000052700 0.000040300 0.000039000 0.000038600 0.000025000 0.000040100 0.000040700 
[2] 0.000025000 0.000037200 0.000024300 0.000024500 0.000024500 0.000024400 0.000024500 0.000024400 0.000024400 0.000024400 
[3] 0.000024500 0.000024500 0.000024500 0.000024400 0.000024500 0.000024400 0.000024400 0.000024300 0.000024400 0.000024500 
[4] 0.000024500 0.000024500 0.000024400 0.000026600 0.000024400 0.000024400 0.000024400 0.000024300 0.000024400 0.000024600 
[5] 0.000024500 0.000024600 0.000024500 0.000024500 0.000024500 0.000024500 0.000024400 0.000024400 0.000024500 0.000024500 
[6] 0.000024500 0.000024400 0.000024600 0.000024500 0.000024400 0.000024500 0.000024400 0.000024500 0.000026600 0.000024500 
[7] 0.000024500 0.000024500 0.000024500 0.000024500 0.000024400 0.000024300 0.000024500 0.000024400 0.000024500 0.000024500 
[8] 0.000024500 0.000024500 0.000024400 0.000024400 0.000024500 0.000024400 0.000024400 0.000024400 0.000024500 0.000024500 
[9] 0.000024500 0.000091300 0.000064500 0.000024500 0.000024400 0.000024400 0.000024500 0.000024400 0.000024500 0.000024400 
[AVERAGE] 0.000026879 s
[STANDARD DEVIATION] 0.000008773 s

FEN: 4kb1r/p2n1ppp/4q3/4p1B1/4P3/1Q6/PPP2PPP/2KR4 w k - 1 0
        [0]         [1]         [2]         [3]         [4]         [5]         [6]         [7]         [8]         [9]
[0] 0.000018100 0.000014400 0.000013300 0.000012800 0.000012500 0.000012400 0.000012400 0.000012400 0.000012300 0.000012300 
[1] 0.000012300 0.000012200 0.000012300 0.000012200 0.000012300 0.000012400 0.000012200 0.000012300 0.000012200 0.000012400 
[2] 0.000012300 0.000012300 0.000012200 0.000012300 0.000012300 0.000012300 0.000012300 0.000012300 0.000012200 0.000012300 
[3] 0.000012200 0.000012300 0.000012300 0.000012300 0.000012200 0.000027200 0.000012500 0.000039700 0.000025800 0.000040900 
[4] 0.000013000 0.000012900 0.000012900 0.000030900 0.000025700 0.000025800 0.000012700 0.000012500 0.000025200 0.000012200 
[5] 0.000012300 0.000012100 0.000012200 0.000012200 0.000012200 0.000012200 0.000012300 0.000012300 0.000012300 0.000012300 
[6] 0.000012300 0.000012300 0.000012300 0.000012200 0.000012300 0.000012200 0.000012300 0.000012300 0.000012400 0.000012200 
[7] 0.000012300 0.000012300 0.000012300 0.000012300 0.000012200 0.000012200 0.000012300 0.000012200 0.000012200 0.000012300 
[8] 0.000012200 0.000012200 0.000012300 0.000012200 0.000012300 0.000012200 0.000012300 0.000012300 0.000012300 0.000012300 
[9] 0.000012200 0.000012200 0.000012200 0.000012300 0.000012200 0.000012200 0.000012300 0.000012300 0.000012300 0.000012300 
[AVERAGE] 0.000013826 s
[STANDARD DEVIATION] 0.000005153 s

FEN: r1b2k1r/ppp1bppp/8/1B1Q4/5q2/2P5/PPP2PPP/R3R1K1 w - - 1 0
        [0]         [1]         [2]         [3]         [4]         [5]         [6]         [7]         [8]         [9]
[0] 0.000130500 0.000122600 0.000120600 0.000119300 0.000118500 0.000120000 0.000117400 0.000116900 0.000116700 0.000118800 
[1] 0.000116600 0.000116600 0.000116600 0.000116500 0.000119000 0.000193300 0.000184400 0.000148200 0.000122900 0.000119800 
[2] 0.000119500 0.000119600 0.000167700 0.000125000 0.000120300 0.000121600 0.000129500 0.000119300 0.000116400 0.000116500 
[3] 0.000200900 0.000145800 0.000120000 0.000116700 0.000116500 0.000116500 0.000118600 0.000116400 0.000116500 0.000116700 
[4] 0.000116100 0.000118400 0.000116000 0.000116300 0.000116400 0.000118300 0.000116600 0.000116300 0.000116600 0.000116300 
[5] 0.000118500 0.000116100 0.000116200 0.000116300 0.000118000 0.000116400 0.000116400 0.000116400 0.000116100 0.000118200 
[6] 0.000116500 0.000116300 0.000116300 0.000196000 0.000172600 0.000116400 0.000116500 0.000116500 0.000118400 0.000116100 
[7] 0.000116300 0.000201300 0.000179000 0.000142600 0.000119300 0.000118900 0.000119100 0.000121000 0.000119100 0.000119100 
[8] 0.000119100 0.000122600 0.000119100 0.000119100 0.000119100 0.000119100 0.000121500 0.000118900 0.000119200 0.000119400 
[9] 0.000121100 0.000119500 0.000119000 0.000119500 0.000119400 0.000189000 0.000119100 0.000119400 0.000119300 0.000121700 
[AVERAGE] 0.000125525 s
[STANDARD DEVIATION] 0.000020355 s

FEN: 5rkr/pp2Rp2/1b1p1Pb1/3P2Q1/2n3P1/2p5/P4P2/4R1K1 w - - 1 0
        [0]         [1]         [2]         [3]         [4]         [5]         [6]         [7]         [8]         [9]
[0] 0.000020800 0.000017400 0.000016300 0.000015700 0.000015400 0.000015300 0.000015200 0.000015200 0.000015200 0.000015200 
[1] 0.000015200 0.000015200 0.000015300 0.000015200 0.000015200 0.000015200 0.000015300 0.000015200 0.000015100 0.000015200 
[2] 0.000015200 0.000015400 0.000015200 0.000015300 0.000015200 0.000015200 0.000015300 0.000015200 0.000015200 0.000015100 
[3] 0.000015300 0.000015200 0.000015200 0.000015300 0.000015200 0.000015300 0.000015300 0.000015200 0.000015200 0.000015300 
[4] 0.000015200 0.000015300 0.000015300 0.000015200 0.000015300 0.000015200 0.000015200 0.000015300 0.000015200 0.000015200 
[5] 0.000015200 0.000015300 0.000015200 0.000015200 0.000015200 0.000015200 0.000015200 0.000015300 0.000015200 0.000015200 
[6] 0.000015300 0.000015300 0.000015200 0.000015200 0.000015200 0.000015200 0.000015200 0.000015300 0.000030200 0.000028600 
[7] 0.000015200 0.000015200 0.000015300 0.000015200 0.000015200 0.000043600 0.000015600 0.000015500 0.000028300 0.000015200 
[8] 0.000015300 0.000015100 0.000015200 0.000015200 0.000015300 0.000016500 0.000044400 0.000015200 0.000016400 0.000015200 
[9] 0.000015200 0.000015200 0.000015300 0.000015200 0.000015200 0.000015200 0.000015300 0.000015200 0.000015200 0.000015200 
[AVERAGE] 0.000016342 s
[STANDARD DEVIATION] 0.000004633 s

FEN: rnbqk2r/p4p2/2pbpn1p/1p4p1/2pPP3/2N2NB1/PP2BPPP/R2QK2R w KQkq - 2 10
        [0]         [1]         [2]         [3]         [4]         [5]         [6]         [7]         [8]         [9]
[0] 0.000105000 0.000101600 0.000096800 0.000095300 0.000094500 0.000094300 0.000093900 0.000096300 0.000093600 0.000093300 
[1] 0.000093600 0.000093400 0.000095500 0.000093200 0.000093500 0.000093300 0.000093500 0.000095400 0.000093200 0.000093300 
[2] 0.000093400 0.000093700 0.000095600 0.000093900 0.000094000 0.000093800 0.000093700 0.000093400 0.000095900 0.000093600 
[3] 0.000093600 0.000093700 0.000093300 0.000095500 0.000093500 0.000093500 0.000093500 0.000093700 0.000095700 0.000093700 
[4] 0.000124800 0.000093900 0.000094000 0.000095800 0.000093600 0.000093700 0.000093700 0.000093500 0.000164600 0.000152600 
[5] 0.000093800 0.000104800 0.000106000 0.000135700 0.000124400 0.000105000 0.000091300 0.000091500 0.000091400 0.000093600 
[6] 0.000091200 0.000091300 0.000091000 0.000091300 0.000093300 0.000091300 0.000091400 0.000091200 0.000091500 0.000091300 
[7] 0.000093400 0.000091200 0.000091200 0.000091300 0.000091300 0.000093400 0.000091300 0.000091200 0.000091100 0.000091500 
[8] 0.000093200 0.000219800 0.000124900 0.000092800 0.000092200 0.000091900 0.000091500 0.000091300 0.000091000 0.000091100 
[9] 0.000091300 0.000093100 0.000091000 0.000090900 0.000090800 0.000090900 0.000092800 0.000090800 0.000090800 0.000090800 
[AVERAGE] 0.000097455 s
[STANDARD DEVIATION] 0.000016878 s

FEN: r1bqk2r/ppp1nppp/2np4/2b1p1N1/2B1P3/3P4/PPP2PPP/RNBQK2R w KQkq - 2 6
        [0]         [1]         [2]         [3]         [4]         [5]         [6]         [7]         [8]         [9]
[0] 0.000145700 0.000226800 0.000135200 0.000133800 0.000133300 0.000134800 0.000131900 0.000131700 0.000191500 0.000175600 
[1] 0.000130900 0.000130900 0.000133100 0.000130900 0.000130600 0.000130700 0.000132400 0.000130500 0.000130400 0.000130200 
[2] 0.000132700 0.000130800 0.000130600 0.000130300 0.000132500 0.000130400 0.000168600 0.000173700 0.000133000 0.000130200 
[3] 0.000130500 0.000130400 0.000132300 0.000215100 0.000264700 0.000144300 0.000133000 0.000130500 0.000130300 0.000130400 
[4] 0.000132500 0.000130500 0.000130200 0.000130500 0.000132600 0.000130200 0.000130200 0.000132200 0.000130000 0.000159000 
[5] 0.000177400 0.000159600 0.000130400 0.000130400 0.000130100 0.000132600 0.000130300 0.000130300 0.000202900 0.000145700 
[6] 0.000130600 0.000130800 0.000130600 0.000132500 0.000130400 0.000130400 0.000130600 0.000132600 0.000130200 0.000130300 
[7] 0.000130200 0.000132800 0.000130300 0.000130300 0.000192700 0.000130500 0.000130400 0.000130400 0.000132200 0.000129900 
[8] 0.000130000 0.000130100 0.000132600 0.000130300 0.000130000 0.000130000 0.000132300 0.000130100 0.000130100 0.000130200 
[9] 0.000132600 0.000130400 0.000175000 0.000190500 0.000145200 0.000130100 0.000130000 0.000130000 0.000132300 0.000129800 
[AVERAGE] 0.000140031 s
[STANDARD DEVIATION] 0.000023237 s

FEN: 8/pK1p3p/7p/1P4N1/8/6k1/5r2/8 w - - 0 2
        [0]         [1]         [2]         [3]         [4]         [5]         [6]         [7]         [8]         [9]
[0] 0.000127500 0.000087000 0.000098900 0.000031100 0.000043900 0.000030600 0.000030700 0.000042600 0.000029900 0.000029800 
[1] 0.000029900 0.000044700 0.000057700 0.000058300 0.000062000 0.000072600 0.000043300 0.000042600 0.000029800 0.000029700 
[2] 0.000029900 0.000029800 0.000029800 0.000029800 0.000029700 0.000029800 0.000029800 0.000029800 0.000029600 0.000029900 
[3] 0.000029900 0.000029800 0.000029700 0.000029900 0.000029800 0.000029800 0.000029900 0.000029900 0.000029700 0.000032000 
[4] 0.000029700 0.000029700 0.000029700 0.000029700 0.000029800 0.000029800 0.000029800 0.000029800 0.000029900 0.000029900 
[5] 0.000029700 0.000029900 0.000029800 0.000029800 0.000029800 0.000029700 0.000029900 0.000029800 0.000029900 0.000029800 
[6] 0.000029900 0.000029700 0.000029800 0.000029800 0.000031800 0.000029900 0.000029800 0.000029800 0.000029700 0.000029700 
[7] 0.000029700 0.000029900 0.000029700 0.000029800 0.000029800 0.000029800 0.000029700 0.000029800 0.000029900 0.000029900 
[8] 0.000029800 0.000029700 0.000029700 0.000029800 0.000029900 0.000029800 0.000029800 0.000029800 0.000029800 0.000029900 
[9] 0.000032000 0.000029800 0.000029800 0.000029800 0.000029700 0.000029800 0.000029700 0.000029800 0.000029800 0.000029800 
[AVERAGE] 0.000034127 s
[STANDARD DEVIATION] 0.000014535 s

FEN: 8/1p4pk/p4b1p/4p3/1P2P1q1/P1R2NPn/7P/3Q1B1K b - - 0 2
        [0]         [1]         [2]         [3]         [4]         [5]         [6]         [7]         [8]         [9]
[0] 0.000528300 0.000521000 0.000715400 0.000516800 0.000516600 0.000605200 0.000516200 0.000515400 0.000518200 0.000515500 
[1] 0.000516200 0.000578500 0.000515100 0.000673500 0.000605800 0.000515600 0.000515500 0.000518200 0.000516200 0.000516300 
[2] 0.000562100 0.000531800 0.000515400 0.000559000 0.000801500 0.000536600 0.000640600 0.000581800 0.000591200 0.000516600 
[3] 0.000686800 0.000540500 0.000529400 0.000590000 0.000557500 0.000529600 0.000528800 0.000531200 0.000529000 0.000588200 
[4] 0.000530600 0.000529200 0.000560100 0.000531200 0.000586100 0.000529300 0.000530800 0.000560500 0.000656500 0.000532800 
[5] 0.000515800 0.000517200 0.000516900 0.000518000 0.000517000 0.000773300 0.000606300 0.000643000 0.000540500 0.000624600 
[6] 0.000553800 0.000539200 0.000539800 0.000599200 0.001084300 0.000920800 0.000649100 0.000540100 0.000538300 0.000536900 
[7] 0.000538500 0.000533300 0.000533800 0.000535700 0.000671200 0.000618700 0.000635600 0.000540200 0.000536500 0.000539900 
[8] 0.000542200 0.000530700 0.000667500 0.000542900 0.000792000 0.000533300 0.000533500 0.000533100 0.000531900 0.000530300 
[9] 0.000529800 0.000562600 0.000528500 0.000530200 0.000618100 0.000532000 0.000529000 0.000531900 0.000561400 0.000616400 
[AVERAGE] 0.000571690 s
[STANDARD DEVIATION] 0.000087046 s

FEN: 2r5/2P4R/p3kp1p/n3pNpP/4P1P1/8/3b1P2/6K1 w - - 0 2
        [0]         [1]         [2]         [3]         [4]         [5]         [6]         [7]         [8]         [9]
[0] 0.000052200 0.000035400 0.000034000 0.000036100 0.000033300 0.000045400 0.000032400 0.000032400 0.000032300 0.000032300 
[1] 0.000032300 0.000032300 0.000032400 0.000032300 0.000032300 0.000032400 0.000032500 0.000034500 0.000032300 0.000032400 
[2] 0.000032200 0.000032300 0.000032300 0.000032300 0.000032400 0.000032300 0.000032200 0.000032300 0.000032300 0.000032300 
[3] 0.000032400 0.000032400 0.000034500 0.000032300 0.000032300 0.000032400 0.000032300 0.000032100 0.000032300 0.000032300 
[4] 0.000032300 0.000032400 0.000032300 0.000032200 0.000032400 0.000032200 0.000032300 0.000034400 0.000032300 0.000032200 
[5] 0.000032400 0.000032400 0.000032400 0.000032200 0.000032400 0.000032300 0.000032200 0.000032400 0.000032400 0.000032400 
[6] 0.000032300 0.000034400 0.000032300 0.000032300 0.000032300 0.000032200 0.000032300 0.000032300 0.000032400 0.000032300 
[7] 0.000032400 0.000032500 0.000032300 0.000032300 0.000032400 0.000032400 0.000034400 0.000032400 0.000032300 0.000032200 
[8] 0.000032500 0.000047400 0.000077000 0.000045900 0.000033300 0.000048500 0.000046500 0.000045600 0.000032400 0.000032200 
[9] 0.000032300 0.000034600 0.000032300 0.000032200 0.000032400 0.000032300 0.000032300 0.000032300 0.000032400 0.000032300 
[AVERAGE] 0.000034056 s
[STANDARD DEVIATION] 0.000005804 s

FEN: r3k2r/5ppp/p2q2b1/1p2p3/5BP1/7P/PPP1QP2/R5K1 w kq - 0 2
        [0]         [1]         [2]         [3]         [4]         [5]         [6]         [7]         [8]         [9]
[0] 0.000103900 0.000096900 0.000096900 0.000093600 0.000093100 0.000092300 0.000092100 0.000092100 0.000094200 0.000120800 
[1] 0.000105500 0.000091900 0.000091700 0.000091800 0.000091700 0.000154800 0.000137600 0.000091700 0.000091600 0.000187500 
[2] 0.000092000 0.000094000 0.000091900 0.000091500 0.000091800 0.000091700 0.000091600 0.000091500 0.000093600 0.000091700 
[3] 0.000091300 0.000091300 0.000091600 0.000091500 0.000093600 0.000091700 0.000091500 0.000091800 0.000091500 0.000091700 
[4] 0.000093700 0.000247500 0.000154800 0.000118300 0.000091500 0.000091600 0.000091700 0.000091300 0.000094400 0.000106700 
[5] 0.000150200 0.000135200 0.000104000 0.000091900 0.000181300 0.000093900 0.000091400 0.000091700 0.000091500 0.000133900 
[6] 0.000203500 0.000107400 0.000104600 0.000094200 0.000094200 0.000093800 0.000094000 0.000095900 0.000094000 0.000093900 
[7] 0.000093900 0.000094000 0.000093800 0.000093800 0.000095800 0.000093600 0.000093600 0.000094000 0.000093700 0.000093900 
[8] 0.000096100 0.000094000 0.000093800 0.000093700 0.000093800 0.000093900 0.000093700 0.000095900 0.000094000 0.000093900 
[9] 0.000093900 0.000094000 0.000094000 0.000096000 0.000093800 0.000093900 0.000093900 0.000093800 0.000093800 0.000095900 
[AVERAGE] 0.000101984 s
[STANDARD DEVIATION] 0.000025220 s

FEN: 5bk1/pp3Qpn/3q4/4NpP1/2p2P2/7P/4K3/8 b - - 0 2
        [0]         [1]         [2]         [3]         [4]         [5]         [6]         [7]         [8]         [9]
[0] 0.000033300 0.000026800 0.000023900 0.000022400 0.000021300 0.000020900 0.000020700 0.000020600 0.000020500 0.000020500 
[1] 0.000020400 0.000020300 0.000020300 0.000020400 0.000020400 0.000020300 0.000020400 0.000020400 0.000020300 0.000020400 
[2] 0.000020400 0.000020200 0.000020400 0.000020300 0.000020200 0.000020400 0.000020300 0.000020200 0.000020300 0.000020500 
[3] 0.000020300 0.000020500 0.000020300 0.000020300 0.000020400 0.000020300 0.000050000 0.000020200 0.000020400 0.000020500 
[4] 0.000035600 0.000034200 0.000020800 0.000033300 0.000020300 0.000020300 0.000020300 0.000020200 0.000020300 0.000020400 
[5] 0.000020200 0.000020200 0.000020300 0.000020700 0.000020400 0.000020200 0.000020300 0.000020200 0.000020200 0.000020300 
[6] 0.000020300 0.000020400 0.000020200 0.000020300 0.000020400 0.000020100 0.000020200 0.000020300 0.000020300 0.000020300 
[7] 0.000020200 0.000020300 0.000020200 0.000020300 0.000020300 0.000038100 0.000062700 0.000020900 0.000020800 0.000048100 
[8] 0.000033600 0.000020200 0.000020200 0.000020400 0.000020200 0.000020300 0.000020200 0.000020300 0.000020200 0.000020200 
[9] 0.000020200 0.000020300 0.000020200 0.000020300 0.000020300 0.000020300 0.000020300 0.000020300 0.000020200 0.000020300 
[AVERAGE] 0.000022328 s
[STANDARD DEVIATION] 0.000006606 s

FEN: 3r1r1k/p4q1n/1p5p/2p1bp1n/P2p3N/8/1PPQ1B1P/1K1R2R1 w - - 0 2
        [0]         [1]         [2]         [3]         [4]         [5]         [6]         [7]         [8]         [9]
[0] 0.000171300 0.000162600 0.000163100 0.000158700 0.000157800 0.000157100 0.000245600 0.000199100 0.000224700 0.000159400 
[1] 0.000156600 0.000156600 0.000155900 0.000158000 0.000156200 0.000155900 0.000157800 0.000155800 0.000187500 0.000158100 
[2] 0.000155600 0.000212100 0.000225300 0.000168900 0.000195500 0.000198200 0.000167300 0.000152100 0.000152000 0.000151800 
[3] 0.000154300 0.000151600 0.000151600 0.000153300 0.000151700 0.000151700 0.000151600 0.000154000 0.000151700 0.000151700 
[4] 0.000153700 0.000152100 0.000151700 0.000152100 0.000153900 0.000151600 0.000151800 0.000153700 0.000151700 0.000151900 
[5] 0.000151800 0.000154300 0.000152100 0.000151700 0.000153600 0.000181600 0.000237700 0.000167300 0.000152100 0.000151600 
[6] 0.000152000 0.000211200 0.000196100 0.000151500 0.000153900 0.000151800 0.000151400 0.000151400 0.000153500 0.000238000 
[7] 0.000151600 0.000153800 0.000151500 0.000151100 0.000151100 0.000153400 0.000151700 0.000151400 0.000153300 0.000211200 
[8] 0.000151600 0.000151500 0.000211400 0.000363200 0.000165000 0.000154000 0.000151500 0.000151500 0.000151500 0.000153500 
[9] 0.000151700 0.000151800 0.000153700 0.000152000 0.000151900 0.000153400 0.000210000 0.000208600 0.000151700 0.000153700 
[AVERAGE] 0.000166119 s
[STANDARD DEVIATION] 0.000030307 s

FEN: r7/6kp/3pp1p1/8/4P3/5P2/5BPP/rR4K1 w - - 0 2
        [0]         [1]         [2]         [3]         [4]         [5]         [6]         [7]         [8]         [9]
[0] 0.000030600 0.000028400 0.000027100 0.000026900 0.000026700 0.000026700 0.000026600 0.000026800 0.000026600 0.000026600 
[1] 0.000026800 0.000026600 0.000026600 0.000026600 0.000026700 0.000026800 0.000026700 0.000026600 0.000028800 0.000026500 
[2] 0.000026600 0.000026800 0.000026700 0.000026500 0.000026700 0.000026600 0.000026700 0.000026700 0.000026600 0.000026700 
[3] 0.000026700 0.000026700 0.000026600 0.000026600 0.000026600 0.000026700 0.000026700 0.000026600 0.000026700 0.000029000 
[4] 0.000026600 0.000026700 0.000026600 0.000026700 0.000026700 0.000026800 0.000026600 0.000026600 0.000026700 0.000026700 
[5] 0.000026700 0.000026600 0.000026700 0.000026600 0.000026600 0.000026600 0.000026700 0.000026700 0.000026600 0.000026700 
[6] 0.000026600 0.000028800 0.000026600 0.000026600 0.000026800 0.000026600 0.000026800 0.000026800 0.000026700 0.000026800 
[7] 0.000026700 0.000026800 0.000026700 0.000026600 0.000026600 0.000026800 0.000026600 0.000026600 0.000026700 0.000026700 
[8] 0.000026800 0.000026600 0.000026600 0.000028700 0.000026600 0.000026800 0.000026700 0.000026800 0.000026800 0.000026700 
[9] 0.000026600 0.000026600 0.000026700 0.000026600 0.000026800 0.000041900 0.000110500 0.000057200 0.000028700 0.000041300 
[AVERAGE] 0.000028283 s
[STANDARD DEVIATION] 0.000009048 s

FEN: 2r1n1k1/1bq2pp1/p3p2p/8/1P1R1Q2/2N2P1P/1P3P2/1B4K1 b - - 0 2
        [0]         [1]         [2]         [3]         [4]         [5]         [6]         [7]         [8]         [9]
[0] 0.000644300 0.000630100 0.000689400 0.000750600 0.000628200 0.000734700 0.000766800 0.000627700 0.000630900 0.000628900 
[1] 0.000630100 0.000628700 0.000730400 0.000629900 0.000714200 0.000671400 0.000630000 0.000720600 0.000629900 0.000715100 
[2] 0.000699600 0.000712400 0.000627500 0.000630100 0.000628100 0.000740500 0.000744600 0.000683700 0.000634700 0.000738300 
[3] 0.000628700 0.000631100 0.000628100 0.000630500 0.000661300 0.000771100 0.000657400 0.000628000 0.000704600 0.000628300 
[4] 0.000628100 0.000629800 0.000637000 0.000628300 0.000631600 0.000660300 0.000629900 0.000701700 0.000659700 0.000781800 
[5] 0.000769100 0.000717600 0.000628500 0.000628400 0.000629900 0.000627000 0.000760500 0.000647800 0.000654500 0.000630200 
[6] 0.000667100 0.000628200 0.000630900 0.000661100 0.000674600 0.000964700 0.000627600 0.000629300 0.000627900 0.000627500 
[7] 0.000629700 0.000629900 0.000629600 0.000659200 0.000682800 0.000798200 0.000628100 0.000627300 0.000664400 0.000660600 
[8] 0.000827500 0.000655200 0.000701900 0.000630000 0.000627900 0.000628500 0.000635100 0.000628800 0.000629600 0.000626800 
[9] 0.000661600 0.000717200 0.000627600 0.000661000 0.000673300 0.000770700 0.000656600 0.000627900 0.000628600 0.000625800 
[AVERAGE] 0.000667125 s
[STANDARD DEVIATION] 0.000057062 s

FEN: 4rb2/5kp1/1p2p2p/5p2/1PP5/2Bq1NP1/5P1P/4R1K1 w - - 0 2
        [0]         [1]         [2]         [3]         [4]         [5]         [6]         [7]         [8]         [9]
[0] 0.000093100 0.000101800 0.000100200 0.000115900 0.000095600 0.000081800 0.000081500 0.000081400 0.000080800 0.000081000 
[1] 0.000083100 0.000081000 0.000080700 0.000080800 0.000080700 0.000120500 0.000237100 0.000124900 0.000082600 0.000081800 
[2] 0.000081300 0.000081000 0.000080800 0.000083200 0.000080600 0.000080600 0.000080500 0.000080600 0.000080800 0.000082500 
[3] 0.000080600 0.000080700 0.000080300 0.000080300 0.000080500 0.000080500 0.000082500 0.000080500 0.000080500 0.000080300 
[4] 0.000080200 0.000080400 0.000080400 0.000122900 0.000080500 0.000080500 0.000080300 0.000080300 0.000080600 0.000082600 
[5] 0.000080400 0.000080200 0.000080100 0.000080400 0.000080100 0.000082300 0.000079800 0.000080200 0.000080200 0.000080200 
[6] 0.000080300 0.000080400 0.000082600 0.000080500 0.000080200 0.000080500 0.000080000 0.000082600 0.000135400 0.000095400 
[7] 0.000112500 0.000094300 0.000080300 0.000112500 0.000080300 0.000099300 0.000123000 0.000082200 0.000082200 0.000094200 
[8] 0.000150800 0.000154200 0.000096100 0.000080600 0.000080100 0.000080200 0.000080400 0.000080400 0.000082400 0.000080300 
[9] 0.000080300 0.000080100 0.000080300 0.000080300 0.000082100 0.000080300 0.000079800 0.000080200 0.000080200 0.000080400 
[AVERAGE] 0.000088457 s
[STANDARD DEVIATION] 0.000021106 s

FEN: 6k1/5p2/6p1/8/7p/8/6PP/6K1 b - - 0 0
        [0]         [1]         [2]         [3]         [4]         [5]         [6]         [7]         [8]         [9]
[0] 0.000012500 0.000010700 0.000010400 0.000010400 0.000010300 0.000010200 0.000010300 0.000010300 0.000010200 0.000010300 
[1] 0.000010300 0.000010200 0.000010300 0.000010200 0.000010300 0.000010200 0.000010200 0.000010200 0.000010200 0.000010300 
[2] 0.000010200 0.000010100 0.000010200 0.000010300 0.000010200 0.000010300 0.000012500 0.000010300 0.000010200 0.000010300 
[3] 0.000010200 0.000010100 0.000010200 0.000010200 0.000010200 0.000010300 0.000010100 0.000010300 0.000010300 0.000010400 
[4] 0.000010100 0.000010300 0.000010200 0.000010200 0.000010200 0.000010200 0.000010200 0.000010300 0.000010200 0.000010200 
[5] 0.000010200 0.000010200 0.000010300 0.000010200 0.000010200 0.000010200 0.000010300 0.000010200 0.000010200 0.000010300 
[6] 0.000010300 0.000010300 0.000010100 0.000010300 0.000010300 0.000010300 0.000010200 0.000010400 0.000010300 0.000010200 
[7] 0.000010200 0.000010200 0.000010200 0.000010300 0.000010200 0.000010300 0.000010300 0.000010200 0.000010200 0.000010200 
[8] 0.000010200 0.000010300 0.000010200 0.000010100 0.000010300 0.000010300 0.000010200 0.000010200 0.000010300 0.000010200 
[9] 0.000010300 0.000010200 0.000010200 0.000010300 0.000010300 0.000010100 0.000010300 0.000010200 0.000010200 0.000010200 
[AVERAGE] 0.000010289 s
[STANDARD DEVIATION] 0.000000326 s

FEN: 3k4/2n2B2/1KP5/2B2p2/5b1p/7P/8/8 b - - 0 0
        [0]         [1]         [2]         [3]         [4]         [5]         [6]         [7]         [8]         [9]
[0] 0.000134300 0.000126400 0.000124500 0.000123700 0.000125300 0.000122600 0.000122300 0.000122100 0.000122100 0.000122400 
[1] 0.000122000 0.000124300 0.000124100 0.000122100 0.000150500 0.000153600 0.000135400 0.000122000 0.000121900 0.000121500 
[2] 0.000123900 0.000121700 0.000121900 0.000121900 0.000121700 0.000121700 0.000121100 0.000121500 0.000121400 0.000124000 
[3] 0.000121500 0.000154100 0.000121800 0.000121300 0.000121300 0.000121900 0.000121800 0.000123800 0.000121400 0.000121400 
[4] 0.000121500 0.000121400 0.000121700 0.000121200 0.000121600 0.000121300 0.000123400 0.000153700 0.000122200 0.000121400 
[5] 0.000121700 0.000121400 0.000121500 0.000121400 0.000123500 0.000121300 0.000207000 0.000207800 0.000121700 0.000121600 
[6] 0.000152400 0.000178100 0.000121600 0.000123800 0.000121400 0.000121700 0.000121500 0.000121500 0.000121600 0.000121600 
[7] 0.000121600 0.000123600 0.000121500 0.000121600 0.000121800 0.000121800 0.000121500 0.000121600 0.000121300 0.000123500 
[8] 0.000121400 0.000121400 0.000121600 0.000121200 0.000121400 0.000121100 0.000286100 0.000247400 0.000137700 0.000123600 
[9] 0.000122600 0.000122300 0.000122100 0.000121700 0.000121600 0.000125100 0.000121400 0.000121700 0.000121400 0.000121500 
[AVERAGE] 0.000129218 s
[STANDARD DEVIATION] 0.000024622 s

FEN: r7/4R2P/3p4/3k1K2/2p5/8/8/8 b - - 0 0
        [0]         [1]         [2]         [3]         [4]         [5]         [6]         [7]         [8]         [9]
[0] 0.000220200 0.000217400 0.000243400 0.000257700 0.000246400 0.000214800 0.000211500 0.000211500 0.000213700 0.000211700 
[1] 0.000211700 0.000211400 0.000213800 0.000258300 0.000211600 0.000213700 0.000211400 0.000211400 0.000369200 0.000227400 
[2] 0.000211700 0.000211600 0.000213500 0.000211700 0.000211500 0.000211400 0.000213700 0.000211700 0.000241500 0.000260000 
[3] 0.000211800 0.000211500 0.000211700 0.000213800 0.000211400 0.000213100 0.000213400 0.000212000 0.000211400 0.000211900 
[4] 0.000213700 0.000211300 0.000211600 0.000213200 0.000211600 0.000211500 0.000211600 0.000213600 0.000211400 0.000211400 
[5] 0.000267300 0.000211800 0.000211500 0.000211800 0.000213800 0.000241000 0.000287000 0.000213700 0.000288700 0.000289400 
[6] 0.000213200 0.000215700 0.000326500 0.000253100 0.000213700 0.000211900 0.000211700 0.000211500 0.000213900 0.000211600 
[7] 0.000211600 0.000213700 0.000211700 0.000211700 0.000211800 0.000214100 0.000211700 0.000211300 0.000213900 0.000211200 
[8] 0.000211700 0.000261500 0.000240900 0.000211400 0.000211400 0.000213700 0.000211500 0.000211300 0.000211300 0.000213200 
[9] 0.000211600 0.000211300 0.000213500 0.000211300 0.000214100 0.000254300 0.000213900 0.000211500 0.000211400 0.000213500 
[AVERAGE] 0.000222352 s
[STANDARD DEVIATION] 0.000025550 s

FEN: 8/8/5p2/1P1K1k2/8/2r5/8/7R w - - 0 0
        [0]         [1]         [2]         [3]         [4]         [5]         [6]         [7]         [8]         [9]
[0] 0.000019300 0.000018000 0.000017700 0.000017500 0.000017400 0.000017300 0.000017400 0.000017300 0.000017300 0.000017300 
[1] 0.000017400 0.000017300 0.000017200 0.000017300 0.000017200 0.000017300 0.000017200 0.000017200 0.000017300 0.000017400 
[2] 0.000017300 0.000017300 0.000017300 0.000017300 0.000017300 0.000017300 0.000017300 0.000017400 0.000017300 0.000017200 
[3] 0.000017300 0.000017300 0.000017300 0.000017300 0.000017300 0.000017300 0.000017300 0.000017300 0.000017200 0.000017300 
[4] 0.000017300 0.000017300 0.000017300 0.000017200 0.000017200 0.000017300 0.000017300 0.000019400 0.000017200 0.000017400 
[5] 0.000019500 0.000034200 0.000017400 0.000017300 0.000017300 0.000017300 0.000017300 0.000017400 0.000017200 0.000017300 
[6] 0.000017300 0.000017300 0.000017300 0.000017300 0.000017300 0.000017200 0.000017300 0.000017300 0.000017300 0.000017200 
[7] 0.000017300 0.000017300 0.000017300 0.000017300 0.000017300 0.000017300 0.000017300 0.000017300 0.000017300 0.000017300 
[8] 0.000017200 0.000017300 0.000017400 0.000017300 0.000017300 0.000017300 0.000017300 0.000017500 0.000017400 0.000017300 
[9] 0.000017300 0.000032400 0.000017800 0.000045700 0.000018200 0.000018200 0.000033300 0.000031800 0.000018300 0.000021000 
[AVERAGE] 0.000018354 s
[STANDARD DEVIATION] 0.000004131 s

FEN: 5n2/R7/4pk2/8/5PK1/8/8/8 b - - 0 0
        [0]         [1]         [2]         [3]         [4]         [5]         [6]         [7]         [8]         [9]
[0] 0.000052600 0.000019800 0.000018200 0.000029900 0.000016700 0.000016600 0.000016500 0.000016400 0.000016300 0.000016300 
[1] 0.000016300 0.000016200 0.000016400 0.000016300 0.000016300 0.000016300 0.000016400 0.000016300 0.000016300 0.000016400 
[2] 0.000016400 0.000016300 0.000016400 0.000016400 0.000016200 0.000016300 0.000016300 0.000016400 0.000016400 0.000016300 
[3] 0.000016200 0.000016500 0.000016200 0.000016300 0.000016400 0.000016400 0.000016300 0.000016300 0.000016400 0.000016300 
[4] 0.000016300 0.000016300 0.000016300 0.000016300 0.000016300 0.000016300 0.000016400 0.000016400 0.000016400 0.000016300 
[5] 0.000016400 0.000016300 0.000016400 0.000016300 0.000016300 0.000016300 0.000016300 0.000016300 0.000016300 0.000016400 
[6] 0.000016300 0.000016400 0.000016300 0.000016400 0.000016300 0.000016300 0.000016200 0.000016400 0.000016300 0.000016400 
[7] 0.000016400 0.000016400 0.000016300 0.000016300 0.000016200 0.000016300 0.000016300 0.000016300 0.000016300 0.000016300 
[8] 0.000016300 0.000016300 0.000016200 0.000016500 0.000016300 0.000016400 0.000016200 0.000016300 0.000016300 0.000016300 
[9] 0.000016400 0.000016300 0.000016400 0.000016300 0.000016300 0.000016300 0.000016400 0.000016300 0.000016300 0.000016200 
[AVERAGE] 0.000016885 s
[STANDARD DEVIATION] 0.000003854 s

FEN: 3Q4/8/1k6/7p/p1p4P/2q3PB/7K/8 b - - 0 0
        [0]         [1]         [2]         [3]         [4]         [5]         [6]         [7]         [8]         [9]
[0] 0.000094400 0.000090900 0.000086900 0.000086500 0.000086300 0.000086000 0.000085700 0.000085900 0.000085700 0.000085700 
[1] 0.000085900 0.000085800 0.000085700 0.000085800 0.000085800 0.000087800 0.000085700 0.000085800 0.000085800 0.000085700 
[2] 0.000085900 0.000085900 0.000085700 0.000085600 0.000085600 0.000229500 0.000102300 0.000099300 0.000086000 0.000085800 
[3] 0.000086100 0.000085800 0.000085700 0.000088900 0.000085800 0.000085600 0.000085800 0.000086000 0.000085500 0.000085900 
[4] 0.000085600 0.000085700 0.000101100 0.000100900 0.000116300 0.000098800 0.000085700 0.000085900 0.000147900 0.000101400 
[5] 0.000116400 0.000085800 0.000085900 0.000085700 0.000085900 0.000105600 0.000100100 0.000086800 0.000086900 0.000087000 
[6] 0.000086700 0.000086700 0.000088400 0.000085500 0.000085800 0.000085500 0.000085900 0.000085900 0.000085700 0.000085900 
[7] 0.000085800 0.000085800 0.000085900 0.000085700 0.000085600 0.000085500 0.000087800 0.000085700 0.000088700 0.000102800 
[8] 0.000086800 0.000086800 0.000086600 0.000086900 0.000086600 0.000086800 0.000142800 0.000173900 0.000114900 0.000086600 
[9] 0.000086800 0.000088400 0.000085800 0.000085900 0.000085700 0.000085700 0.000085800 0.000086000 0.000085700 0.000085700 
[AVERAGE] 0.000092034 s
[STANDARD DEVIATION] 0.000019161 s

FEN: 4q3/2R4P/5R2/1p6/p3k3/P7/KP6/8 b - - 0 0
        [0]         [1]         [2]         [3]         [4]         [5]         [6]         [7]         [8]         [9]
[0] 0.000323600 0.000376000 0.000328800 0.000313100 0.000313800 0.000311600 0.000311700 0.000313900 0.000311100 0.000316800 
[1] 0.000313000 0.000313500 0.000311400 0.000312900 0.000311300 0.000313600 0.000311500 0.000312500 0.000365200 0.000344800 
[2] 0.000367800 0.000313300 0.000311000 0.000313200 0.000416600 0.000338200 0.000482000 0.000313600 0.000312000 0.000313300 
[3] 0.000310800 0.000313300 0.000310800 0.000311600 0.000313700 0.000310900 0.000313000 0.000385100 0.000317900 0.000312900 
[4] 0.000314100 0.000310800 0.000313900 0.000311700 0.000313700 0.000311100 0.000313400 0.000311000 0.000313600 0.000360800 
[5] 0.000314300 0.000311200 0.000313100 0.000311200 0.000410800 0.000421800 0.000455700 0.000353100 0.000311000 0.000313400 
[6] 0.000310900 0.000314300 0.000311700 0.000312800 0.000311500 0.000313600 0.000311300 0.000313600 0.000310900 0.000391600 
[7] 0.000311700 0.000313400 0.000340200 0.000457800 0.000329600 0.000313800 0.000311700 0.000313000 0.000311400 0.000451800 
[8] 0.000313200 0.000314500 0.000312100 0.000313800 0.000361700 0.000348700 0.000399000 0.000322000 0.000386500 0.000341000 
[9] 0.000358900 0.000311400 0.000313800 0.000311500 0.000313500 0.000311000 0.000313500 0.000310500 0.000313000 0.000315000 
[AVERAGE] 0.000330420 s
[STANDARD DEVIATION] 0.000037217 s

FEN: R7/8/5rk1/5p2/1p5P/5KP1/P7/8 b - - 0 0
        [0]         [1]         [2]         [3]         [4]         [5]         [6]         [7]         [8]         [9]
[0] 0.000153800 0.000146800 0.000144600 0.000143900 0.000143500 0.000145100 0.000142800 0.000142900 0.000142500 0.000144700 
[1] 0.000142500 0.000142800 0.000142500 0.000144600 0.000142500 0.000142600 0.000142800 0.000160100 0.000188100 0.000156700 
[2] 0.000141700 0.000185100 0.000145600 0.000142800 0.000142700 0.000142500 0.000144400 0.000142600 0.000142300 0.000142400 
[3] 0.000144400 0.000142500 0.000177000 0.000143200 0.000143200 0.000178500 0.000200800 0.000255000 0.000143000 0.000145100 
[4] 0.000142500 0.000142100 0.000142700 0.000144500 0.000142400 0.000142200 0.000142500 0.000144500 0.000142400 0.000142300 
[5] 0.000142500 0.000142400 0.000144800 0.000142500 0.000142200 0.000142200 0.000175100 0.000186500 0.000142400 0.000142600 
[6] 0.000144600 0.000142400 0.000142100 0.000142400 0.000144500 0.000265500 0.000174400 0.000143500 0.000143200 0.000146200 
[7] 0.000142500 0.000142900 0.000142600 0.000144500 0.000142500 0.000142400 0.000142600 0.000144200 0.000142800 0.000142600 
[8] 0.000142500 0.000142700 0.000144400 0.000142400 0.000142300 0.000142600 0.000144700 0.000142300 0.000176800 0.000143100 
[9] 0.000145500 0.000142600 0.000142600 0.000142600 0.000144500 0.000220700 0.000187000 0.000143400 0.000143000 0.000144700 
[AVERAGE] 0.000150707 s
[STANDARD DEVIATION] 0.000021189 s

FEN: 3k4/5ppp/2q5/3p2r1/8/1Q3P2/P4P1P/3R3K w - - 0 1
        [0]         [1]         [2]         [3]         [4]         [5]         [6]         [7]         [8]         [9]
[0] 0.000030800 0.000027100 0.000025800 0.000025300 0.000025100 0.000025000 0.000024900 0.000024900 0.000024800 0.000027800 
[1] 0.000070900 0.000040200 0.000066700 0.000039300 0.000056200 0.000052900 0.000026000 0.000025900 0.000038200 0.000025300 
[2] 0.000025200 0.000025300 0.000025400 0.000025400 0.000025200 0.000025300 0.000025400 0.000027200 0.000024800 0.000024800 
[3] 0.000024800 0.000024800 0.000024800 0.000024700 0.000024800 0.000024900 0.000024700 0.000024800 0.000024900 0.000024800 
[4] 0.000024700 0.000024800 0.000024700 0.000024900 0.000024800 0.000024800 0.000024900 0.000024900 0.000024700 0.000024700 
[5] 0.000024800 0.000024900 0.000024700 0.000024800 0.000024800 0.000024800 0.000024700 0.000024900 0.000024800 0.000025000 
[6] 0.000026900 0.000024800 0.000024700 0.000024800 0.000024900 0.000024800 0.000024800 0.000024800 0.000024700 0.000024800 
[7] 0.000024800 0.000024700 0.000024800 0.000024800 0.000024700 0.000024900 0.000024900 0.000024800 0.000024800 0.000024800 
[8] 0.000024800 0.000024900 0.000024900 0.000024800 0.000024800 0.000024800 0.000024900 0.000024700 0.000024800 0.000024800 
[9] 0.000024700 0.000024800 0.000024800 0.000024800 0.000027200 0.000024800 0.000024900 0.000024900 0.000024800 0.000024700 
[AVERAGE] 0.000026978 s
[STANDARD DEVIATION] 0.000007669 s

FEN: 4R3/1k6/1p2P1p1/p7/4r3/1P1r4/1K6/2R5 w - - 0 0
        [0]         [1]         [2]         [3]         [4]         [5]         [6]         [7]         [8]         [9]
[0] 0.000015100 0.000013000 0.000012100 0.000011800 0.000011700 0.000011600 0.000011500 0.000011600 0.000011500 0.000011600 
[1] 0.000011500 0.000011600 0.000011600 0.000011600 0.000011600 0.000011600 0.000011500 0.000011600 0.000011400 0.000011500 
[2] 0.000011500 0.000011500 0.000011500 0.000011500 0.000011500 0.000011500 0.000011600 0.000011500 0.000011500 0.000011500 
[3] 0.000011500 0.000011500 0.000011500 0.000011600 0.000011700 0.000011500 0.000011600 0.000011500 0.000011500 0.000011500 
[4] 0.000011400 0.000011500 0.000011500 0.000011500 0.000011600 0.000011600 0.000011600 0.000011600 0.000011500 0.000011500 
[5] 0.000011600 0.000011600 0.000011600 0.000011500 0.000011600 0.000011600 0.000011500 0.000011500 0.000011500 0.000011500 
[6] 0.000011500 0.000011500 0.000011600 0.000011600 0.000011500 0.000011600 0.000011500 0.000011600 0.000011600 0.000011500 
[7] 0.000011500 0.000011600 0.000011700 0.000011500 0.000011500 0.000011500 0.000011500 0.000011500 0.000011500 0.000011500 
[8] 0.000011500 0.000011600 0.000011500 0.000011600 0.000011500 0.000011600 0.000011500 0.000011500 0.000011600 0.000011500 
[9] 0.000011500 0.000011500 0.000011500 0.000011600 0.000011600 0.000011500 0.000011500 0.000011500 0.000011500 0.000011500 
[AVERAGE] 0.000011597 s
[STANDARD DEVIATION] 0.000000390 s

FEN: 5k2/R7/3K4/4p3/5P2/8/8/5r2 w - - 0 0
        [0]         [1]         [2]         [3]         [4]         [5]         [6]         [7]         [8]         [9]
[0] 0.000016600 0.000014600 0.000014000 0.000013800 0.000013800 0.000013900 0.000013700 0.000013700 0.000013800 0.000013800 
[1] 0.000013800 0.000013800 0.000013800 0.000013700 0.000016500 0.000013700 0.000024300 0.000013900 0.000013800 0.000013800 
[2] 0.000013900 0.000013700 0.000013700 0.000013700 0.000013700 0.000013700 0.000013800 0.000013800 0.000013800 0.000013800 
[3] 0.000013800 0.000013700 0.000013800 0.000013800 0.000013800 0.000013800 0.000013700 0.000013700 0.000013700 0.000013700 
[4] 0.000013700 0.000013700 0.000013700 0.000013800 0.000013600 0.000013800 0.000013800 0.000013700 0.000013800 0.000013800 
[5] 0.000013700 0.000013700 0.000013800 0.000013700 0.000013800 0.000013700 0.000013700 0.000013700 0.000013800 0.000013900 
[6] 0.000013700 0.000013900 0.000013700 0.000013800 0.000013700 0.000013700 0.000013800 0.000013800 0.000028600 0.000014100 
[7] 0.000014000 0.000028400 0.000040200 0.000014200 0.000014100 0.000014100 0.000014100 0.000014100 0.000014100 0.000042900 
[8] 0.000014100 0.000014100 0.000026400 0.000013800 0.000013700 0.000013800 0.000013700 0.000013700 0.000013800 0.000013800 
[9] 0.000013800 0.000013700 0.000013800 0.000013700 0.000013800 0.000013700 0.000013600 0.000016200 0.000013800 0.000013700 
[AVERAGE] 0.000014965 s
[STANDARD DEVIATION] 0.000004618 s

FEN: 5k2/1R6/4p1p1/1pr3Pp/7P/1K6/8/8 w - - 0 0
        [0]         [1]         [2]         [3]         [4]         [5]         [6]         [7]         [8]         [9]
[0] 0.000014500 0.000012600 0.000011900 0.000011700 0.000011600 0.000011600 0.000011600 0.000011500 0.000011600 0.000011600 
[1] 0.000011600 0.000011500 0.000011500 0.000011600 0.000011500 0.000011600 0.000011500 0.000011500 0.000011500 0.000011500 
[2] 0.000011700 0.000011600 0.000011500 0.000011500 0.000011500 0.000011600 0.000011500 0.000011500 0.000011500 0.000011600 
[3] 0.000011600 0.000011600 0.000011600 0.000011500 0.000011500 0.000011600 0.000011600 0.000011600 0.000011600 0.000011600 
[4] 0.000011600 0.000011500 0.000011500 0.000011600 0.000011500 0.000011500 0.000011500 0.000011500 0.000011500 0.000011600 
[5] 0.000011500 0.000011600 0.000011600 0.000011500 0.000011500 0.000011500 0.000011600 0.000011500 0.000011500 0.000011500 
[6] 0.000011500 0.000011500 0.000011500 0.000011600 0.000013600 0.000011500 0.000011600 0.000011600 0.000011500 0.000011600 
[7] 0.000011500 0.000011500 0.000011500 0.000011500 0.000011500 0.000011600 0.000011600 0.000011500 0.000011500 0.000011500 
[8] 0.000011600 0.000011600 0.000011600 0.000011500 0.000011600 0.000011600 0.000011500 0.000011500 0.000011500 0.000011500 
[9] 0.000011500 0.000011500 0.000011500 0.000011600 0.000011500 0.000011500 0.000011400 0.000011500 0.000011500 0.000011500 
[AVERAGE] 0.000011606 s
[STANDARD DEVIATION] 0.000000376 s

FEN: 5k2/8/p7/4K1P1/P4R2/6r1/8/8 b - - 0 0
        [0]         [1]         [2]         [3]         [4]         [5]         [6]         [7]         [8]         [9]
[0] 0.000022100 0.000019800 0.000019400 0.000019400 0.000019500 0.000019300 0.000019400 0.000019300 0.000019500 0.000019400 
[1] 0.000019400 0.000019500 0.000019300 0.000019300 0.000019400 0.000019300 0.000019400 0.000019400 0.000019400 0.000019400 
[2] 0.000019300 0.000019300 0.000019300 0.000019400 0.000019500 0.000019300 0.000019300 0.000019300 0.000019400 0.000019400 
[3] 0.000019300 0.000019400 0.000019300 0.000019300 0.000019400 0.000019400 0.000019400 0.000019400 0.000019300 0.000019400 
[4] 0.000019400 0.000019300 0.000019300 0.000019300 0.000019300 0.000019500 0.000019400 0.000019400 0.000019300 0.000019400 
[5] 0.000019400 0.000019200 0.000019300 0.000019400 0.000019500 0.000019300 0.000019400 0.000019300 0.000019300 0.000019300 
[6] 0.000019400 0.000019400 0.000019300 0.000019400 0.000019400 0.000021800 0.000019400 0.000019300 0.000019400 0.000019400 
[7] 0.000037700 0.000035700 0.000019700 0.000019600 0.000019700 0.000019700 0.000019600 0.000019600 0.000019600 0.000019500 
[8] 0.000019600 0.000019600 0.000019600 0.000019600 0.000019600 0.000019500 0.000019600 0.000019600 0.000019600 0.000019500 
[9] 0.000019500 0.000019600 0.000019600 0.000019600 0.000019600 0.000019500 0.000019600 0.000019700 0.000019600 0.000019600 
[AVERAGE] 0.000019833 s
[STANDARD DEVIATION] 0.000002443 s

FEN: 8/8/8/p2r1k2/7p/PP1RK3/6P1/8 b - - 0 0
        [0]         [1]         [2]         [3]         [4]         [5]         [6]         [7]         [8]         [9]
[0] 0.000109900 0.000104400 0.000102700 0.000148700 0.000101300 0.000102600 0.000099300 0.000099300 0.000099300 0.000098700 
[1] 0.000098700 0.000098700 0.000141400 0.000236100 0.000123600 0.000116200 0.000119600 0.000120800 0.000146700 0.000099500 
[2] 0.000099500 0.000099400 0.000099200 0.000098900 0.000098500 0.000146800 0.000157000 0.000101500 0.000129400 0.000112200 
[3] 0.000098900 0.000099000 0.000101100 0.000098700 0.000098900 0.000098700 0.000098700 0.000098500 0.000098600 0.000098900 
[4] 0.000100800 0.000098700 0.000098600 0.000098600 0.000098300 0.000126600 0.000139000 0.000101800 0.000098600 0.000098700 
[5] 0.000098600 0.000098600 0.000098600 0.000098600 0.000100700 0.000099000 0.000098700 0.000098800 0.000098600 0.000098700 
[6] 0.000098200 0.000098900 0.000100800 0.000098700 0.000098800 0.000098400 0.000098600 0.000098400 0.000098500 0.000100400 
[7] 0.000098700 0.000098600 0.000143500 0.000155200 0.000098700 0.000098900 0.000101400 0.000098800 0.000098300 0.000098600 
[8] 0.000098700 0.000098600 0.000098200 0.000098400 0.000100700 0.000098600 0.000098300 0.000098600 0.000166100 0.000098500 
[9] 0.000098500 0.000101100 0.000098500 0.000098400 0.000098700 0.000098400 0.000098300 0.000098100 0.000115000 0.000144800 
[AVERAGE] 0.000107334 s
[STANDARD DEVIATION] 0.000020380 s

FEN: 8/8/8/1P4p1/5k2/5p2/P6K/8 b - - 0 0
        [0]         [1]         [2]         [3]         [4]         [5]         [6]         [7]         [8]         [9]
[0] 0.000018400 0.000017500 0.000017000 0.000017000 0.000016900 0.000016900 0.000017000 0.000016800 0.000016800 0.000017000 
[1] 0.000016900 0.000016900 0.000016900 0.000016800 0.000016900 0.000016800 0.000016900 0.000016800 0.000016700 0.000016800 
[2] 0.000016800 0.000017000 0.000017000 0.000016800 0.000016800 0.000022500 0.000031700 0.000017300 0.000044600 0.000017300 
[3] 0.000032300 0.000045900 0.000043700 0.000017300 0.000017300 0.000029300 0.000016900 0.000016900 0.000016800 0.000016800 
[4] 0.000017000 0.000016900 0.000017000 0.000019500 0.000016900 0.000016900 0.000016800 0.000016900 0.000016800 0.000016900 
[5] 0.000016900 0.000017000 0.000016900 0.000017000 0.000016800 0.000017000 0.000016800 0.000016900 0.000016800 0.000016800 
[6] 0.000016800 0.000016700 0.000016800 0.000016800 0.000016800 0.000016900 0.000016900 0.000016900 0.000016800 0.000017000 
[7] 0.000016900 0.000016800 0.000016900 0.000016700 0.000016900 0.000016900 0.000017000 0.000016800 0.000016900 0.000016900 
[8] 0.000016900 0.000016700 0.000016700 0.000016800 0.000016800 0.000016800 0.000016800 0.000016800 0.000016800 0.000016900 
[9] 0.000016800 0.000019000 0.000016900 0.000016800 0.000017000 0.000016800 0.000016800 0.000017000 0.000016800 0.000016900 
[AVERAGE] 0.000018271 s
[STANDARD DEVIATION] 0.000005287 s

FEN: 3b2k1/1p3p2/p1p5/2P4p/1P2P1p1/5p2/5P2/4RK2 w - - 0 0
        [0]         [1]         [2]         [3]         [4]         [5]         [6]         [7]         [8]         [9]
[0] 0.000027900 0.000025500 0.000024300 0.000024100 0.000023900 0.000023900 0.000023800 0.000023800 0.000023900 0.000023800 
[1] 0.000023900 0.000023800 0.000023900 0.000023900 0.000023800 0.000023900 0.000023900 0.000023900 0.000023800 0.000023900 
[2] 0.000026500 0.000024000 0.000023800 0.000023900 0.000023800 0.000023900 0.000023900 0.000023800 0.000023800 0.000023900 
[3] 0.000023900 0.000023700 0.000023800 0.000023900 0.000023900 0.000023700 0.000029200 0.000061000 0.000024500 0.000024500 
[4] 0.000024600 0.000024500 0.000052800 0.000024400 0.000024500 0.000039200 0.000024000 0.000023900 0.000023800 0.000023900 
[5] 0.000023900 0.000024000 0.000023800 0.000023900 0.000023900 0.000023900 0.000024000 0.000023900 0.000024000 0.000023900 
[6] 0.000023900 0.000023900 0.000023900 0.000024000 0.000023900 0.000023900 0.000023700 0.000023900 0.000023900 0.000026000 
[7] 0.000023800 0.000023900 0.000023900 0.000023900 0.000023900 0.000023900 0.000023800 0.000024000 0.000023700 0.000023800 
[8] 0.000024000 0.000023900 0.000023800 0.000023900 0.000023800 0.000023900 0.000023800 0.000023800 0.000024000 0.000023900 
[9] 0.000023800 0.000023800 0.000024000 0.000024000 0.000026200 0.000023800 0.000023900 0.000023800 0.000023900 0.000023900 
[AVERAGE] 0.000024913 s
[STANDARD DEVIATION] 0.000004908 s

FEN: 5k2/3R4/2K1p1p1/4P1P1/5P2/8/3r4/8 b - - 0 0
        [0]         [1]         [2]         [3]         [4]         [5]         [6]         [7]         [8]         [9]
[0] 0.000076100 0.000071800 0.000069900 0.000068900 0.000068400 0.000068000 0.000067900 0.000068000 0.000067700 0.000070100 
[1] 0.000067800 0.000067700 0.000067600 0.000067900 0.000067700 0.000067700 0.000067800 0.000067800 0.000067700 0.000067800 
[2] 0.000067800 0.000067800 0.000069800 0.000067700 0.000067600 0.000067800 0.000067800 0.000067600 0.000067600 0.000067600 
[3] 0.000067700 0.000067500 0.000067600 0.000067700 0.000067600 0.000069700 0.000067700 0.000067700 0.000067500 0.000067800 
[4] 0.000067500 0.000067800 0.000067700 0.000067700 0.000067700 0.000067600 0.000067800 0.000067800 0.000069700 0.000067800 
[5] 0.000067800 0.000067600 0.000067700 0.000067600 0.000067700 0.000067700 0.000067800 0.000067600 0.000067600 0.000067600 
[6] 0.000218100 0.000079200 0.000088700 0.000068900 0.000068400 0.000068100 0.000067900 0.000068000 0.000068000 0.000067800 
[7] 0.000067600 0.000067500 0.000071900 0.000128200 0.000093800 0.000068000 0.000067700 0.000067600 0.000067800 0.000067700 
[8] 0.000067700 0.000067700 0.000123900 0.000097500 0.000112000 0.000114400 0.000082100 0.000067700 0.000067500 0.000067500 
[9] 0.000067500 0.000067500 0.000067400 0.000067300 0.000067500 0.000067500 0.000067700 0.000070200 0.000067600 0.000067600 
[AVERAGE] 0.000072644 s
[STANDARD DEVIATION] 0.000018338 s

FEN: 6k1/6pp/5p2/8/5P2/P7/2K4P/8 b - - 0 0
        [0]         [1]         [2]         [3]         [4]         [5]         [6]         [7]         [8]         [9]
[0] 0.000020600 0.000018900 0.000018200 0.000018200 0.000018000 0.000018100 0.000018100 0.000018000 0.000018100 0.000018000 
[1] 0.000018100 0.000018100 0.000018000 0.000018100 0.000018100 0.000018000 0.000018100 0.000018000 0.000018000 0.000018000 
[2] 0.000018000 0.000018000 0.000018000 0.000018100 0.000017900 0.000018000 0.000018000 0.000018200 0.000018000 0.000020200 
[3] 0.000018000 0.000018100 0.000018000 0.000018000 0.000018000 0.000018100 0.000018100 0.000018000 0.000018200 0.000018100 
[4] 0.000018100 0.000018100 0.000018200 0.000018000 0.000018100 0.000018000 0.000018100 0.000018100 0.000018200 0.000018100 
[5] 0.000018100 0.000018000 0.000018100 0.000018200 0.000017900 0.000018000 0.000018000 0.000018000 0.000018000 0.000018100 
[6] 0.000018000 0.000018200 0.000018000 0.000018000 0.000018100 0.000020100 0.000018000 0.000018100 0.000018000 0.000018000 
[7] 0.000018100 0.000018100 0.000018200 0.000018100 0.000018000 0.000018100 0.000018000 0.000018000 0.000018100 0.000018100 
[8] 0.000018000 0.000018000 0.000018000 0.000018100 0.000018100 0.000018100 0.000017900 0.000018200 0.000018000 0.000018000 
[9] 0.000018000 0.000018100 0.000018100 0.000018100 0.000018000 0.000018100 0.000018100 0.000018100 0.000018100 0.000018100 
[AVERAGE] 0.000018136 s
[STANDARD DEVIATION] 0.000000398 s

FEN: 8/3R4/8/r3N2p/P1Pp1P2/2k2K1P/3r4/8 w - - 0 0
        [0]         [1]         [2]         [3]         [4]         [5]         [6]         [7]         [8]         [9]
[0] 0.000038400 0.000037100 0.000032500 0.000031600 0.000030800 0.000030500 0.000030300 0.000030400 0.000030100 0.000030200 
[1] 0.000030200 0.000030100 0.000030400 0.000030200 0.000030100 0.000030100 0.000030300 0.000030200 0.000030100 0.000030200 
[2] 0.000030200 0.000030200 0.000032300 0.000030200 0.000030300 0.000044900 0.000043900 0.000059400 0.000030900 0.000030900 
[3] 0.000046200 0.000044000 0.000043300 0.000030100 0.000030200 0.000030100 0.000030100 0.000030100 0.000030300 0.000030300 
[4] 0.000030200 0.000030300 0.000030100 0.000032300 0.000030300 0.000030200 0.000030100 0.000030200 0.000030200 0.000030100 
[5] 0.000030200 0.000030200 0.000030200 0.000030100 0.000030100 0.000030200 0.000030100 0.000030200 0.000030200 0.000030200 
[6] 0.000030100 0.000030300 0.000030100 0.000030200 0.000032200 0.000030200 0.000030100 0.000030200 0.000030100 0.000030000 
[7] 0.000030200 0.000030000 0.000030000 0.000030100 0.000030100 0.000030200 0.000030100 0.000030200 0.000030200 0.000030200 
[8] 0.000030200 0.000030100 0.000030200 0.000030200 0.000030200 0.000032300 0.000030200 0.000030100 0.000030100 0.000030200 
[9] 0.000030200 0.000030000 0.000030200 0.000030200 0.000030200 0.000030000 0.000030100 0.000030200 0.000030200 0.000030100 
[AVERAGE] 0.000031474 s
[STANDARD DEVIATION] 0.000004305 s

FEN: 6k1/8/6r1/8/5b2/2PR4/4K3/8 w - - 0 0        [0]         [1]         [2]         [3]         [4]         [5]         [6]         [7]         [8]         [9]
[0] 0.000036500 0.000033700 0.000032600 0.000032200 0.000031800 0.000031700 0.000031600 0.000031600 0.000031600 0.000033700 
[1] 0.000031500 0.000031600 0.000031700 0.000031500 0.000031600 0.000031600 0.000031700 0.000031500 0.000031600 0.000031600 
[2] 0.000031600 0.000031600 0.000031400 0.000031600 0.000031600 0.000031500 0.000031500 0.000031600 0.000031700 0.000031600 
[3] 0.000031500 0.000031700 0.000031500 0.000031600 0.000031500 0.000031600 0.000031600 0.000031600 0.000031600 0.000031600 
[4] 0.000031500 0.000033800 0.000031600 0.000031500 0.000031500 0.000031500 0.000031500 0.000031400 0.000031700 0.000031600 
[5] 0.000031300 0.000031500 0.000031600 0.000031700 0.000031500 0.000031600 0.000031500 0.000031700 0.000083600 0.000074200 
[6] 0.000031600 0.000031600 0.000031500 0.000031700 0.000031500 0.000031500 0.000031700 0.000031500 0.000031600 0.000031600 
[7] 0.000031500 0.000031500 0.000033900 0.000031600 0.000061000 0.000061800 0.000044200 0.000031600 0.000031500 0.000031600 
[8] 0.000031500 0.000031600 0.000031600 0.000031500 0.000031500 0.000031600 0.000031600 0.000031600 0.000031700 0.000031500 
[9] 0.000031400 0.000031800 0.000031500 0.000031600 0.000031600 0.000031600 0.000031600 0.000031600 0.000031600 0.000046200 
[AVERAGE] 0.000033544 s
[STANDARD DEVIATION] 0.000007959 s

----------------------------------- AVERAGES ------------------------------------------


---------- REGULAR POSITIONS ----------

    [AVERAGE (s)]    [STANDARD DEVIATION (s)]
 [0] 0.000100330          0.000013088
 [1] 0.000118955          0.000009924
 [2] 0.000130184          0.000018868
 [3] 0.000131428          0.000023110
 [4] 0.000081939          0.000012940
 [5] 0.001281837          0.000093259
 [6] 0.001380839          0.000110777
 [7] 0.000781631          0.000062925
 [8] 0.000951497          0.000068669
 [9] 0.000896435          0.000098609
[10] 0.000852773          0.000072178
[11] 0.000499288          0.000048746
[12] 0.000151675          0.000026204
[13] 0.000065996          0.000008439
[14] 0.000135463          0.000024681
[15] 0.000051029          0.000008752
[16] 0.000174002          0.000029066
[17] 0.000822111          0.000058692
[18] 0.000170517          0.000028057
[19] 0.000880779          0.000071972

---------- TACTICAL POSITINOS ----------

    [AVERAGE (s)]    [STANDARD DEVIATION (s)]
 [0] 0.000217164          0.000026951
 [1] 0.000145464          0.000030346
 [2] 0.000042963          0.000011671
 [3] 0.001196683          0.000142759
 [4] 0.000124535          0.000026844
 [5] 0.000026879          0.000008773
 [6] 0.000013826          0.000005153
 [7] 0.000125525          0.000020355
 [8] 0.000016342          0.000004633
 [9] 0.000097455          0.000016878
[10] 0.000140031          0.000023237
[11] 0.000034127          0.000014535
[12] 0.000571690          0.000087046
[13] 0.000034056          0.000005804
[14] 0.000101984          0.000025220
[15] 0.000022328          0.000006606
[16] 0.000166119          0.000030307
[17] 0.000028283          0.000009048
[18] 0.000667125          0.000057062
[19] 0.000088457          0.000021106

---------- SMALL POSITIONS ----------

    [AVERAGE (s)]    [STANDARD DEVIATION (s)]
 [0] 0.000010289          0.000000326
 [1] 0.000129218          0.000024622
 [2] 0.000222352          0.000025550
 [3] 0.000018354          0.000004131
 [4] 0.000016885          0.000003854
 [5] 0.000092034          0.000019161
 [6] 0.000330420          0.000037217
 [7] 0.000150707          0.000021189
 [8] 0.000026978          0.000007669
 [9] 0.000011597          0.000000390
[10] 0.000014965          0.000004618
[11] 0.000011606          0.000000376
[12] 0.000019833          0.000002443
[13] 0.000107334          0.000020380
[14] 0.000018271          0.000005287
[15] 0.000024913          0.000004908
[16] 0.000072644          0.000018338
[17] 0.000018136          0.000000398
[18] 0.000031474          0.000004305
[19] 0.000033544          0.000007959


----------------------------------- AVERAGES ------------------------------------------





---------- SUMMARY ----------

0.000100330 0.000118955 0.000130184 0.000131428 0.000081939 0.001281837 0.001380839 0.000781631 0.000951497 0.000896435 0.000852773 0.000499288 0.000151675 0.000065996 0.000135463 0.000051029 0.000174002 0.000822111 0.000170517 0.000880779 
0.000217164 0.000145464 0.000042963 0.001196683 0.000124535 0.000026879 0.000013826 0.000125525 0.000016342 0.000097455 0.000140031 0.000034127 0.000571690 0.000034056 0.000101984 0.000022328 0.000166119 0.000028283 0.000667125 0.000088457 
0.000010289 0.000129218 0.000222352 0.000018354 0.000016885 0.000092034 0.000330420 0.000150707 0.000026978 0.000011597 0.000014965 0.000011606 0.000019833 0.000107334 0.000018271 0.000024913 0.000072644 0.000018136 0.000031474 0.000033544 

