FEN: rn1q1rk1/pbp2pp1/1p2pb1p/3p4/2PP4/2N1PN2/PP2BPPP/R2QK2R w KQ - 0 10
        [0]         [1]         [2]         [3]         [4]         [5]         [6]         [7]         [8]         [9]
[0] 0.015834035 0.015682888 0.015477393 0.015572462 0.015498853 0.015540922 0.015527643 0.015448269 0.015563366 0.015520385 
[1] 0.015468212 0.015432106 0.015480360 0.015525531 0.015428438 0.015541839 0.015411268 0.015412323 0.015465314 0.015481723 
[2] 0.015475760 0.015322777 0.015536813 0.015435244 0.015592059 0.015466600 0.015522861 0.015553632 0.015378550 0.015480343 
[3] 0.015529206 0.015502849 0.015553919 0.015388008 0.015405373 0.015500131 0.015413437 0.015516253 0.015609084 0.015655123 
[4] 0.015490748 0.015598721 0.015661935 0.015453199 0.015575864 0.015386787 0.015442541 0.015424273 0.015555307 0.015476892 
[5] 0.015427923 0.015408921 0.015484387 0.015525533 0.015375626 0.015481658 0.015549286 0.015539752 0.015390254 0.015399002 
[6] 0.015450928 0.015554527 0.015479435 0.015566078 0.015546934 0.015411933 0.015488106 0.015485982 0.015401754 0.015568796 
[7] 0.015660349 0.015411881 0.015547060 0.015584173 0.015456773 0.015494831 0.015588342 0.015460499 0.015486112 0.015545284 
[8] 0.015470594 0.015503297 0.015506086 0.015572180 0.015458447 0.015375461 0.015489032 0.015478806 0.015405594 0.015592658 
[9] 0.015501529 0.015546165 0.015541959 0.015600794 0.015395614 0.015458775 0.015449799 0.015387528 0.015423786 0.015499693 
[AVERAGE] 0.015496475 s
[STANDARD DEVIATION] 0.000079401 s

FEN: rn1q1rk1/pp2ppbp/2p3p1/3p1b2/2PPn3/1P3NP1/P2NPPBP/R1BQ1RK1 w - - 1 9
        [0]         [1]         [2]         [3]         [4]         [5]         [6]         [7]         [8]         [9]
[0] 0.012635505 0.012512747 0.012556169 0.012519800 0.012737242 0.012673077 0.012592874 0.012563281 0.012547818 0.012550198 
[1] 0.012618053 0.012533387 0.012519487 0.012553848 0.012576381 0.012487718 0.012540076 0.012509691 0.012600481 0.012487691 
[2] 0.012554880 0.012596825 0.012529418 0.012481910 0.012680035 0.012416196 0.012559859 0.012619642 0.012624085 0.012506504 
[3] 0.012493950 0.012694693 0.012568054 0.012574481 0.012562879 0.012419324 0.012549651 0.012547449 0.012488112 0.012530954 
[4] 0.012551753 0.012595074 0.012543184 0.012664537 0.012503609 0.012578621 0.012526060 0.012971728 0.012831544 0.012501698 
[5] 0.012400361 0.012526496 0.012510044 0.012553850 0.012512385 0.012555083 0.012537289 0.012539226 0.012558045 0.012575366 
[6] 0.012503849 0.012484491 0.012586645 0.012572459 0.012454182 0.012520052 0.012562034 0.012506686 0.012523219 0.012558510 
[7] 0.012602325 0.012557932 0.012407747 0.012564642 0.012601940 0.012581365 0.012499085 0.012455448 0.012579630 0.012552149 
[8] 0.012619119 0.012495976 0.012466760 0.012474538 0.012560776 0.012496180 0.012521865 0.012655416 0.012634920 0.012542891 
[9] 0.012531417 0.012522938 0.012581288 0.012483429 0.012523976 0.012561700 0.012537161 0.012534698 0.012593449 0.012563145 
[AVERAGE] 0.012554264 s
[STANDARD DEVIATION] 0.000077295 s

FEN: 1rbq1rk1/pp2ppbp/2n2np1/2pp4/5P2/N1PP1NP1/PP2P1BP/R1BQ1RK1 w - - 3 9
        [0]         [1]         [2]         [3]         [4]         [5]         [6]         [7]         [8]         [9]
[0] 0.019097500 0.019062422 0.018936541 0.018910670 0.019038814 0.019014421 0.019134634 0.019013280 0.019063340 0.019065943 
[1] 0.018960771 0.019077065 0.019022687 0.018994864 0.019014218 0.019021942 0.019044227 0.018960238 0.018987488 0.019072517 
[2] 0.019009913 0.018890296 0.018956632 0.019080403 0.019034553 0.018975172 0.018985895 0.019080035 0.018952406 0.018996310 
[3] 0.018959529 0.018968736 0.018948837 0.018979419 0.019082213 0.018992040 0.018932273 0.019036267 0.018957862 0.019010463 
[4] 0.018871280 0.019004924 0.019110575 0.019484868 0.019780361 0.018897101 0.018730427 0.018819387 0.018818960 0.018804382 
[5] 0.018860056 0.018893972 0.018999704 0.019040318 0.019062256 0.018928493 0.019070737 0.019087738 0.019100716 0.019015104 
[6] 0.019093508 0.019118822 0.019027345 0.018992783 0.019114991 0.019112828 0.019089652 0.018943246 0.019150056 0.019011624 
[7] 0.019102986 0.019032298 0.019091844 0.019043031 0.019082066 0.019001711 0.019041217 0.019152234 0.019066837 0.019091367 
[8] 0.019046267 0.019145691 0.018929979 0.019146192 0.019029621 0.019038347 0.018955124 0.019120545 0.019042013 0.019113407 
[9] 0.019056493 0.019000809 0.019066771 0.018998848 0.018950018 0.019012202 0.019114576 0.019124440 0.019055813 0.019031730 
[AVERAGE] 0.019030435 s
[STANDARD DEVIATION] 0.000119610 s

FEN: r2qkb1r/pp1n1ppp/2p2n2/3pp3/6b1/3P1NP1/PPPNPPBP/R1BQ1RK1 w kq - 0 7
        [0]         [1]         [2]         [3]         [4]         [5]         [6]         [7]         [8]         [9]
[0] 0.026843530 0.026698181 0.026831929 0.026807850 0.026790112 0.026713877 0.026782576 0.026964411 0.026949660 0.026656687 
[1] 0.026841324 0.026797688 0.026821306 0.026802116 0.026710488 0.026815107 0.026758874 0.026855347 0.026898656 0.026845189 
[2] 0.026754538 0.026935463 0.026998293 0.026958392 0.026811501 0.026761235 0.026828708 0.026696859 0.026923393 0.026847605 
[3] 0.026756123 0.026701150 0.026794290 0.026897320 0.026799965 0.026763129 0.026799747 0.026959515 0.026949874 0.026894674 
[4] 0.026820498 0.026918886 0.026768949 0.026769822 0.026874892 0.027018309 0.026852416 0.026829076 0.026812763 0.026802825 
[5] 0.026756275 0.026838248 0.026816113 0.026893606 0.026906512 0.026865666 0.026756312 0.026796841 0.026639182 0.026744527 
[6] 0.026721456 0.026931216 0.026653525 0.026858338 0.026773155 0.026776639 0.026704890 0.026905057 0.026770211 0.026825740 
[7] 0.026839882 0.026855195 0.026917925 0.026661488 0.026825279 0.026754020 0.026786296 0.026677909 0.026869884 0.026808387 
[8] 0.026710619 0.026867264 0.026601895 0.026724439 0.026883047 0.026755305 0.026713699 0.026890793 0.026787473 0.026894727 
[9] 0.026860674 0.026937785 0.026861912 0.026678675 0.026720243 0.026751346 0.026624294 0.026801692 0.026891061 0.026774381 
[AVERAGE] 0.026811462 s
[STANDARD DEVIATION] 0.000086301 s

FEN: rnbqkb1r/pp3pp1/2p1pn1p/8/2pP3B/2N2N2/PP2PPPP/R2QKB1R w KQkq - 0 7
        [0]         [1]         [2]         [3]         [4]         [5]         [6]         [7]         [8]         [9]
[0] 0.047002506 0.047301038 0.047126282 0.046992636 0.047316656 0.047351826 0.046742661 0.046938189 0.047027976 0.047098665 
[1] 0.047367679 0.047116971 0.046930018 0.047345263 0.047127540 0.047001449 0.047021781 0.046955247 0.046989454 0.046994656 
[2] 0.047091111 0.046841231 0.047290702 0.046999327 0.047168666 0.046499211 0.046714533 0.047002647 0.046946998 0.047110563 
[3] 0.047260305 0.046996533 0.047181054 0.047362770 0.047286097 0.047226502 0.047359753 0.047032886 0.046887294 0.047419964 
[4] 0.046988299 0.047009054 0.047033106 0.047163275 0.047260988 0.047090698 0.047028317 0.047199668 0.046987890 0.047009104 
[5] 0.047010562 0.047086736 0.046917837 0.046823587 0.046601622 0.046737713 0.046591303 0.046647789 0.046740259 0.046722059 
[6] 0.047075025 0.047202079 0.047215172 0.046939339 0.046969339 0.047105534 0.047232797 0.047289144 0.047120878 0.047209365 
[7] 0.047016153 0.047185986 0.047096204 0.046978875 0.046926889 0.046914110 0.046928462 0.046925575 0.047114516 0.047523560 
[8] 0.046988144 0.047083183 0.046982612 0.047307299 0.046748809 0.047143840 0.046878553 0.047030205 0.047249874 0.047204115 
[9] 0.047046885 0.046954625 0.047028262 0.047219573 0.046794764 0.047227229 0.047114020 0.047046506 0.047031903 0.047009375 
[AVERAGE] 0.047051353 s
[STANDARD DEVIATION] 0.000189754 s

FEN: r3k2r/pppqb1pp/2np1n2/4p2b/P1B1P3/2N1BN1P/1PP2PP1/R2Q1RK1 b kq - 0 11
        [0]         [1]         [2]         [3]         [4]         [5]         [6]         [7]         [8]         [9]
[0] 0.105552012 0.105105790 0.105268160 0.105506006 0.105167695 0.105126203 0.105875969 0.105353992 0.105058170 0.105507034 
[1] 0.105274421 0.105605408 0.105482314 0.105264201 0.105614247 0.104903023 0.105221141 0.105788268 0.104981277 0.105209179 
[2] 0.105404207 0.105248535 0.105283534 0.105385592 0.105371316 0.105601818 0.104901391 0.104551129 0.105225440 0.105053997 
[3] 0.105591496 0.105481706 0.105352348 0.105547001 0.105321209 0.104969050 0.105204296 0.105625328 0.105105229 0.105415573 
[4] 0.105829445 0.105561101 0.105699178 0.105252115 0.105647383 0.105564045 0.105243083 0.105522190 0.105493835 0.105384307 
[5] 0.105253176 0.105257901 0.105347848 0.105349323 0.105401912 0.105479617 0.105447555 0.105344497 0.105095486 0.105278799 
[6] 0.105206553 0.105074786 0.105627176 0.105523438 0.105463707 0.105444185 0.105515757 0.105216354 0.105108732 0.105168527 
[7] 0.104935636 0.105816996 0.105278983 0.105177395 0.105298272 0.105303611 0.105046496 0.105118097 0.105352241 0.105194624 
[8] 0.105185572 0.105621500 0.105566361 0.105227440 0.104910427 0.104917714 0.105754161 0.105452379 0.105569634 0.105404960 
[9] 0.105597075 0.105410895 0.104940677 0.105244850 0.105467632 0.105135242 0.105441482 0.105468210 0.105069275 0.105500379 
[AVERAGE] 0.105337149 s
[STANDARD DEVIATION] 0.000237433 s

FEN: r3k2r/1ppqb1pp/p1np1n2/4p2b/P1B1P3/2N1BN1P/1PP2PP1/R2QR1K1 b kq - 1 12
        [0]         [1]         [2]         [3]         [4]         [5]         [6]         [7]         [8]         [9]
[0] 0.117712302 0.117619881 0.117590941 0.117965480 0.117942638 0.117636234 0.118010766 0.117597808 0.117809331 0.118755636 
[1] 0.117727087 0.117542465 0.117887732 0.117746306 0.117897942 0.117671000 0.117564111 0.117927209 0.117942393 0.117840160 
[2] 0.117452218 0.117767059 0.117773314 0.117864062 0.117460747 0.118042623 0.117639481 0.117642004 0.117543101 0.117213683 
[3] 0.117656362 0.118000679 0.117204679 0.117662683 0.117898282 0.117459648 0.118015145 0.117896146 0.117616604 0.117606633 
[4] 0.117892544 0.117595111 0.117604274 0.117726674 0.117729402 0.117808789 0.117939661 0.117734289 0.117960526 0.117979011 
[5] 0.117212315 0.117651548 0.117387886 0.117810463 0.118214783 0.118024392 0.117662904 0.118332070 0.117481493 0.118170540 
[6] 0.117747637 0.117839654 0.117766813 0.117437431 0.117785026 0.117936716 0.117803492 0.117578889 0.117969613 0.117558399 
[7] 0.117687692 0.117616484 0.117714229 0.117380774 0.117303595 0.117913494 0.117738107 0.117750583 0.117839211 0.118642859 
[8] 0.117777054 0.117642831 0.117568024 0.118054182 0.117681396 0.117723695 0.117330383 0.117697441 0.117640425 0.117965297 
[9] 0.117568446 0.117620661 0.117548187 0.118050931 0.117784303 0.117935814 0.118036062 0.117788488 0.116593760 0.116467908 
[AVERAGE] 0.117732072 s
[STANDARD DEVIATION] 0.000304778 s

FEN: rn1qkb1r/1pp2ppp/p3bn2/3p2B1/3P4/2N1PN2/PP3PPP/R2QKB1R b KQkq - 0 7
        [0]         [1]         [2]         [3]         [4]         [5]         [6]         [7]         [8]         [9]
[0] 0.034246882 0.034354554 0.034090231 0.033873823 0.033903805 0.034138198 0.034167165 0.033912965 0.033861278 0.033914815 
[1] 0.034408835 0.034408955 0.034475744 0.034307918 0.034252135 0.034375677 0.034561446 0.034299630 0.034192662 0.034490411 
[2] 0.034274212 0.034593046 0.034294982 0.034361096 0.034306394 0.034327331 0.034280568 0.034383480 0.034275801 0.034557804 
[3] 0.034278895 0.034106106 0.034523041 0.034369460 0.034585271 0.034321173 0.034274924 0.034311423 0.034306443 0.034436693 
[4] 0.034033008 0.034497045 0.034076781 0.034175690 0.034391923 0.034388519 0.034401777 0.034564787 0.034403142 0.034422776 
[5] 0.034283806 0.034341339 0.034268939 0.034332329 0.034720716 0.034444583 0.034179928 0.034481363 0.034566514 0.034257854 
[6] 0.034350804 0.034498669 0.034227056 0.034279499 0.034149858 0.034368805 0.034182816 0.034219348 0.034118794 0.034185488 
[7] 0.034334437 0.034134651 0.034243991 0.034143701 0.034242835 0.034297177 0.034310303 0.034452498 0.034310387 0.034484523 
[8] 0.034402934 0.034561842 0.034361916 0.034321875 0.033996328 0.034448766 0.034320633 0.034411996 0.034322303 0.034378418 
[9] 0.034214815 0.034474894 0.034161025 0.034771186 0.034268774 0.034095627 0.034177943 0.034538221 0.034480077 0.034192593 
[AVERAGE] 0.034310759 s
[STANDARD DEVIATION] 0.000172698 s

FEN: r2qkb1r/1p1n1p1p/p1bpp3/2p5/4P3/2N3QP/PPP2PP1/R1B1RBK1 b kq - 1 13
        [0]         [1]         [2]         [3]         [4]         [5]         [6]         [7]         [8]         [9]
[0] 0.027517527 0.027557072 0.027198827 0.027321145 0.027322714 0.027267033 0.027293373 0.027286086 0.027306114 0.027304977 
[1] 0.027308452 0.027389468 0.027330065 0.027348923 0.027331021 0.027643963 0.027347145 0.027256656 0.027405310 0.027284175 
[2] 0.027626739 0.027449581 0.027427681 0.027213535 0.027427120 0.027172336 0.027323055 0.027327157 0.027366265 0.027422643 
[3] 0.027303914 0.027358582 0.027519842 0.027444216 0.027502916 0.027386383 0.027534916 0.027278583 0.027327610 0.027288246 
[4] 0.027214212 0.027381252 0.027299302 0.027180693 0.027440447 0.027416418 0.027497221 0.027372509 0.027412678 0.027320870 
[5] 0.027342431 0.027304239 0.027308918 0.027338977 0.027312703 0.027329198 0.027202811 0.027384515 0.027457513 0.027333639 
[6] 0.027140025 0.027429548 0.027425321 0.027433119 0.027367585 0.027399451 0.027291311 0.027298791 0.027377967 0.027469035 
[7] 0.027302726 0.027358483 0.027359288 0.027347433 0.027348760 0.027412360 0.027418653 0.027493966 0.027287027 0.027364872 
[8] 0.027511861 0.027373193 0.027592826 0.027519424 0.027186690 0.027447337 0.027480899 0.027236064 0.027182903 0.027457664 
[9] 0.027303906 0.027489758 0.027429601 0.027431697 0.027511190 0.027441667 0.027403920 0.027242965 0.027493648 0.027377815 
[AVERAGE] 0.027370127 s
[STANDARD DEVIATION] 0.000101075 s

FEN: rn1q1rk1/p1p2ppp/bp3n2/3p4/1b1P4/2N1PN2/PPBB1PPP/R2QK2R b KQ - 3 9
        [0]         [1]         [2]         [3]         [4]         [5]         [6]         [7]         [8]         [9]
[0] 0.012335039 0.012229425 0.012202774 0.012207608 0.012250691 0.012276770 0.012234822 0.012150885 0.012210802 0.012275436 
[1] 0.012236992 0.012110091 0.012223026 0.012235159 0.012244980 0.012222457 0.012199592 0.012295437 0.012286661 0.012233725 
[2] 0.012140598 0.012216500 0.012268696 0.012138975 0.012348695 0.012364090 0.012227850 0.012189266 0.012141679 0.012310674 
[3] 0.012217372 0.012153012 0.012211678 0.012189025 0.012312064 0.012295685 0.012193532 0.012285019 0.012209973 0.012213184 
[4] 0.012144233 0.012222229 0.012179789 0.012293360 0.012290551 0.012331225 0.012338617 0.012327412 0.012255546 0.012227998 
[5] 0.012260863 0.012243867 0.012339758 0.012128997 0.012247769 0.012363328 0.012372156 0.012226182 0.012184694 0.012259341 
[6] 0.012241955 0.012288930 0.012212775 0.012261383 0.012247219 0.012222878 0.012243175 0.012227551 0.012240075 0.012328914 
[7] 0.012202238 0.012265171 0.012254002 0.012211665 0.012262230 0.012146953 0.012185304 0.012316881 0.012281214 0.012222439 
[8] 0.012325795 0.012296181 0.012043222 0.012149573 0.012328491 0.012223669 0.012245322 0.012233963 0.012155535 0.012252760 
[9] 0.012271352 0.012233175 0.012266414 0.012285233 0.012201949 0.012165025 0.012336939 0.012205036 0.012277123 0.012311610 
[AVERAGE] 0.012241992 s
[STANDARD DEVIATION] 0.000061519 s

FEN: rnbq1rk1/pp2bppp/4pn2/3p4/2PN4/6P1/PPQ1PPBP/RNB2RK1 b - - 0 8
        [0]         [1]         [2]         [3]         [4]         [5]         [6]         [7]         [8]         [9]
[0] 0.023309339 0.023202229 0.023241453 0.023192876 0.023100784 0.023390055 0.023137731 0.023076550 0.023194602 0.023236121 
[1] 0.023280355 0.023204679 0.023245848 0.023255709 0.023061101 0.023179160 0.023170111 0.023280894 0.023226770 0.023193622 
[2] 0.023362373 0.023219213 0.023336505 0.023162291 0.023183071 0.023209657 0.023165796 0.023212973 0.023221806 0.023206778 
[3] 0.023271061 0.023268452 0.023409563 0.023286536 0.023157874 0.023262738 0.023332147 0.023593099 0.023825066 0.023067977 
[4] 0.023295981 0.023259658 0.023273724 0.023250015 0.023333077 0.023282489 0.023374676 0.023333010 0.023191546 0.023268254 
[5] 0.023010910 0.023323532 0.023210010 0.023405441 0.023364838 0.023331358 0.023302507 0.023234957 0.023252708 0.023081686 
[6] 0.023302833 0.023197406 0.023206057 0.023208123 0.023288295 0.023337076 0.023348299 0.023266645 0.023295081 0.023186350 
[7] 0.023139045 0.023343422 0.023263174 0.023283616 0.023164868 0.023246207 0.023250015 0.023078396 0.023312126 0.023203146 
[8] 0.023167489 0.023258348 0.023194491 0.023423925 0.023631077 0.023327859 0.023234559 0.023209558 0.023167031 0.023146461 
[9] 0.023341454 0.023178993 0.023189544 0.023261575 0.023180078 0.023163123 0.023118252 0.023315257 0.023270571 0.023259860 
[AVERAGE] 0.023252750 s
[STANDARD DEVIATION] 0.000112251 s

FEN: rnbqkb1r/pp1p1ppp/4pn2/2p5/2PP4/4PN2/PP3PPP/RNBQKB1R b KQkq - 0 4
        [0]         [1]         [2]         [3]         [4]         [5]         [6]         [7]         [8]         [9]
[0] 0.011161523 0.011093899 0.010933739 0.011154943 0.011019167 0.010951166 0.010949965 0.011028861 0.010869606 0.010857309 
[1] 0.010956144 0.010871750 0.010944387 0.011000531 0.010850046 0.011002167 0.010928272 0.011087586 0.010867105 0.010926151 
[2] 0.011017573 0.010915355 0.010811259 0.010914337 0.011090968 0.011047540 0.011122166 0.011008224 0.010869981 0.010844754 
[3] 0.011041293 0.010993530 0.010922761 0.010751251 0.010716194 0.011146634 0.011247541 0.010788653 0.010888567 0.010804399 
[4] 0.011062610 0.010893565 0.010754883 0.011011792 0.010931659 0.011060105 0.010784607 0.010849477 0.011044860 0.011065503 
[5] 0.010910910 0.010820845 0.010757303 0.010931672 0.011215525 0.011005711 0.010927932 0.010893312 0.011024318 0.011070684 
[6] 0.010897143 0.010968740 0.011309394 0.011335125 0.011380778 0.011121200 0.011066959 0.010933241 0.011182404 0.011114547 
[7] 0.011035003 0.010803063 0.010987260 0.010941096 0.010845802 0.011025080 0.010971675 0.010938986 0.011106351 0.010853148 
[8] 0.010884497 0.010906044 0.010820707 0.010926110 0.011043914 0.011067434 0.011132682 0.010890329 0.011138314 0.011120883 
[9] 0.011183094 0.011001442 0.010824408 0.011007782 0.010956068 0.010991333 0.010806471 0.010787599 0.010840076 0.010903214 
[AVERAGE] 0.010974640 s
[STANDARD DEVIATION] 0.000132383 s

FEN: rnbqk2r/ppp2ppp/4pn2/3p4/1bPP4/2N2P2/PP2P1PP/R1BQKBNR w KQkq - 0 5
        [0]         [1]         [2]         [3]         [4]         [5]         [6]         [7]         [8]         [9]
[0] 0.004502764 0.004505904 0.004526717 0.004588573 0.004548659 0.004481041 0.004535005 0.004492592 0.004519745 0.004478238 
[1] 0.004487517 0.004499993 0.004527073 0.004508679 0.004520962 0.004530729 0.004551390 0.004574685 0.004542494 0.004516921 
[2] 0.004496990 0.004536845 0.004539318 0.004546794 0.004561869 0.004512791 0.004481083 0.004574249 0.004451522 0.004499818 
[3] 0.004560552 0.004487726 0.004517127 0.004470153 0.004534714 0.004501738 0.004553828 0.004516193 0.004559098 0.004476030 
[4] 0.004556408 0.004613574 0.004530983 0.004449240 0.004632833 0.004523524 0.004499697 0.004563619 0.004512389 0.004625883 
[5] 0.004575631 0.004440550 0.004558805 0.004529217 0.004479916 0.004504430 0.004518907 0.004446471 0.004556063 0.004482003 
[6] 0.004592425 0.004565082 0.004490954 0.004498295 0.004560045 0.004488802 0.004592103 0.004494893 0.004500313 0.004562150 
[7] 0.004541846 0.004513628 0.004616533 0.004573234 0.004559421 0.004508882 0.004474681 0.004501219 0.004565861 0.004545439 
[8] 0.004534445 0.004582088 0.004507746 0.004600253 0.004525700 0.004497862 0.004557368 0.004582905 0.004515665 0.004559390 
[9] 0.004533399 0.004481875 0.004529178 0.004535378 0.004496903 0.004527992 0.004585092 0.004517874 0.004520088 0.004545384 
[AVERAGE] 0.004529007 s
[STANDARD DEVIATION] 0.000039848 s

FEN: rnbqr1k1/pp1p1ppp/2p2n2/4p3/2P1P3/2P2PP1/P2P1K1P/R1BQ1BNR w - - 0 8
        [0]         [1]         [2]         [3]         [4]         [5]         [6]         [7]         [8]         [9]
[0] 0.012461451 0.012372370 0.012399238 0.012371713 0.012398720 0.012356406 0.012634469 0.012391868 0.012350355 0.012288764 
[1] 0.012373247 0.012381268 0.012394259 0.012414884 0.012299869 0.012380265 0.012335852 0.012385375 0.012298167 0.012449689 
[2] 0.012387107 0.012217257 0.012471080 0.012197718 0.012283089 0.012384383 0.012342000 0.012298427 0.012313075 0.012251556 
[3] 0.012451465 0.012421008 0.012353757 0.012564942 0.012301290 0.012527748 0.012276577 0.012322093 0.012499362 0.012309746 
[4] 0.012467665 0.012290147 0.012347117 0.012396367 0.012315399 0.012345214 0.012365916 0.012363685 0.012296173 0.012497375 
[5] 0.012375038 0.012312556 0.012395160 0.012329990 0.012388842 0.012459764 0.012337447 0.012384291 0.012344125 0.012307122 
[6] 0.012424941 0.012417471 0.012417433 0.012340066 0.012453152 0.012391116 0.012424174 0.012389999 0.012373844 0.012404031 
[7] 0.012422975 0.012396000 0.012398389 0.012334380 0.012424403 0.012368515 0.012492159 0.012355958 0.012276386 0.012358491 
[8] 0.012439766 0.012451629 0.012358320 0.012329191 0.012348551 0.012430421 0.012339559 0.012428531 0.012460440 0.012382142 
[9] 0.012431330 0.012383368 0.012272498 0.012500767 0.012366485 0.012375774 0.012322996 0.012266320 0.012474458 0.012315373 
[AVERAGE] 0.012377731 s
[STANDARD DEVIATION] 0.000071275 s

FEN: r1bq1rk1/1p2bppp/p1n1pn2/8/P1BP4/2N1BN2/1P3PPP/R2Q1RK1 w - - 3 11
        [0]         [1]         [2]         [3]         [4]         [5]         [6]         [7]         [8]         [9]
[0] 0.019510218 0.019725089 0.019943432 0.019608360 0.019457737 0.019525490 0.019504658 0.019578501 0.019493311 0.019427058 
[1] 0.019473165 0.019488906 0.019414987 0.019530255 0.019508703 0.019439624 0.019544365 0.019459278 0.019461365 0.019391997 
[2] 0.019546332 0.019398078 0.019447372 0.019519168 0.019465523 0.019509749 0.019440258 0.019363374 0.019488407 0.019469497 
[3] 0.019401761 0.019518230 0.019481043 0.019552466 0.019476193 0.019402972 0.019523054 0.019416682 0.019564703 0.019460557 
[4] 0.019448589 0.019368639 0.019583396 0.019512469 0.019513369 0.019622317 0.019500406 0.019472540 0.019458157 0.019472095 
[5] 0.019502333 0.019611990 0.019467528 0.019416312 0.019549274 0.019413163 0.019541981 0.019492577 0.019518634 0.019485762 
[6] 0.019519523 0.019529303 0.019439478 0.019535821 0.019533811 0.019566145 0.019586443 0.019372517 0.019373324 0.019517472 
[7] 0.019458697 0.019462387 0.019458206 0.019454675 0.019545884 0.019493317 0.019477503 0.019536358 0.019456963 0.019581427 
[8] 0.019586068 0.019521025 0.019442122 0.019487515 0.019589113 0.019622085 0.019424318 0.019456017 0.019543279 0.019616710 
[9] 0.019519107 0.019535501 0.019395893 0.019511515 0.019385390 0.019343864 0.019501021 0.019419064 0.019421359 0.019364445 
[AVERAGE] 0.019494681 s
[STANDARD DEVIATION] 0.000081514 s

FEN: rn1q1rk1/pbpp1ppp/8/3nP3/2BP4/5PP1/P6P/R1BQK1NR w KQ - 1 11
        [0]         [1]         [2]         [3]         [4]         [5]         [6]         [7]         [8]         [9]
[0] 0.014360263 0.014193255 0.014019366 0.014206379 0.014149993 0.014131244 0.014171743 0.014181611 0.014110169 0.014215433 
[1] 0.014114903 0.014165944 0.014046523 0.014225909 0.014116214 0.014285124 0.014137545 0.014126210 0.014098387 0.014107164 
[2] 0.014210259 0.014281711 0.014194412 0.014096978 0.014113245 0.014151369 0.014210934 0.014204431 0.014105934 0.014148634 
[3] 0.014155618 0.014077359 0.014056149 0.014127153 0.014230826 0.014373023 0.014167473 0.014137917 0.014228829 0.014090110 
[4] 0.014187702 0.014122251 0.014082055 0.014300985 0.014121502 0.014138883 0.014112881 0.014208145 0.014141137 0.014150508 
[5] 0.014093884 0.014146857 0.014261399 0.014112443 0.014163560 0.014157953 0.014151584 0.014129380 0.014173824 0.014183693 
[6] 0.014080168 0.014142313 0.014201232 0.014048640 0.014183851 0.014208115 0.014157292 0.014106750 0.014255990 0.014142338 
[7] 0.014163243 0.014210120 0.014108683 0.014150528 0.014152870 0.014181086 0.014115908 0.014128588 0.014208988 0.014191080 
[8] 0.014215770 0.014115249 0.014214635 0.014192030 0.014073564 0.014116627 0.014177394 0.014121342 0.014196817 0.014178290 
[9] 0.014098709 0.014176391 0.014155030 0.014113718 0.014175333 0.014112450 0.014153695 0.014070264 0.014131262 0.014129922 
[AVERAGE] 0.014157226 s
[STANDARD DEVIATION] 0.000060719 s

FEN: r2qk2r/1p1n1ppp/p1pbbn2/3p2B1/3P4/2NBPN1P/PP3PP1/R2QK2R w KQkq - 0 10
        [0]         [1]         [2]         [3]         [4]         [5]         [6]         [7]         [8]         [9]
[0] 0.086445937 0.086360013 0.086471905 0.086625915 0.086728088 0.086545144 0.086242966 0.086387260 0.086312593 0.086567807 
[1] 0.087023737 0.086836974 0.086475464 0.086369778 0.086590355 0.086480849 0.086202679 0.086519050 0.086464116 0.086471471 
[2] 0.086916365 0.086275009 0.086231742 0.086186943 0.086315977 0.086451248 0.086447912 0.086364316 0.086462674 0.086484360 
[3] 0.086322322 0.086597759 0.086507172 0.086608748 0.086636631 0.087444221 0.086484896 0.086359850 0.086416619 0.086427239 
[4] 0.087563499 0.086210435 0.086664636 0.086293782 0.086357462 0.086445053 0.086527038 0.086466149 0.086604012 0.086638218 
[5] 0.086744046 0.086588346 0.086765476 0.086396510 0.086602311 0.086721658 0.086401110 0.086640032 0.086582659 0.086543980 
[6] 0.087325640 0.086754692 0.086438244 0.086552036 0.086572919 0.086619783 0.086322473 0.086781657 0.086351864 0.086518459 
[7] 0.086251472 0.086506537 0.086510116 0.086497274 0.086374882 0.086482791 0.086760058 0.086471961 0.086799323 0.086218481 
[8] 0.085880499 0.086016301 0.086227772 0.086882035 0.086466315 0.086538639 0.086621260 0.086592522 0.086542074 0.086408925 
[9] 0.086377869 0.086489697 0.086388831 0.086590524 0.086666892 0.086520252 0.086696024 0.086251336 0.086628456 0.086616955 
[AVERAGE] 0.086523344 s
[STANDARD DEVIATION] 0.000244649 s

FEN: r1bq1rk1/pp2bppp/2n1pn2/2pp4/P3PB2/3P1NP1/1PP2PBP/RN1Q1RK1 b - - 2 8
        [0]         [1]         [2]         [3]         [4]         [5]         [6]         [7]         [8]         [9]
[0] 0.015165595 0.014968743 0.015009337 0.014925409 0.015132054 0.015092759 0.015053773 0.014970226 0.015122861 0.014970233 
[1] 0.015018260 0.014941364 0.014986254 0.015065241 0.014995372 0.015105144 0.014979878 0.015042235 0.015028082 0.015058686 
[2] 0.015002539 0.014992429 0.015080560 0.015013112 0.015107902 0.014984854 0.014967935 0.015027019 0.015022722 0.014895958 
[3] 0.015087200 0.015035833 0.015063245 0.015101254 0.015030435 0.014886787 0.014966669 0.015003287 0.015067688 0.014964703 
[4] 0.014953981 0.015028455 0.015021300 0.015009608 0.015008397 0.015124901 0.014973495 0.015033680 0.015071232 0.015075579 
[5] 0.014969846 0.014968167 0.014930279 0.014971241 0.015232134 0.014968522 0.015050602 0.015013908 0.015007108 0.015090046 
[6] 0.015071013 0.015074800 0.014953778 0.014973971 0.015043389 0.014999159 0.015110422 0.015007619 0.015013913 0.015034140 
[7] 0.014940922 0.014986849 0.015064652 0.015036857 0.015019118 0.015004578 0.014988476 0.015033630 0.014938393 0.015050466 
[8] 0.014934069 0.015016339 0.014987495 0.014981560 0.014933983 0.015064581 0.014943430 0.014965020 0.014969855 0.015076878 
[9] 0.014903547 0.015024272 0.015005119 0.015038565 0.014936437 0.015115594 0.014904177 0.015059646 0.014974792 0.015054626 
[AVERAGE] 0.015016722 s
[STANDARD DEVIATION] 0.000061195 s

FEN: r1bqr1k1/ppp2ppp/2n5/2bnp3/8/2NP1NP1/PP2PPBP/R1BQ1RK1 w - - 1 9
        [0]         [1]         [2]         [3]         [4]         [5]         [6]         [7]         [8]         [9]
[0] 0.026279622 0.026243967 0.026156953 0.026359367 0.026187777 0.026227568 0.026149188 0.026390203 0.026370406 0.026202916 
[1] 0.026199849 0.026228667 0.026138706 0.026166113 0.026368101 0.026280708 0.026126008 0.026157647 0.026403334 0.026305960 
[2] 0.026195073 0.026178696 0.026068998 0.026095320 0.026256908 0.026067769 0.026276021 0.026201805 0.026217253 0.026198562 
[3] 0.026156534 0.026201503 0.026188945 0.026122764 0.026280080 0.026368677 0.026209667 0.026311524 0.026209030 0.026283261 
[4] 0.026364323 0.026248027 0.026414590 0.026281051 0.026446994 0.026174550 0.026369983 0.026214400 0.026078755 0.026142376 
[5] 0.026320221 0.026273538 0.026287137 0.026182752 0.026088559 0.026156018 0.025952214 0.025876256 0.025875724 0.026121203 
[6] 0.025986239 0.025984424 0.025948724 0.026077647 0.025923226 0.026027660 0.025887048 0.026088803 0.026009202 0.026058303 
[7] 0.025865493 0.025870367 0.026019288 0.025795213 0.026081165 0.026192837 0.026290288 0.026286912 0.026210597 0.026124956 
[8] 0.026118168 0.026144598 0.026131348 0.026299176 0.026048457 0.026120444 0.026134404 0.025984710 0.026224751 0.026162816 
[9] 0.026261548 0.026249309 0.026140487 0.026181594 0.026268167 0.026227067 0.026371698 0.026351645 0.026175683 0.026107809 
[AVERAGE] 0.026173324 s
[STANDARD DEVIATION] 0.000135681 s

FEN: rnbqk2r/ppp2pp1/5n1p/3p4/1b1P3B/2N2N2/PP2PPPP/R2QKB1R b KQkq - 1 7
        [0]         [1]         [2]         [3]         [4]         [5]         [6]         [7]         [8]         [9]
[0] 0.021815376 0.021747376 0.021559161 0.021667008 0.021657634 0.021642886 0.021586788 0.021636892 0.021658513 0.021773791 
[1] 0.021684531 0.021677900 0.021438925 0.021515657 0.021642054 0.021660537 0.021695726 0.021607575 0.021602904 0.021661393 
[2] 0.021669070 0.021670156 0.021692389 0.021753198 0.021634385 0.021823999 0.021606496 0.021803747 0.021702325 0.021641544 
[3] 0.021684424 0.021703099 0.021618948 0.021705369 0.021782906 0.021703800 0.021797964 0.021710865 0.021663109 0.021556733 
[4] 0.021677874 0.021583743 0.021680458 0.021668264 0.021805732 0.021729012 0.021685228 0.021648538 0.021567402 0.021755553 
[5] 0.021608869 0.021753686 0.021616458 0.021591838 0.021583586 0.021657943 0.021790211 0.021663204 0.021628049 0.021704592 
[6] 0.021640110 0.021658764 0.021608113 0.021667296 0.021675970 0.021573044 0.021725122 0.021460417 0.021570804 0.021695692 
[7] 0.021631413 0.021782785 0.021730898 0.021685968 0.021821909 0.021739675 0.021723683 0.021680184 0.021728169 0.021556619 
[8] 0.021506797 0.021676969 0.021577920 0.021714630 0.021581299 0.021547360 0.021689232 0.021669371 0.021564502 0.021627280 
[9] 0.021668950 0.021665658 0.021701271 0.021578888 0.021676030 0.021836147 0.021747317 0.021686999 0.021683060 0.021729875 
[AVERAGE] 0.021667436 s
[STANDARD DEVIATION] 0.000077621 s

FEN: 2r5/1p2kp2/p3pn1P/6R1/6p1/2P3P1/2PR4/6K1 b - - 4 31
        [0]         [1]         [2]         [3]         [4]         [5]         [6]         [7]         [8]         [9]
[0] 0.003547165 0.003466554 0.003527040 0.003476429 0.003494454 0.003466802 0.003530384 0.003503681 0.003524151 0.003465827 
[1] 0.003502362 0.003478937 0.003526692 0.003507313 0.003512994 0.003480016 0.003518496 0.003471465 0.003535247 0.003470378 
[2] 0.003531192 0.003473290 0.003521628 0.003494701 0.003506890 0.003460073 0.003488717 0.003487975 0.003522224 0.003464856 
[3] 0.003510673 0.003485785 0.003550015 0.003488340 0.003510931 0.003464963 0.003518345 0.003464245 0.003516528 0.003492585 
[4] 0.003508189 0.003474900 0.003496175 0.003478695 0.003517819 0.003481567 0.003534214 0.003475309 0.003511285 0.003452145 
[5] 0.003521499 0.003471203 0.003523226 0.003501021 0.003498874 0.003466189 0.003514591 0.003501401 0.003555138 0.003466462 
[6] 0.003543638 0.003472564 0.003509580 0.003471969 0.003504847 0.003468935 0.003520504 0.003474419 0.003546249 0.003467592 
[7] 0.003538880 0.003448322 0.003524299 0.003508134 0.003514922 0.003493016 0.003527275 0.003492701 0.003533548 0.003493678 
[8] 0.003503850 0.003479391 0.003503394 0.003471999 0.003513882 0.003490274 0.003546934 0.003492028 0.003475620 0.003501884 
[9] 0.003520803 0.003484687 0.003560581 0.003469289 0.003553841 0.003465650 0.003499777 0.003480946 0.003523501 0.003511719 
[AVERAGE] 0.003500154 s
[STANDARD DEVIATION] 0.000026384 s

FEN: 1r4k1/p5p1/5p1p/q2p4/2rPn3/b1PQRN1P/P1RB1PP1/6K1 w - - 1 2
        [0]         [1]         [2]         [3]         [4]         [5]         [6]         [7]         [8]         [9]
[0] 0.016741559 0.016717879 0.016745138 0.016926400 0.016852709 0.016954802 0.016817884 0.016808592 0.016803433 0.016837746 
[1] 0.016984943 0.016799922 0.016755847 0.016834032 0.016780799 0.016716353 0.016829071 0.016730844 0.016871878 0.016851084 
[2] 0.016931941 0.016891198 0.016863874 0.016725092 0.016590273 0.016792662 0.016855840 0.016956383 0.016870108 0.016780405 
[3] 0.016722059 0.016633474 0.016843965 0.016802651 0.016772224 0.016929019 0.016920768 0.016718076 0.016822446 0.016778042 
[4] 0.016802055 0.016829399 0.016853761 0.016774445 0.016721587 0.016806201 0.016588747 0.016880756 0.016923214 0.016696585 
[5] 0.016778683 0.016943368 0.016881517 0.016609418 0.016794026 0.016878397 0.016855493 0.016723349 0.016768012 0.017043622 
[6] 0.016828214 0.016753907 0.016850796 0.016644296 0.016666944 0.016930803 0.016724411 0.016850007 0.016784783 0.016811393 
[7] 0.016762565 0.016732388 0.016918830 0.016892240 0.016910994 0.016962116 0.016910131 0.016912971 0.016841590 0.016870515 
[8] 0.016731252 0.016857991 0.017026017 0.016844329 0.016775267 0.016841668 0.016940772 0.016961855 0.016741206 0.016955026 
[9] 0.016983696 0.016889476 0.016807726 0.016665960 0.016923131 0.016746410 0.016793561 0.017049027 0.016774006 0.016860305 
[AVERAGE] 0.016824426 s
[STANDARD DEVIATION] 0.000096131 s

FEN: 5rk1/rNR2ppp/P3p3/3p4/2p5/2n1P3/R4PPP/6K1 w - - 0 1
        [0]         [1]         [2]         [3]         [4]         [5]         [6]         [7]         [8]         [9]
[0] 0.003033077 0.002987340 0.002990309 0.002971930 0.003006528 0.003042284 0.003100228 0.003017098 0.003103478 0.003076159 
[1] 0.003042751 0.003085927 0.002974579 0.003057621 0.003029170 0.003063648 0.003028895 0.003064068 0.003018924 0.003078549 
[2] 0.003087245 0.003024890 0.003042483 0.003001066 0.003071486 0.003005963 0.003063772 0.003004408 0.003015197 0.003013791 
[3] 0.003014042 0.003032437 0.002969257 0.003056605 0.002931735 0.002980711 0.003073934 0.003013318 0.003039818 0.002988404 
[4] 0.003118371 0.002987805 0.002990509 0.003049721 0.002985692 0.002989093 0.003011788 0.003052862 0.002998555 0.002990199 
[5] 0.003031856 0.003011543 0.003036488 0.002992691 0.003069206 0.002967548 0.003002780 0.003001555 0.003026149 0.003055803 
[6] 0.003021189 0.003056815 0.002995217 0.003065851 0.003021127 0.003010195 0.003053436 0.003022218 0.003073370 0.003008279 
[7] 0.003092672 0.002984231 0.003014030 0.003019354 0.003038085 0.003048467 0.003012047 0.003049878 0.002993182 0.003041995 
[8] 0.003017009 0.002962368 0.003048451 0.003000075 0.003058999 0.003022534 0.003074755 0.003030084 0.002999335 0.003072198 
[9] 0.003001443 0.003036443 0.003003772 0.003024737 0.002996430 0.003025291 0.003001937 0.003003476 0.003051587 0.002978968 
[AVERAGE] 0.003026049 s
[STANDARD DEVIATION] 0.000035038 s

FEN: r1bk2r1/ppp1n2p/3q3Q/1B2Np2/4n3/2P5/PP3PPP/RN3RK1 b - - 2 16
        [0]         [1]         [2]         [3]         [4]         [5]         [6]         [7]         [8]         [9]
[0] 0.032974136 0.032742759 0.032880121 0.032844150 0.032822367 0.032943074 0.032783351 0.032769777 0.032665467 0.032990267 
[1] 0.032823678 0.033034097 0.032711000 0.032936427 0.032883253 0.032755541 0.032869667 0.032713392 0.032794464 0.032850153 
[2] 0.032786651 0.032490883 0.033067903 0.032999353 0.032847983 0.032825870 0.032899945 0.032784766 0.032689219 0.032765453 
[3] 0.032697617 0.032798041 0.033004969 0.033016791 0.033074467 0.032958377 0.033140775 0.032688285 0.032945732 0.032768602 
[4] 0.032815639 0.032847238 0.032733143 0.032803330 0.032708082 0.032726185 0.032802422 0.032765422 0.032869120 0.032687759 
[5] 0.032921277 0.032956535 0.032780612 0.033034244 0.032874390 0.032943994 0.033068201 0.032822455 0.032781193 0.032826015 
[6] 0.032717499 0.032804941 0.032908946 0.032940576 0.032745266 0.032841638 0.032953851 0.032743372 0.033034823 0.032533080 
[7] 0.032872570 0.032950731 0.032527363 0.032649541 0.032937375 0.033022071 0.032723510 0.032875895 0.033036413 0.032880515 
[8] 0.032640544 0.032821396 0.032945217 0.032827209 0.032783546 0.032696044 0.032854189 0.032942141 0.032759521 0.033044830 
[9] 0.033242704 0.033228700 0.033056348 0.032968655 0.032965804 0.033201568 0.033026670 0.032884879 0.032820447 0.032830703 
[AVERAGE] 0.032860472 s
[STANDARD DEVIATION] 0.000141649 s

FEN: r2qkb1r/pp2nppp/3p4/2pNN1B1/2BnP3/3P4/PPP2PPP/R2bK2R w KQkq - 1 0
        [0]         [1]         [2]         [3]         [4]         [5]         [6]         [7]         [8]         [9]
[0] 0.015947524 0.015795445 0.015725524 0.015768100 0.015852038 0.015848844 0.015708917 0.015741152 0.015786277 0.015898018 
[1] 0.015805110 0.015885048 0.015807641 0.015875310 0.015785377 0.015836627 0.015791372 0.015806309 0.015859500 0.015809284 
[2] 0.015718350 0.015768644 0.015799256 0.015832149 0.015776318 0.015921115 0.015802574 0.015753150 0.015767087 0.015778310 
[3] 0.015721402 0.015774653 0.015757802 0.015872418 0.015842111 0.015793338 0.015917063 0.015784995 0.015873785 0.015820158 
[4] 0.015850361 0.015806044 0.015771612 0.015825625 0.015767058 0.015822778 0.015796245 0.015914762 0.015878037 0.015831162 
[5] 0.015885246 0.015822359 0.015984543 0.015803316 0.015794468 0.015779432 0.015764180 0.015815958 0.015868881 0.015768262 
[6] 0.015822827 0.015882482 0.015842424 0.015770515 0.015856257 0.015950023 0.015893172 0.015826625 0.015829730 0.015735243 
[7] 0.015891390 0.015878299 0.015873944 0.015819419 0.015815590 0.015864465 0.015814879 0.015866844 0.015719169 0.015900457 
[8] 0.015866575 0.015893060 0.015759182 0.015819290 0.015897384 0.016048073 0.015792203 0.015863628 0.015895610 0.015837490 
[9] 0.015819492 0.015821150 0.015822881 0.015891019 0.015813760 0.015864818 0.015780865 0.015807332 0.015788220 0.015740018 
[AVERAGE] 0.015826342 s
[STANDARD DEVIATION] 0.000059802 s

FEN: 1rb4r/pkPp3p/1b1P3n/1Q6/N3Pp2/8/P1P3PP/7K w - - 1 0
        [0]         [1]         [2]         [3]         [4]         [5]         [6]         [7]         [8]         [9]
[0] 0.001577278 0.001578794 0.001537112 0.001571684 0.001536833 0.001592337 0.001530793 0.001545159 0.001544131 0.001547840 
[1] 0.001570827 0.001563454 0.001524385 0.001560542 0.001568921 0.001556436 0.001530435 0.001535005 0.001562951 0.001566417 
[2] 0.001559338 0.001522533 0.001553556 0.001561984 0.001562174 0.001524288 0.001584860 0.001563032 0.001579168 0.001548120 
[3] 0.001561440 0.001541769 0.001573240 0.001554356 0.001522577 0.001570292 0.001575157 0.001547121 0.001528707 0.001559594 
[4] 0.001572658 0.001603993 0.001513530 0.001558210 0.001527366 0.001613382 0.001542898 0.001538232 0.001559123 0.001538716 
[5] 0.001617367 0.001527907 0.001560312 0.001529589 0.001596592 0.001534397 0.001554180 0.001514451 0.001554482 0.001580878 
[6] 0.001571050 0.001536703 0.001527565 0.001611553 0.001528948 0.001562033 0.001528784 0.001570768 0.001581144 0.001566708 
[7] 0.001534893 0.001566125 0.001570161 0.001579260 0.001526111 0.001555848 0.001546684 0.001562303 0.001554891 0.001536190 
[8] 0.001673272 0.001598502 0.001575946 0.001539789 0.001575497 0.001575714 0.001562973 0.001527919 0.001601916 0.001532028 
[9] 0.001602588 0.001526567 0.001555455 0.001528899 0.001582716 0.001567876 0.001527801 0.001566398 0.001527201 0.001599501 
[AVERAGE] 0.001557992 s
[STANDARD DEVIATION] 0.000026601 s

FEN: 4kb1r/p2n1ppp/4q3/4p1B1/4P3/1Q6/PPP2PPP/2KR4 w k - 1 0
        [0]         [1]         [2]         [3]         [4]         [5]         [6]         [7]         [8]         [9]
[0] 0.005273380 0.005307395 0.005356657 0.005353392 0.005317753 0.005270208 0.005349913 0.005308008 0.005383130 0.005252184 
[1] 0.005296450 0.005362460 0.005317754 0.005273080 0.005379804 0.005382710 0.005377831 0.005381089 0.005319745 0.005294868 
[2] 0.005317490 0.005317648 0.005318189 0.005262378 0.005333499 0.005305148 0.005327984 0.005392438 0.005338601 0.005358655 
[3] 0.005256556 0.005325960 0.005323915 0.005305281 0.005365677 0.005314759 0.005346769 0.005335502 0.005375091 0.005310231 
[4] 0.005246156 0.005411441 0.005378965 0.005312988 0.005381446 0.005335343 0.005335240 0.005284107 0.005294054 0.005338801 
[5] 0.005360207 0.005362445 0.005301865 0.005302344 0.005311511 0.005303645 0.005278515 0.005232290 0.005367806 0.005374129 
[6] 0.005305843 0.005419579 0.005289337 0.005432637 0.005366920 0.005327838 0.005328874 0.005404543 0.005352347 0.005322628 
[7] 0.005335948 0.005369205 0.005393427 0.005356452 0.005352839 0.005321957 0.005348047 0.005394777 0.005337528 0.005417679 
[8] 0.005314345 0.005352909 0.005296138 0.005365752 0.005460760 0.005384570 0.005386933 0.005274912 0.005313872 0.005351534 
[9] 0.005359346 0.005245661 0.005286540 0.005318130 0.005332350 0.005279976 0.005370982 0.005361413 0.005282960 0.005302382 
[AVERAGE] 0.005334227 s
[STANDARD DEVIATION] 0.000043931 s

FEN: r1b2k1r/ppp1bppp/8/1B1Q4/5q2/2P5/PPP2PPP/R3R1K1 w - - 1 0
        [0]         [1]         [2]         [3]         [4]         [5]         [6]         [7]         [8]         [9]
[0] 0.043797474 0.043549903 0.043436634 0.043572906 0.043623492 0.043336295 0.043568360 0.043476039 0.043371274 0.043179605 
[1] 0.043468397 0.043583848 0.043435291 0.043474565 0.043358464 0.043556920 0.043737701 0.043353274 0.043565917 0.043386567 
[2] 0.043375424 0.043758153 0.043418237 0.043162202 0.043384298 0.043287291 0.043501977 0.043560223 0.043610573 0.043380428 
[3] 0.043305698 0.043317942 0.043254196 0.043537707 0.043734907 0.043627702 0.043142758 0.043574510 0.043279917 0.043202372 
[4] 0.043473566 0.043132296 0.043198721 0.043581909 0.043317495 0.043642069 0.043906386 0.043274154 0.043311056 0.043552657 
[5] 0.043438415 0.043362059 0.043359737 0.043638099 0.043563343 0.043291258 0.043408502 0.043431016 0.043598308 0.043431290 
[6] 0.043271779 0.043275842 0.043560342 0.043389012 0.043455565 0.043189631 0.043533582 0.043580602 0.043329977 0.043678951 
[7] 0.043442055 0.043345512 0.043114957 0.043646685 0.043461615 0.043297678 0.043151142 0.043282606 0.043221985 0.043365367 
[8] 0.043343888 0.043413208 0.043458887 0.043283653 0.043428377 0.043320266 0.043172173 0.043432280 0.043133512 0.043583042 
[9] 0.043314055 0.043313145 0.043385970 0.043361172 0.043870333 0.043476956 0.043412379 0.043308417 0.043296351 0.043362002 
[AVERAGE] 0.043424267 s
[STANDARD DEVIATION] 0.000166535 s

FEN: 5rkr/pp2Rp2/1b1p1Pb1/3P2Q1/2n3P1/2p5/P4P2/4R1K1 w - - 1 0
        [0]         [1]         [2]         [3]         [4]         [5]         [6]         [7]         [8]         [9]
[0] 0.008248398 0.008227005 0.008263482 0.008080391 0.008326310 0.008277729 0.008260295 0.008159434 0.008225292 0.008303517 
[1] 0.008250726 0.008175877 0.008283698 0.008233408 0.008311928 0.008184221 0.008251007 0.008228210 0.008232530 0.008218186 
[2] 0.008272537 0.008184016 0.008142807 0.008286177 0.008124522 0.008378051 0.008084417 0.008247623 0.008152899 0.008129316 
[3] 0.008131570 0.008247206 0.008213367 0.008212712 0.008213210 0.008140439 0.008319878 0.008198788 0.008278673 0.008241158 
[4] 0.008445929 0.008197002 0.008266727 0.008545588 0.009613570 0.009584210 0.009005618 0.008302801 0.008273838 0.008238249 
[5] 0.008479028 0.008154867 0.008264377 0.008530593 0.008555211 0.008268311 0.008703754 0.008901899 0.009257551 0.008564567 
[6] 0.008275176 0.008918559 0.008412923 0.008596891 0.008232579 0.008256550 0.008550089 0.008335971 0.008373465 0.008168041 
[7] 0.008252170 0.008192635 0.008261259 0.008338046 0.008333256 0.008168649 0.008228089 0.008317669 0.008305236 0.008260914 
[8] 0.008177638 0.008251861 0.008242144 0.008306767 0.008228107 0.008276404 0.008188730 0.008397141 0.008248461 0.008198832 
[9] 0.008276741 0.008215056 0.008238690 0.008199050 0.008230079 0.008240052 0.008323747 0.008176506 0.008191850 0.008155991 
[AVERAGE] 0.008326367 s
[STANDARD DEVIATION] 0.000259924 s

FEN: rnbqk2r/p4p2/2pbpn1p/1p4p1/2pPP3/2N2NB1/PP2BPPP/R2QK2R w KQkq - 2 10
        [0]         [1]         [2]         [3]         [4]         [5]         [6]         [7]         [8]         [9]
[0] 0.043360407 0.043281748 0.043540553 0.043372900 0.043053795 0.043241499 0.043395702 0.043215013 0.043386501 0.043395660 
[1] 0.043237791 0.043224697 0.043110567 0.043137131 0.043197442 0.043435371 0.043305491 0.043192232 0.043195222 0.043235116 
[2] 0.043133195 0.043256347 0.043108282 0.043188718 0.043257094 0.043157471 0.043258113 0.043083731 0.043190857 0.043302136 
[3] 0.043415280 0.043359448 0.043171420 0.043202461 0.043428335 0.043002449 0.043234625 0.043194421 0.043114137 0.043199205 
[4] 0.043311616 0.043338657 0.043135784 0.043183075 0.043504306 0.043343705 0.043347431 0.043010687 0.043200773 0.043169078 
[5] 0.043379132 0.043220657 0.043252397 0.043242577 0.043241146 0.043202233 0.043378452 0.043057858 0.043180671 0.043307400 
[6] 0.043127597 0.043391381 0.043005533 0.043253102 0.043331556 0.043286681 0.043231315 0.043223761 0.043186499 0.043366653 
[7] 0.043282099 0.043233715 0.043273139 0.043351541 0.043348885 0.043175069 0.043277655 0.043218928 0.043329479 0.043101153 
[8] 0.043264340 0.043308134 0.043072988 0.043269371 0.043214153 0.042950667 0.043084875 0.043210695 0.043310624 0.043231143 
[9] 0.043176258 0.043373044 0.043256058 0.043094075 0.043235035 0.043075514 0.043182736 0.043389981 0.043107243 0.043035467 
[AVERAGE] 0.043236183 s
[STANDARD DEVIATION] 0.000113297 s

FEN: r1bqk2r/ppp1nppp/2np4/2b1p1N1/2B1P3/3P4/PPP2PPP/RNBQK2R w KQkq - 2 6
        [0]         [1]         [2]         [3]         [4]         [5]         [6]         [7]         [8]         [9]
[0] 0.014855885 0.014611143 0.014761714 0.014828593 0.014676395 0.014715335 0.014669642 0.014653661 0.014567506 0.014688021 
[1] 0.014686620 0.014568086 0.014708289 0.014594977 0.014708183 0.014689808 0.014580828 0.014637629 0.014799195 0.014672240 
[2] 0.014613665 0.014674868 0.014655614 0.014614770 0.014605137 0.014697953 0.014956718 0.014704427 0.014518663 0.015521214 
[3] 0.015274150 0.014579182 0.014467807 0.014567378 0.014506239 0.014537675 0.014539646 0.014505419 0.014605081 0.014482617 
[4] 0.014553470 0.014874954 0.014536097 0.014477925 0.014519420 0.014534069 0.014503756 0.014584422 0.014571127 0.014470758 
[5] 0.014481842 0.014547605 0.014434240 0.014515416 0.014601558 0.014494104 0.014590455 0.014485817 0.014523169 0.014627690 
[6] 0.014491731 0.014518583 0.014558478 0.014611372 0.014657998 0.014703057 0.014776768 0.014710558 0.014556061 0.014729607 
[7] 0.014567102 0.014550727 0.014664736 0.014681725 0.014783743 0.014727481 0.014546331 0.014631515 0.014683063 0.014698107 
[8] 0.014705721 0.014607760 0.014683911 0.014607464 0.014657742 0.014726909 0.014557784 0.014675268 0.014638279 0.014736670 
[9] 0.014740978 0.014661022 0.014663107 0.014603030 0.014672116 0.014743173 0.014665242 0.014617368 0.014593652 0.014634894 
[AVERAGE] 0.014642707 s
[STANDARD DEVIATION] 0.000145990 s

FEN: 8/pK1p3p/7p/1P4N1/8/6k1/5r2/8 w - - 0 2
        [0]         [1]         [2]         [3]         [4]         [5]         [6]         [7]         [8]         [9]
[0] 0.002854991 0.002856058 0.002835604 0.002870301 0.002838465 0.002839162 0.002899279 0.002847179 0.002843883 0.002836867 
[1] 0.002847909 0.002878971 0.002826998 0.002882437 0.002835362 0.002797784 0.002904338 0.002830675 0.002876297 0.002864807 
[2] 0.002871908 0.002858687 0.002809964 0.002885340 0.002852176 0.002882339 0.002867659 0.002847908 0.002872718 0.002803045 
[3] 0.002893375 0.002844767 0.002833924 0.002883683 0.002835221 0.002905543 0.002800463 0.002893387 0.002848129 0.002836807 
[4] 0.002899975 0.002828825 0.002892989 0.002810628 0.002837956 0.002892149 0.002839963 0.002891077 0.002849652 0.002844096 
[5] 0.002857071 0.002816386 0.002896554 0.002827307 0.002882401 0.002843991 0.002831151 0.002839866 0.002827943 0.002897742 
[6] 0.002822856 0.002842800 0.002875248 0.002831122 0.002840528 0.002856695 0.002845134 0.002901011 0.002851505 0.002882774 
[7] 0.002822284 0.002828122 0.002879877 0.002825420 0.002878606 0.002834995 0.002877367 0.002860785 0.002806012 0.002878735 
[8] 0.002829416 0.002874224 0.002877714 0.002828383 0.002906946 0.002794788 0.002865129 0.002829049 0.002840371 0.002878598 
[9] 0.002844434 0.002890534 0.002822068 0.002891941 0.002836017 0.002833478 0.002884792 0.002828366 0.002874474 0.002810329 
[AVERAGE] 0.002853851 s
[STANDARD DEVIATION] 0.000028329 s

FEN: 8/1p4pk/p4b1p/4p3/1P2P1q1/P1R2NPn/7P/3Q1B1K b - - 0 2
        [0]         [1]         [2]         [3]         [4]         [5]         [6]         [7]         [8]         [9]
[0] 0.011931962 0.011890917 0.011816144 0.011802097 0.011826202 0.011774455 0.011746378 0.011916873 0.011806432 0.011883306 
[1] 0.011968305 0.011781826 0.011842800 0.011791721 0.011861839 0.011804222 0.011927345 0.011822316 0.011747054 0.011800452 
[2] 0.011796331 0.011694641 0.011914116 0.011904728 0.011890141 0.011841741 0.011855249 0.011984718 0.011812520 0.011914009 
[3] 0.011827608 0.011829825 0.011785707 0.011875660 0.011868987 0.011790629 0.011820247 0.011918339 0.011891123 0.011834866 
[4] 0.011739284 0.011964164 0.011680970 0.011795023 0.011807390 0.011754198 0.011818496 0.011930413 0.011902839 0.011848785 
[5] 0.011844694 0.011907013 0.011901078 0.011804605 0.011911855 0.011814447 0.011855130 0.011831643 0.011905747 0.011883621 
[6] 0.011944938 0.011832462 0.011780604 0.011829684 0.011762657 0.011813703 0.011887106 0.011871937 0.011878395 0.011730332 
[7] 0.011925290 0.011852109 0.011923049 0.011877580 0.011875375 0.011907439 0.011827623 0.011845427 0.011856082 0.011918687 
[8] 0.011758223 0.011869236 0.011797318 0.011845453 0.011893667 0.011766332 0.011776256 0.011827863 0.011877105 0.011896476 
[9] 0.011805256 0.011876267 0.011834684 0.011811441 0.011908928 0.011937411 0.011728067 0.011776407 0.011877660 0.011931203 
[AVERAGE] 0.011846310 s
[STANDARD DEVIATION] 0.000062078 s

FEN: 2r5/2P4R/p3kp1p/n3pNpP/4P1P1/8/3b1P2/6K1 w - - 0 2
        [0]         [1]         [2]         [3]         [4]         [5]         [6]         [7]         [8]         [9]
[0] 0.001821377 0.001857619 0.001810430 0.001889134 0.001861654 0.001837103 0.001955267 0.001878830 0.001857210 0.001794012 
[1] 0.001879451 0.001808518 0.001835609 0.001876365 0.001868006 0.001828080 0.001797021 0.001829156 0.001857627 0.001832021 
[2] 0.001797473 0.001863017 0.001900074 0.001811561 0.001846440 0.001792047 0.001898824 0.001821037 0.001816795 0.001860771 
[3] 0.001852766 0.001823318 0.001813043 0.001914163 0.001799151 0.001879676 0.001802165 0.001919775 0.001797179 0.001842305 
[4] 0.001780047 0.001896793 0.001826443 0.001814270 0.001910377 0.001816610 0.001860928 0.001816531 0.001881843 0.001820648 
[5] 0.001847054 0.001846689 0.001823831 0.001867035 0.001801245 0.001839405 0.001849892 0.001829970 0.001824406 0.001865748 
[6] 0.001853663 0.001816326 0.001847621 0.001829168 0.001888348 0.001805194 0.001852949 0.001863820 0.001836416 0.001846841 
[7] 0.001789714 0.001864560 0.001791010 0.001804878 0.001792076 0.001877051 0.001799721 0.001827172 0.001833497 0.001862709 
[8] 0.001842156 0.001814639 0.001904589 0.001803158 0.001839153 0.001798353 0.001889823 0.001804561 0.001846543 0.001848055 
[9] 0.001876850 0.001876862 0.001793723 0.001863456 0.001814115 0.001832026 0.001805687 0.001912901 0.001883706 0.001796451 
[AVERAGE] 0.001841754 s
[STANDARD DEVIATION] 0.000035795 s

FEN: r3k2r/5ppp/p2q2b1/1p2p3/5BP1/7P/PPP1QP2/R5K1 w kq - 0 2
        [0]         [1]         [2]         [3]         [4]         [5]         [6]         [7]         [8]         [9]
[0] 0.012064570 0.011949776 0.011950537 0.012054638 0.011988715 0.011989409 0.012048679 0.011982594 0.011980485 0.012008389 
[1] 0.012019977 0.011934078 0.012049666 0.011956688 0.012017474 0.012018404 0.011909011 0.012120103 0.012020475 0.012001478 
[2] 0.012046144 0.012014467 0.012102230 0.012124913 0.011959368 0.012062588 0.012082068 0.012094438 0.011980574 0.012095237 
[3] 0.012079767 0.011894036 0.012021014 0.012102963 0.011991139 0.012045312 0.012110120 0.011988323 0.012127062 0.012032682 
[4] 0.011999298 0.012038081 0.012019947 0.011903591 0.012091069 0.012054236 0.012036014 0.011975422 0.012092617 0.012003547 
[5] 0.011955440 0.012000529 0.012091199 0.011956340 0.011898700 0.012055413 0.012073016 0.011935082 0.012039869 0.012033870 
[6] 0.012093301 0.012016590 0.012026607 0.012097791 0.012029612 0.011940228 0.012014161 0.011938191 0.012070210 0.011941034 
[7] 0.011944290 0.011980063 0.012068528 0.012105362 0.012130022 0.012020056 0.011975241 0.012036891 0.012123562 0.012036221 
[8] 0.011997583 0.012121214 0.011951830 0.011974750 0.012085542 0.012031888 0.012016074 0.012024219 0.011981596 0.011958871 
[9] 0.011983652 0.011941458 0.012000215 0.011993260 0.012018155 0.012070454 0.011994068 0.012074940 0.011943297 0.011959412 
[AVERAGE] 0.012019833 s
[STANDARD DEVIATION] 0.000058199 s

FEN: 5bk1/pp3Qpn/3q4/4NpP1/2p2P2/7P/4K3/8 b - - 0 2
        [0]         [1]         [2]         [3]         [4]         [5]         [6]         [7]         [8]         [9]
[0] 0.015710778 0.015825074 0.015791514 0.015661415 0.015606971 0.015744773 0.015702566 0.015605845 0.015653005 0.015659440 
[1] 0.015706493 0.015785890 0.015723380 0.015792756 0.015662144 0.015651380 0.015799580 0.015704237 0.015595234 0.015624316 
[2] 0.015775697 0.015949723 0.015742943 0.015784523 0.015670145 0.015657085 0.015614579 0.015737018 0.015679614 0.015728593 
[3] 0.015657021 0.015669875 0.015798324 0.015742638 0.015828787 0.015851561 0.015730027 0.015723299 0.015746869 0.015699454 
[4] 0.015830568 0.015591703 0.015832379 0.015809881 0.015676729 0.015789366 0.015827356 0.015739601 0.015800618 0.015712879 
[5] 0.015746623 0.015577777 0.015762924 0.015745621 0.015854785 0.015781368 0.015746377 0.015756585 0.015714257 0.015615608 
[6] 0.015667114 0.015862464 0.015757122 0.015768570 0.015751994 0.015863877 0.015649640 0.015781529 0.015791369 0.015794761 
[7] 0.015801127 0.015706197 0.015693580 0.015692808 0.015720910 0.015743864 0.015738504 0.015707942 0.015893280 0.015749120 
[8] 0.015692202 0.015670810 0.015984032 0.015744995 0.015670401 0.015635791 0.015783521 0.015837354 0.015722891 0.015663069 
[9] 0.015657732 0.015697435 0.015792741 0.015605074 0.015740719 0.015806720 0.015691827 0.015680708 0.015772547 0.015764646 
[AVERAGE] 0.015734586 s
[STANDARD DEVIATION] 0.000076757 s

FEN: 3r1r1k/p4q1n/1p5p/2p1bp1n/P2p3N/8/1PPQ1B1P/1K1R2R1 w - - 0 2
        [0]         [1]         [2]         [3]         [4]         [5]         [6]         [7]         [8]         [9]
[0] 0.017971711 0.017931921 0.018040539 0.018007164 0.017972222 0.017933106 0.017947529 0.017947561 0.018144014 0.018039466 
[1] 0.018035394 0.018091699 0.017943075 0.018089594 0.018023526 0.017903666 0.017988340 0.018010704 0.017947473 0.018084849 
[2] 0.017980382 0.017934596 0.017894513 0.017922088 0.017934547 0.017934271 0.018112837 0.018013140 0.017935347 0.017899741 
[3] 0.018036735 0.017916277 0.017938520 0.018027932 0.018005576 0.018008738 0.017948332 0.017943940 0.018034903 0.017953713 
[4] 0.017968016 0.017958866 0.018002190 0.017934626 0.017805154 0.017925513 0.017931959 0.018080786 0.018004251 0.017985130 
[5] 0.017974654 0.017910236 0.017888906 0.017879189 0.017948024 0.017956603 0.017909830 0.017929127 0.017980405 0.017961394 
[6] 0.018032086 0.018132203 0.018018226 0.017784163 0.018000030 0.017925658 0.017988862 0.017911402 0.018011653 0.017920932 
[7] 0.018017430 0.017935603 0.017956227 0.017996679 0.017950417 0.017916665 0.017969028 0.017874732 0.018068766 0.018028052 
[8] 0.018108157 0.017948027 0.017894676 0.017974166 0.017898139 0.017873285 0.017960880 0.017900526 0.017967330 0.017910342 
[9] 0.017950853 0.018134448 0.017998561 0.017871032 0.018034302 0.017933643 0.018001321 0.017957261 0.018065937 0.017973921 
[AVERAGE] 0.017971602 s
[STANDARD DEVIATION] 0.000066588 s

FEN: r7/6kp/3pp1p1/8/4P3/5P2/5BPP/rR4K1 w - - 0 2
        [0]         [1]         [2]         [3]         [4]         [5]         [6]         [7]         [8]         [9]
[0] 0.004284800 0.004273829 0.004302932 0.004289108 0.004324923 0.004251653 0.004260363 0.004223814 0.004245960 0.004325146 
[1] 0.004231986 0.004274047 0.004271611 0.004246279 0.004276228 0.004217480 0.004289122 0.004303392 0.004205106 0.004301095 
[2] 0.004248854 0.004316374 0.004254490 0.004281718 0.004292322 0.004218223 0.004279555 0.004287244 0.004279634 0.004326298 
[3] 0.004313862 0.004258287 0.004323518 0.004229416 0.004287705 0.004289121 0.004214359 0.004328292 0.004283793 0.004275378 
[4] 0.004282588 0.004218905 0.004263898 0.004305988 0.004291440 0.004287856 0.004277489 0.004276767 0.004299069 0.004254902 
[5] 0.004282825 0.004301681 0.004287823 0.004253099 0.004227470 0.004311068 0.004296207 0.004198221 0.004284889 0.004229606 
[6] 0.004311074 0.004266882 0.004274911 0.004281308 0.004239383 0.004351605 0.004258772 0.004243413 0.004254472 0.004342137 
[7] 0.004259652 0.004281082 0.004309048 0.004299365 0.004279660 0.004233575 0.004330254 0.004216059 0.004285197 0.004352009 
[8] 0.004215110 0.004306431 0.004296265 0.004254480 0.004314778 0.004237424 0.004324068 0.004280430 0.004221905 0.004279240 
[9] 0.004252220 0.004284473 0.004272169 0.004219686 0.004302275 0.004306288 0.004236692 0.004289912 0.004268967 0.004267726 
[AVERAGE] 0.004275195 s
[STANDARD DEVIATION] 0.000034118 s

FEN: 2r1n1k1/1bq2pp1/p3p2p/8/1P1R1Q2/2N2P1P/1P3P2/1B4K1 b - - 0 2
        [0]         [1]         [2]         [3]         [4]         [5]         [6]         [7]         [8]         [9]
[0] 0.014740009 0.014708894 0.014486910 0.014708598 0.014708643 0.014519418 0.014532988 0.014665938 0.014820806 0.014811995 
[1] 0.014621630 0.014755198 0.014649614 0.014775687 0.014703490 0.014598943 0.014614709 0.014667174 0.014585979 0.014671144 
[2] 0.014583631 0.014549986 0.014682128 0.014674518 0.014602112 0.014775541 0.014580759 0.014695804 0.014644768 0.014656413 
[3] 0.014717693 0.014630118 0.014661171 0.014608244 0.014621917 0.014706494 0.014790689 0.014733658 0.014718381 0.014540220 
[4] 0.014770949 0.014605722 0.014602097 0.014605171 0.014651756 0.014648404 0.014677987 0.014628801 0.014709413 0.014580934 
[5] 0.014683549 0.014673144 0.014642274 0.014740811 0.014605101 0.014593101 0.014624932 0.014544225 0.014692350 0.014612357 
[6] 0.014699433 0.014723717 0.014647190 0.014816928 0.014611833 0.014490693 0.014735900 0.014650417 0.014543119 0.014664169 
[7] 0.014499595 0.014555448 0.014520707 0.014501174 0.014624451 0.014523510 0.014567922 0.014669661 0.014676318 0.014529568 
[8] 0.014604089 0.014672865 0.014634794 0.014566939 0.014648317 0.014588719 0.014629210 0.014792149 0.014697538 0.014665213 
[9] 0.014571027 0.014697350 0.014757774 0.014749650 0.014649934 0.014632647 0.014663624 0.014648378 0.014693626 0.014720400 
[AVERAGE] 0.014649511 s
[STANDARD DEVIATION] 0.000076925 s

FEN: 4rb2/5kp1/1p2p2p/5p2/1PP5/2Bq1NP1/5P1P/4R1K1 w - - 0 2
        [0]         [1]         [2]         [3]         [4]         [5]         [6]         [7]         [8]         [9]
[0] 0.009642909 0.009782139 0.009652081 0.009825681 0.009592392 0.009658856 0.009710820 0.009635688 0.009707196 0.009641600 
[1] 0.009597719 0.009601688 0.009629716 0.009766846 0.009718560 0.009702764 0.009627619 0.009726455 0.009692468 0.009737708 
[2] 0.009664299 0.009636802 0.009577273 0.009648340 0.009759257 0.009787043 0.009769808 0.009675163 0.009746705 0.009839517 
[3] 0.009824955 0.009685032 0.009652936 0.009793357 0.009688110 0.009713699 0.009790965 0.009800681 0.009705302 0.009860966 
[4] 0.009683958 0.009731387 0.009708770 0.009690441 0.009889291 0.009610663 0.009811167 0.009575078 0.009619317 0.009726958 
[5] 0.009677729 0.009718918 0.009553962 0.009745383 0.009837287 0.009693626 0.009737007 0.009712367 0.009698506 0.009794123 
[6] 0.009546399 0.009736554 0.009616378 0.009838273 0.009743467 0.009590148 0.009637590 0.009689721 0.009791153 0.009813593 
[7] 0.009722678 0.009692232 0.009690792 0.009652229 0.009733926 0.009761703 0.009727247 0.009727568 0.009674185 0.009782788 
[8] 0.009733785 0.009736280 0.009718156 0.009634342 0.009734692 0.009734714 0.009823900 0.009656681 0.009698075 0.009751760 
[9] 0.009793627 0.009643677 0.009698172 0.009629254 0.009758199 0.009703034 0.009665424 0.009757178 0.009707817 0.009691896 
[AVERAGE] 0.009709263 s
[STANDARD DEVIATION] 0.000071127 s

FEN: 6k1/5p2/6p1/8/7p/8/6PP/6K1 b - - 0 0
        [0]         [1]         [2]         [3]         [4]         [5]         [6]         [7]         [8]         [9]
[0] 0.000053415 0.000047716 0.000044845 0.000044590 0.000043088 0.000042854 0.000041958 0.000042498 0.000042291 0.000041758 
[1] 0.000042176 0.000042360 0.000041562 0.000041738 0.000041757 0.000042024 0.000042127 0.000041949 0.000041868 0.000042009 
[2] 0.000041270 0.000041563 0.000041662 0.000042113 0.000041391 0.000041506 0.000041356 0.000041195 0.000041698 0.000041426 
[3] 0.000041867 0.000041088 0.000040977 0.000041136 0.000041295 0.000041737 0.000041401 0.000041519 0.000041272 0.000041441 
[4] 0.000041745 0.000041106 0.000071753 0.000041161 0.000041693 0.000041359 0.000041722 0.000041284 0.000041438 0.000041517 
[5] 0.000041632 0.000041358 0.000041591 0.000041104 0.000041968 0.000041116 0.000041611 0.000041231 0.000041391 0.000041384 
[6] 0.000041775 0.000041420 0.000041009 0.000041584 0.000041483 0.000041419 0.000041335 0.000041566 0.000041499 0.000041617 
[7] 0.000041592 0.000041166 0.000041089 0.000041295 0.000041112 0.000041341 0.000041337 0.000041364 0.000041226 0.000041399 
[8] 0.000041518 0.000040888 0.000041322 0.000041557 0.000041399 0.000041295 0.000040739 0.000041079 0.000040924 0.000041429 
[9] 0.000040748 0.000040720 0.000041325 0.000040976 0.000041134 0.000041355 0.000041120 0.000040731 0.000041061 0.000041542 
[AVERAGE] 0.000042031 s
[STANDARD DEVIATION] 0.000003324 s

FEN: 3k4/2n2B2/1KP5/2B2p2/5b1p/7P/8/8 b - - 0 0
        [0]         [1]         [2]         [3]         [4]         [5]         [6]         [7]         [8]         [9]
[0] 0.002661573 0.002553477 0.002576636 0.002553168 0.002583147 0.002609244 0.002549767 0.002532257 0.002627057 0.002561545 
[1] 0.002561768 0.002618629 0.002518981 0.002607518 0.002553990 0.002577200 0.002563654 0.002607910 0.002556652 0.002632812 
[2] 0.002535646 0.002575810 0.002611205 0.002578983 0.002615035 0.002522387 0.002573004 0.002633755 0.002572180 0.002529201 
[3] 0.002612002 0.002598893 0.002607871 0.002568700 0.002516117 0.002623166 0.002557941 0.002566267 0.002566791 0.002550281 
[4] 0.002601585 0.002592416 0.002524958 0.002605706 0.002554286 0.002556721 0.002615217 0.002543990 0.002596043 0.002576895 
[5] 0.002563177 0.002573173 0.002559778 0.002559823 0.002589024 0.002558755 0.002539675 0.002626667 0.002558584 0.002611821 
[6] 0.002543930 0.002583413 0.002608102 0.002569328 0.002518893 0.002595753 0.002582834 0.002605316 0.002542038 0.002523549 
[7] 0.002601251 0.002576868 0.002567337 0.002582297 0.002562333 0.002625390 0.002555280 0.002579475 0.002594935 0.002558932 
[8] 0.002564386 0.002598826 0.002533269 0.002603020 0.002558820 0.002549364 0.002585501 0.002572169 0.002559721 0.002628334 
[9] 0.002562564 0.002521844 0.002623379 0.002549495 0.002602781 0.002531233 0.002580560 0.002622281 0.002595081 0.002567787 
[AVERAGE] 0.002576182 s
[STANDARD DEVIATION] 0.000031271 s

FEN: r7/4R2P/3p4/3k1K2/2p5/8/8/8 b - - 0 0
        [0]         [1]         [2]         [3]         [4]         [5]         [6]         [7]         [8]         [9]
[0] 0.002934254 0.002917827 0.002998659 0.002912404 0.002956999 0.002905858 0.002936029 0.002956810 0.002888305 0.002944018 
[1] 0.002941807 0.003009709 0.002915469 0.002936554 0.002983861 0.002926772 0.002968459 0.002888108 0.002915909 0.002955986 
[2] 0.002938525 0.002977201 0.002914822 0.002938691 0.002905529 0.002889947 0.002957726 0.002918154 0.002982916 0.002900248 
[3] 0.002979412 0.002923225 0.002913247 0.002913629 0.002913775 0.002949145 0.002908115 0.002906051 0.002931060 0.002906561 
[4] 0.002998641 0.002865720 0.002948363 0.002907117 0.002917929 0.002974348 0.002931137 0.002950952 0.002903209 0.002965162 
[5] 0.002927368 0.002953754 0.002982133 0.002939450 0.002949047 0.002924621 0.002959189 0.002936345 0.002873640 0.002944077 
[6] 0.002905440 0.002977723 0.002955303 0.002979120 0.002937354 0.002934810 0.003008109 0.002901626 0.002965084 0.002912660 
[7] 0.002933504 0.002978702 0.002913250 0.002993371 0.002951214 0.002968427 0.002872844 0.002897675 0.002947957 0.002912316 
[8] 0.003036326 0.003007299 0.002959941 0.002918436 0.002877872 0.002986629 0.002903325 0.002942132 0.002932814 0.002921552 
[9] 0.002922103 0.002912960 0.002993859 0.002866361 0.002973525 0.002954002 0.002948386 0.002970090 0.002900950 0.002953029 
[AVERAGE] 0.002938421 s
[STANDARD DEVIATION] 0.000034675 s

FEN: 8/8/5p2/1P1K1k2/8/2r5/8/7R w - - 0 0
        [0]         [1]         [2]         [3]         [4]         [5]         [6]         [7]         [8]         [9]
[0] 0.002030259 0.002068380 0.002094266 0.002021801 0.002068497 0.002070688 0.002051193 0.002043285 0.002015845 0.002091991 
[1] 0.002024521 0.002057171 0.002096425 0.002024143 0.002068909 0.002064912 0.002067039 0.002057343 0.002029925 0.002083596 
[2] 0.002046133 0.002016916 0.002088769 0.002023175 0.002068489 0.002064755 0.002067926 0.002054655 0.002049494 0.002074596 
[3] 0.002066135 0.002024114 0.002118725 0.002049430 0.002021038 0.002052144 0.002109789 0.002023867 0.002057681 0.002054445 
[4] 0.002053512 0.002052087 0.002016430 0.002096013 0.002018437 0.002050060 0.002112661 0.002022222 0.002053759 0.002094126 
[5] 0.002030125 0.002057939 0.002023500 0.002087116 0.002065193 0.002017280 0.002090299 0.002021932 0.002063772 0.002096200 
[6] 0.002022191 0.002052520 0.002048759 0.002063226 0.002071807 0.002032055 0.002106933 0.002060988 0.002026848 0.002049655 
[7] 0.002077005 0.002049059 0.002066835 0.002076467 0.002068460 0.002050544 0.002067587 0.002210477 0.002066153 0.002038363 
[8] 0.002063692 0.002021483 0.002023066 0.002082221 0.002022686 0.002025610 0.002070902 0.002028861 0.002027566 0.002030186 
[9] 0.002076898 0.002016646 0.002054296 0.002068502 0.002025068 0.002013407 0.002029345 0.002063693 0.002024889 0.002030098 
[AVERAGE] 0.002054902 s
[STANDARD DEVIATION] 0.000030302 s

FEN: 5n2/R7/4pk2/8/5PK1/8/8/8 b - - 0 0
        [0]         [1]         [2]         [3]         [4]         [5]         [6]         [7]         [8]         [9]
[0] 0.000578045 0.000596292 0.000578808 0.000565230 0.000566376 0.000563435 0.000566501 0.000562114 0.000564055 0.000567911 
[1] 0.000560177 0.000559174 0.000562377 0.000563230 0.000610161 0.000563156 0.000565799 0.000565554 0.000562337 0.000564203 
[2] 0.000562834 0.000562096 0.000561351 0.000564566 0.000573073 0.000565026 0.000610932 0.000567915 0.000567500 0.000561887 
[3] 0.000562926 0.000563883 0.000569332 0.000568113 0.000570954 0.000567820 0.000609906 0.000564143 0.000625135 0.000564609 
[4] 0.000564423 0.000569624 0.000567960 0.000569393 0.000568082 0.000560942 0.000571372 0.000568406 0.000570158 0.000566935 
[5] 0.000612615 0.000567118 0.000565456 0.000567416 0.000563896 0.000568752 0.000563641 0.000565503 0.000573311 0.000567327 
[6] 0.000567049 0.000567278 0.000611509 0.000564564 0.000560877 0.000570063 0.000559847 0.000563978 0.000562724 0.000565259 
[7] 0.000565966 0.000564108 0.000560895 0.000564897 0.000588341 0.000585669 0.000567637 0.000572592 0.000565818 0.000565289 
[8] 0.000562992 0.000562910 0.000563484 0.000567613 0.000568303 0.000562812 0.000567214 0.000608244 0.000642861 0.000563604 
[9] 0.000562517 0.000564996 0.000564865 0.000565833 0.000570422 0.000563635 0.000564872 0.000567021 0.000563111 0.000607441 
[AVERAGE] 0.000571004 s
[STANDARD DEVIATION] 0.000015319 s

FEN: 3Q4/8/1k6/7p/p1p4P/2q3PB/7K/8 b - - 0 0
        [0]         [1]         [2]         [3]         [4]         [5]         [6]         [7]         [8]         [9]
[0] 0.003459755 0.003487007 0.003446779 0.003495380 0.003445890 0.003494562 0.003468821 0.003490016 0.003429149 0.003516603 
[1] 0.003459905 0.003493605 0.003450775 0.003510819 0.003454686 0.003495578 0.003445538 0.003478476 0.003444111 0.003495953 
[2] 0.003462746 0.003488743 0.003458490 0.003503805 0.003424719 0.003509975 0.003455966 0.003545096 0.003455066 0.003514845 
[3] 0.003430025 0.003520838 0.003440909 0.003479190 0.003469600 0.003491400 0.003444754 0.003505689 0.003460432 0.003563027 
[4] 0.003436333 0.003489386 0.003451871 0.003490341 0.003453892 0.003476521 0.003432553 0.003481619 0.003441142 0.003491528 
[5] 0.003439545 0.003491890 0.003444765 0.003474789 0.003426093 0.003488338 0.003443356 0.003528630 0.003442941 0.003498060 
[6] 0.003458605 0.003485396 0.003453061 0.003482784 0.003467534 0.003492686 0.003441759 0.003495544 0.003462386 0.003480788 
[7] 0.003453413 0.003494563 0.003454117 0.003478830 0.003441158 0.003492752 0.003440325 0.003526311 0.003459378 0.003527454 
[8] 0.003457003 0.003492009 0.003436972 0.003507866 0.003434591 0.003483726 0.003435195 0.003533493 0.003445747 0.003500928 
[9] 0.003440603 0.003518058 0.003439718 0.003482480 0.003437516 0.003493042 0.003441594 0.003482913 0.003440687 0.003523695 
[AVERAGE] 0.003473290 s
[STANDARD DEVIATION] 0.000030245 s

FEN: 4q3/2R4P/5R2/1p6/p3k3/P7/KP6/8 b - - 0 0
        [0]         [1]         [2]         [3]         [4]         [5]         [6]         [7]         [8]         [9]
[0] 0.010462946 0.010538407 0.010535107 0.010467861 0.010456690 0.010510019 0.010508976 0.010603991 0.010490668 0.010586274 
[1] 0.010499143 0.010523051 0.010521727 0.010540798 0.010467515 0.010547895 0.010512849 0.010584538 0.010455435 0.010519598 
[2] 0.010459455 0.010586829 0.010483245 0.010481585 0.010473150 0.010515310 0.010499954 0.010528878 0.010511469 0.010567774 
[3] 0.010487936 0.010535263 0.010578860 0.010460570 0.010589993 0.010486148 0.010505557 0.010484505 0.010478484 0.010502284 
[4] 0.010528338 0.010449728 0.010554593 0.010467285 0.010499042 0.010474949 0.010503259 0.010494920 0.010538469 0.010504751 
[5] 0.010524564 0.010516819 0.010506678 0.010476887 0.010533501 0.010423716 0.010533077 0.010451146 0.010587920 0.010470677 
[6] 0.010513115 0.010500687 0.010576361 0.010642321 0.010607355 0.010606405 0.010651387 0.010636612 0.010588655 0.010691126 
[7] 0.010556719 0.010637986 0.010583175 0.010574462 0.010629696 0.010597534 0.010604345 0.010594351 0.010543851 0.010559462 
[8] 0.010611820 0.010662114 0.010582340 0.010650911 0.010576867 0.010649297 0.010698684 0.010564654 0.010642244 0.010615555 
[9] 0.010627872 0.010606189 0.010615453 0.010518879 0.010565710 0.010582744 0.010657097 0.010599850 0.010656260 0.010571691 
[AVERAGE] 0.010547429 s
[STANDARD DEVIATION] 0.000062661 s

FEN: R7/8/5rk1/5p2/1p5P/5KP1/P7/8 b - - 0 0
        [0]         [1]         [2]         [3]         [4]         [5]         [6]         [7]         [8]         [9]
[0] 0.001096570 0.001084458 0.001037025 0.001027909 0.001063990 0.001031076 0.001068242 0.001108488 0.001032354 0.001035728 
[1] 0.001094920 0.001024631 0.001032884 0.001118432 0.001042046 0.001035570 0.001063675 0.001030786 0.001043580 0.001032885 
[2] 0.001114478 0.001025249 0.001031339 0.001059663 0.001028328 0.001028116 0.001102156 0.001030886 0.001027859 0.001053035 
[3] 0.001033388 0.001031931 0.001086707 0.001077688 0.001027697 0.001069198 0.001026516 0.001031135 0.001027643 0.001089572 
[4] 0.001038628 0.001033741 0.001056692 0.001031141 0.001036623 0.001066616 0.001076273 0.001035293 0.001054258 0.001035502 
[5] 0.001037744 0.001081743 0.001033106 0.001068931 0.001034531 0.001069630 0.001038664 0.001034457 0.001061098 0.001086847 
[6] 0.001034069 0.001086540 0.001029562 0.001029725 0.001074306 0.001039157 0.001079680 0.001057654 0.001030397 0.001038786 
[7] 0.001057158 0.001028042 0.001057724 0.001049212 0.001061412 0.001041884 0.001028888 0.001064001 0.001029287 0.001081019 
[8] 0.001052248 0.001026599 0.001035782 0.001060822 0.001030650 0.001038403 0.001114830 0.001028045 0.001026342 0.001056433 
[9] 0.001031267 0.001036306 0.001061507 0.001070137 0.001028080 0.001036570 0.001066343 0.001037212 0.001031624 0.001120480 
[AVERAGE] 0.001051075 s
[STANDARD DEVIATION] 0.000024904 s

FEN: 3k4/5ppp/2q5/3p2r1/8/1Q3P2/P4P1P/3R3K w - - 0 1
        [0]         [1]         [2]         [3]         [4]         [5]         [6]         [7]         [8]         [9]
[0] 0.007240145 0.007231229 0.007197283 0.007215764 0.007168643 0.007243981 0.007178888 0.007171985 0.007184383 0.007242279 
[1] 0.007209733 0.007188562 0.007212103 0.007218158 0.007274674 0.007154231 0.007161654 0.007201201 0.007215988 0.007268233 
[2] 0.007200473 0.007164471 0.007203786 0.007227239 0.007274281 0.007204015 0.007170560 0.007249059 0.007237979 0.007248311 
[3] 0.007207667 0.007193820 0.007181627 0.007195283 0.007206843 0.007267118 0.007225035 0.007202605 0.007171841 0.007214926 
[4] 0.007188565 0.007241653 0.007167042 0.007185119 0.007152715 0.007204101 0.007218158 0.007222442 0.007242060 0.007204011 
[5] 0.007245578 0.007225713 0.007225332 0.007209696 0.007265638 0.007181296 0.007203428 0.007209796 0.007208335 0.007206447 
[6] 0.007193036 0.007221493 0.007211214 0.007218127 0.007211903 0.007218817 0.007275686 0.007179991 0.007209130 0.007214670 
[7] 0.007162920 0.007159673 0.007386399 0.007148519 0.007145394 0.007154287 0.007168457 0.007134674 0.007128279 0.007130027 
[8] 0.007215893 0.007121502 0.007095893 0.007304610 0.007598980 0.007112018 0.007157947 0.007145889 0.007108513 0.007111159 
[9] 0.007138495 0.007200680 0.007113613 0.007136614 0.007139148 0.007098471 0.007151755 0.007104828 0.007145602 0.007149775 
[AVERAGE] 0.007198573 s
[STANDARD DEVIATION] 0.000062619 s

FEN: 4R3/1k6/1p2P1p1/p7/4r3/1P1r4/1K6/2R5 w - - 0 0
        [0]         [1]         [2]         [3]         [4]         [5]         [6]         [7]         [8]         [9]
[0] 0.007145681 0.007065436 0.007176331 0.007086070 0.007075710 0.007258028 0.007102143 0.007086606 0.007097990 0.007154957 
[1] 0.007140323 0.007094822 0.007114416 0.007112145 0.007075157 0.007109088 0.007089991 0.007110094 0.007134500 0.007144298 
[2] 0.007096684 0.007098071 0.007093380 0.007081322 0.007108373 0.007060105 0.007088239 0.007127873 0.007117505 0.007077780 
[3] 0.007106146 0.007091860 0.007120893 0.007108280 0.007184765 0.007088834 0.007072159 0.007156129 0.007120364 0.007105642 
[4] 0.007119281 0.007071033 0.007127932 0.007117270 0.007121608 0.007073528 0.007091201 0.007097346 0.007133696 0.007145192 
[5] 0.007125312 0.007175404 0.007183372 0.007151126 0.007157038 0.007162206 0.007122966 0.007229925 0.007133415 0.007203589 
[6] 0.007151480 0.007128727 0.007192792 0.007230117 0.007190549 0.007176472 0.007166588 0.007187905 0.007190190 0.007143956 
[7] 0.007241676 0.007148558 0.007135873 0.007192995 0.007162291 0.007155692 0.007181808 0.007228068 0.007128693 0.007143126 
[8] 0.007161463 0.007148615 0.007164195 0.007216659 0.007184771 0.007178248 0.007195904 0.007141084 0.007138147 0.007177655 
[9] 0.007198003 0.007192346 0.007148574 0.007134515 0.007171019 0.007135346 0.007164871 0.007179173 0.007136121 0.007188687 
[AVERAGE] 0.007140536 s
[STANDARD DEVIATION] 0.000043413 s

FEN: 5k2/R7/3K4/4p3/5P2/8/8/5r2 w - - 0 0
        [0]         [1]         [2]         [3]         [4]         [5]         [6]         [7]         [8]         [9]
[0] 0.000543182 0.000531497 0.000540279 0.000564380 0.000528674 0.000575320 0.000527046 0.000534180 0.000528595 0.000555972 
[1] 0.000533834 0.000534520 0.000531995 0.000531867 0.000537885 0.000532445 0.000563793 0.000527225 0.000577600 0.000535048 
[2] 0.000529097 0.000529245 0.000559353 0.000528035 0.000536682 0.000533107 0.000530116 0.000532015 0.000561505 0.000526711 
[3] 0.000525926 0.000576571 0.000532182 0.000526508 0.000558591 0.000525851 0.000526346 0.000533022 0.000534868 0.000539305 
[4] 0.000558657 0.000532641 0.000526820 0.000532840 0.000574709 0.000536614 0.000561976 0.000524708 0.000526923 0.000534252 
[5] 0.000524946 0.000529220 0.000532515 0.000573087 0.000536285 0.000529187 0.000530873 0.000572961 0.000534007 0.000564623 
[6] 0.000533043 0.000529502 0.000526488 0.000529063 0.000528800 0.000566011 0.000534263 0.000528380 0.000527619 0.000528643 
[7] 0.000575819 0.000559588 0.000532755 0.000531275 0.000526486 0.000530611 0.000531588 0.000576140 0.000529520 0.000531182 
[8] 0.000531896 0.000532018 0.000542443 0.000561883 0.000560624 0.000524860 0.000528828 0.000535957 0.000533937 0.000531369 
[9] 0.000555293 0.000530138 0.000536074 0.000529997 0.000529748 0.000558250 0.000584776 0.000529002 0.000529211 0.000529756 
[AVERAGE] 0.000539711 s
[STANDARD DEVIATION] 0.000015985 s

FEN: 5k2/1R6/4p1p1/1pr3Pp/7P/1K6/8/8 w - - 0 0
        [0]         [1]         [2]         [3]         [4]         [5]         [6]         [7]         [8]         [9]
[0] 0.001657068 0.001627230 0.001687132 0.001605896 0.001647107 0.001607961 0.001660050 0.001657267 0.001635980 0.001625574 
[1] 0.001611522 0.001691854 0.001609981 0.001642672 0.001612248 0.001689779 0.001607997 0.001636947 0.001614464 0.001699418 
[2] 0.001630842 0.001646660 0.001604923 0.001641908 0.001661551 0.001644805 0.001614069 0.001646735 0.001651264 0.001650010 
[3] 0.001605857 0.001646402 0.001657957 0.001649208 0.001619975 0.001654353 0.001640846 0.001641947 0.001612795 0.001662626 
[4] 0.001640288 0.001656098 0.001631438 0.001649479 0.001616933 0.001692989 0.001605124 0.001639639 0.001612177 0.001701813 
[5] 0.001610678 0.001629902 0.001606593 0.001688445 0.001615052 0.001652517 0.001607995 0.001684569 0.001617110 0.001632218 
[6] 0.001623344 0.001628784 0.001666846 0.001638655 0.001612720 0.001644959 0.001659313 0.001646103 0.001602004 0.001629658 
[7] 0.001648985 0.001601264 0.001637587 0.001632801 0.001691142 0.001602303 0.001647472 0.001612540 0.001670216 0.001655086 
[8] 0.001650600 0.001605243 0.001658523 0.001655091 0.001641953 0.001630188 0.001629828 0.001655865 0.001627696 0.001613952 
[9] 0.001631020 0.001663821 0.001642243 0.001623729 0.001648244 0.001610111 0.001680886 0.001612368 0.001628562 0.001618695 
[AVERAGE] 0.001638843 s
[STANDARD DEVIATION] 0.000025056 s

FEN: 5k2/8/p7/4K1P1/P4R2/6r1/8/8 b - - 0 0
        [0]         [1]         [2]         [3]         [4]         [5]         [6]         [7]         [8]         [9]
[0] 0.000907594 0.000811551 0.000816658 0.000811279 0.000844422 0.000810176 0.000814070 0.000809272 0.000843025 0.000855031 
[1] 0.000812260 0.000810269 0.000810286 0.000855849 0.000814462 0.000814830 0.000814776 0.000917531 0.000809442 0.000811902 
[2] 0.000809443 0.000863070 0.000812103 0.000812873 0.000809755 0.000901707 0.000810109 0.000816854 0.000808059 0.000837518 
[3] 0.000809673 0.000810899 0.000814626 0.000840426 0.000856928 0.000810129 0.000816608 0.000837503 0.000812408 0.000805461 
[4] 0.000814210 0.000836212 0.000857015 0.000810512 0.000811897 0.000843058 0.000808200 0.000811122 0.000811295 0.000843383 
[5] 0.000826852 0.000841360 0.000812605 0.000850622 0.000811395 0.000817921 0.000810723 0.000841031 0.000809694 0.000853099 
[6] 0.000810001 0.000850150 0.000813404 0.000809252 0.000811525 0.000855660 0.000808855 0.000851620 0.000807743 0.000841995 
[7] 0.000816853 0.000812747 0.000810798 0.000839032 0.000811191 0.000816470 0.000855320 0.000837750 0.000813057 0.000809931 
[8] 0.000815653 0.000869102 0.000809845 0.000807786 0.000854270 0.000851691 0.000809630 0.000813769 0.000808754 0.000844369 
[9] 0.000811275 0.000814390 0.000812546 0.000883466 0.000809789 0.000807907 0.000810666 0.000835285 0.000815156 0.000814527 
[AVERAGE] 0.000825963 s
[STANDARD DEVIATION] 0.000023218 s

FEN: 8/8/8/p2r1k2/7p/PP1RK3/6P1/8 b - - 0 0
        [0]         [1]         [2]         [3]         [4]         [5]         [6]         [7]         [8]         [9]
[0] 0.000820046 0.000893337 0.000802419 0.000799774 0.000804496 0.000831921 0.000807070 0.000802283 0.000801154 0.000859330 
[1] 0.000831164 0.000806553 0.000794304 0.000792974 0.000835412 0.000797573 0.000796914 0.000799711 0.000887939 0.000796578 
[2] 0.000801728 0.000795989 0.000828283 0.000796740 0.000797528 0.000795673 0.000829408 0.000839651 0.000805033 0.000799214 
[3] 0.000830949 0.000798758 0.000794632 0.000803794 0.000830080 0.000837164 0.000802173 0.000801310 0.000829779 0.000797154 
[4] 0.000799115 0.000798946 0.000830707 0.000798848 0.000841968 0.000799909 0.000829308 0.000798292 0.000796923 0.000800997 
[5] 0.000833059 0.000798575 0.000841361 0.000795367 0.000798981 0.000841491 0.000797278 0.000795191 0.000798120 0.000839560 
[6] 0.000795219 0.000838213 0.000803420 0.000828170 0.000796857 0.000803181 0.000797291 0.000829552 0.000797533 0.000838948 
[7] 0.000798064 0.000828456 0.000799437 0.000797470 0.000801300 0.000852095 0.000796333 0.000800166 0.000846111 0.000828953 
[8] 0.000796518 0.000796946 0.000801061 0.000865047 0.000800465 0.000798077 0.000825553 0.000856110 0.000802006 0.000797219 
[9] 0.000799164 0.000845735 0.000796812 0.000801252 0.000796930 0.000846150 0.000841626 0.000799161 0.000796132 0.000794178 
[AVERAGE] 0.000813429 s
[STANDARD DEVIATION] 0.000021993 s

FEN: 8/8/8/1P4p1/5k2/5p2/P6K/8 b - - 0 0
        [0]         [1]         [2]         [3]         [4]         [5]         [6]         [7]         [8]         [9]
[0] 0.000228365 0.000161298 0.000158348 0.000158205 0.000156847 0.000155833 0.000157027 0.000155819 0.000156691 0.000156661 
[1] 0.000157227 0.000156410 0.000157520 0.000158182 0.000157025 0.000157134 0.000155896 0.000156608 0.000157773 0.000186368 
[2] 0.000172440 0.000213759 0.000158695 0.000156128 0.000156717 0.000157260 0.000158683 0.000157107 0.000157891 0.000156328 
[3] 0.000156244 0.000156410 0.000157522 0.000157576 0.000156401 0.000156496 0.000156140 0.000156119 0.000156662 0.000156956 
[4] 0.000156377 0.000187689 0.000155992 0.000156005 0.000156104 0.000155419 0.000157561 0.000155794 0.000156093 0.000157386 
[5] 0.000157467 0.000156232 0.000156112 0.000156618 0.000157587 0.000156388 0.000156115 0.000156609 0.000156604 0.000157778 
[6] 0.000156207 0.000155331 0.000172834 0.000212622 0.000156395 0.000157105 0.000156054 0.000158015 0.000156792 0.000156612 
[7] 0.000156270 0.000156789 0.000156657 0.000156311 0.000154949 0.000157967 0.000156483 0.000156103 0.000157067 0.000156235 
[8] 0.000157002 0.000156152 0.000156444 0.000187023 0.000156050 0.000155553 0.000155813 0.000155348 0.000156036 0.000156510 
[9] 0.000156108 0.000157125 0.000158298 0.000157024 0.000156735 0.000156790 0.000157121 0.000157744 0.000157280 0.000157379 
[AVERAGE] 0.000159850 s
[STANDARD DEVIATION] 0.000011777 s

FEN: 3b2k1/1p3p2/p1p5/2P4p/1P2P1p1/5p2/5P2/4RK2 w - - 0 0
        [0]         [1]         [2]         [3]         [4]         [5]         [6]         [7]         [8]         [9]
[0] 0.000459695 0.000477124 0.000490674 0.000449234 0.000451030 0.000445845 0.000444675 0.000447286 0.000490083 0.000443574 
[1] 0.000445268 0.000442339 0.000443996 0.000445343 0.000450121 0.000441722 0.000498701 0.000485741 0.000445820 0.000440551 
[2] 0.000446532 0.000449236 0.000446530 0.000475398 0.000450872 0.000448684 0.000445779 0.000444556 0.000436464 0.000440792 
[3] 0.000446808 0.000479864 0.000474605 0.000457449 0.000445871 0.000442453 0.000450137 0.000448619 0.000480085 0.000443518 
[4] 0.000446048 0.000441378 0.000442184 0.000441903 0.000441654 0.000472800 0.000445327 0.000448117 0.000506102 0.000448445 
[5] 0.000445929 0.000443873 0.000442019 0.000494019 0.000441265 0.000447379 0.000447356 0.000443645 0.000445506 0.000448410 
[6] 0.000480991 0.000445650 0.000447498 0.000496250 0.000446424 0.000444818 0.000440329 0.000488180 0.000447305 0.000449107 
[7] 0.000447430 0.000443942 0.000445663 0.000449363 0.000441007 0.000478144 0.000447753 0.000447629 0.000474105 0.000465118 
[8] 0.000442132 0.000441984 0.000484668 0.000442377 0.000441526 0.000447691 0.000444170 0.000445189 0.000440808 0.000471210 
[9] 0.000440506 0.000443963 0.000445652 0.000445787 0.000485015 0.000452116 0.000443302 0.000471995 0.000441853 0.000442769 
[AVERAGE] 0.000453679 s
[STANDARD DEVIATION] 0.000016473 s

FEN: 5k2/3R4/2K1p1p1/4P1P1/5P2/8/3r4/8 b - - 0 0
        [0]         [1]         [2]         [3]         [4]         [5]         [6]         [7]         [8]         [9]
[0] 0.001010366 0.000992384 0.001027261 0.000992235 0.001034762 0.001024587 0.000994539 0.001001529 0.001039436 0.000986570 
[1] 0.000988584 0.001066657 0.000996206 0.001000130 0.000999363 0.001026561 0.000996714 0.001012898 0.001076349 0.000993873 
[2] 0.000994609 0.001018360 0.000989014 0.000994730 0.001039283 0.001039179 0.001002525 0.000986619 0.001017836 0.000994883 
[3] 0.000996730 0.001067575 0.000999584 0.000994003 0.001016682 0.000999115 0.000993624 0.000996791 0.001071595 0.000996263 
[4] 0.000995250 0.001021127 0.000990214 0.000981149 0.001019886 0.001036535 0.000988533 0.000988473 0.001022690 0.000993030 
[5] 0.000998072 0.001026244 0.001028049 0.000995420 0.001017683 0.000992509 0.000985502 0.000986041 0.001024049 0.001030626 
[6] 0.000987846 0.001024371 0.000996534 0.000995906 0.001024700 0.000990046 0.001039196 0.000986672 0.001020946 0.000993688 
[7] 0.000994202 0.001021907 0.000991104 0.001038093 0.001022939 0.000995043 0.000987922 0.001026289 0.000990232 0.001018283 
[8] 0.001011286 0.001023418 0.000996615 0.001004612 0.001024909 0.000991560 0.001037204 0.001043727 0.000996094 0.000998643 
[9] 0.000993481 0.001037015 0.000984265 0.001031733 0.001023578 0.000986942 0.000997335 0.001014296 0.000987840 0.000994353 
[AVERAGE] 0.001009159 s
[STANDARD DEVIATION] 0.000021214 s

FEN: 6k1/6pp/5p2/8/5P2/P7/2K4P/8 b - - 0 0
        [0]         [1]         [2]         [3]         [4]         [5]         [6]         [7]         [8]         [9]
[0] 0.000091292 0.000082766 0.000081197 0.000080109 0.000079415 0.000079248 0.000094828 0.000094309 0.000092775 0.000079021 
[1] 0.000078643 0.000078558 0.000108714 0.000078712 0.000078699 0.000078261 0.000078701 0.000079087 0.000078905 0.000078749 
[2] 0.000078804 0.000078449 0.000078235 0.000078374 0.000078273 0.000078193 0.000078920 0.000078915 0.000078156 0.000078355 
[3] 0.000078475 0.000078197 0.000078564 0.000078383 0.000078690 0.000078365 0.000077954 0.000078338 0.000078466 0.000078231 
[4] 0.000079091 0.000077824 0.000078207 0.000078465 0.000078852 0.000078643 0.000078187 0.000078185 0.000078035 0.000078994 
[5] 0.000078324 0.000078588 0.000077744 0.000078465 0.000109276 0.000078222 0.000078034 0.000078042 0.000078468 0.000077602 
[6] 0.000078074 0.000078336 0.000079041 0.000078557 0.000078501 0.000077871 0.000078881 0.000078905 0.000078709 0.000078371 
[7] 0.000078353 0.000078405 0.000079200 0.000078614 0.000078160 0.000078172 0.000078413 0.000079117 0.000078396 0.000078720 
[8] 0.000079090 0.000078922 0.000078437 0.000078526 0.000078108 0.000078732 0.000078564 0.000077963 0.000078467 0.000077869 
[9] 0.000078126 0.000078109 0.000078708 0.000094135 0.000093474 0.000093456 0.000106695 0.000078587 0.000079389 0.000078505 
[AVERAGE] 0.000080522 s
[STANDARD DEVIATION] 0.000006215 s

FEN: 8/3R4/8/r3N2p/P1Pp1P2/2k2K1P/3r4/8 w - - 0 0
        [0]         [1]         [2]         [3]         [4]         [5]         [6]         [7]         [8]         [9]
[0] 0.001753151 0.001774468 0.001753581 0.001818074 0.001738957 0.001766399 0.001754606 0.001842585 0.001738917 0.001770467 
[1] 0.001741331 0.001808773 0.001777541 0.001745577 0.001778387 0.001777848 0.001775763 0.001746046 0.001775706 0.001796118 
[2] 0.001770096 0.001747257 0.001773122 0.001804016 0.001773249 0.001742961 0.001775728 0.001798107 0.001775999 0.001773496 
[3] 0.001758946 0.001825511 0.001747773 0.001780620 0.001788799 0.001771780 0.001741776 0.001772710 0.001777540 0.001769229 
[4] 0.001746188 0.001775888 0.001783216 0.001775287 0.001790205 0.001759618 0.001845694 0.001740887 0.001765245 0.001741073 
[5] 0.001818094 0.001734637 0.001755104 0.001718045 0.001802823 0.001719909 0.001783334 0.001747520 0.001820530 0.001733476 
[6] 0.001772098 0.001775821 0.001785622 0.001769954 0.001737789 0.001769220 0.001772903 0.001798689 0.001735112 0.001764569 
[7] 0.001799973 0.001789778 0.001748009 0.001770193 0.001784353 0.001817280 0.001826647 0.001742219 0.001835015 0.001733942 
[8] 0.001761469 0.001776476 0.001832864 0.001736777 0.001778669 0.001791610 0.001767940 0.001750430 0.001799101 0.001798402 
[9] 0.001781406 0.001764330 0.001741968 0.001805276 0.001741006 0.001769959 0.001755412 0.001829615 0.001752832 0.001779309 
[AVERAGE] 0.001773038 s
[STANDARD DEVIATION] 0.000027861 s

FEN: 6k1/8/6r1/8/5b2/2PR4/4K3/8 w - - 0 0        [0]         [1]         [2]         [3]         [4]         [5]         [6]         [7]         [8]         [9]
[0] 0.001637328 0.001713062 0.001626862 0.001668465 0.001645268 0.001714031 0.001650855 0.001678863 0.001626304 0.001686775 
[1] 0.001665279 0.001660232 0.001638644 0.001663548 0.001668259 0.001653078 0.001614344 0.001648651 0.001657767 0.001642846 
[2] 0.001624097 0.001645783 0.001658867 0.001657955 0.001624977 0.001659518 0.001674507 0.001656533 0.001626359 0.001666804 
[3] 0.001661436 0.001651128 0.001630164 0.001679003 0.001637714 0.001691298 0.001646858 0.001659075 0.001623752 0.001706461 
[4] 0.001625912 0.001655332 0.001639932 0.001724978 0.001614334 0.001660702 0.001618534 0.001685859 0.001619756 0.001651761 
[5] 0.001619650 0.001671965 0.001633014 0.001652511 0.001621204 0.001652186 0.001646347 0.001636788 0.001608572 0.001654101 
[6] 0.001663987 0.001667501 0.001616331 0.001657847 0.001649537 0.001646118 0.001625074 0.001649560 0.001653384 0.001615906 
[7] 0.001661500 0.001619301 0.001639891 0.001662366 0.001662377 0.001617043 0.001671891 0.001657031 0.001661666 0.001640552 
[8] 0.001657614 0.001670955 0.001654917 0.001613509 0.001653876 0.001677557 0.001630393 0.001613030 0.001641675 0.001649453 
[9] 0.001678762 0.001617010 0.001647320 0.001627439 0.001701214 0.001622290 0.001648600 0.001619705 0.001696000 0.001613966 
[AVERAGE] 0.001650103 s
[STANDARD DEVIATION] 0.000024756 s

----------------------------------- AVERAGES ------------------------------------------


---------- REGULAR POSITIONS ----------

    [AVERAGE (s)]    [STANDARD DEVIATION (s)]
 [0] 0.015496475          0.000079401
 [1] 0.012554264          0.000077295
 [2] 0.019030435          0.000119610
 [3] 0.026811462          0.000086301
 [4] 0.047051353          0.000189754
 [5] 0.105337149          0.000237433
 [6] 0.117732072          0.000304778
 [7] 0.034310759          0.000172698
 [8] 0.027370127          0.000101075
 [9] 0.012241992          0.000061519
[10] 0.023252750          0.000112251
[11] 0.010974640          0.000132383
[12] 0.004529007          0.000039848
[13] 0.012377731          0.000071275
[14] 0.019494681          0.000081514
[15] 0.014157226          0.000060719
[16] 0.086523344          0.000244649
[17] 0.015016722          0.000061195
[18] 0.026173324          0.000135681
[19] 0.021667436          0.000077621

---------- TACTICAL POSITINOS ----------

    [AVERAGE (s)]    [STANDARD DEVIATION (s)]
 [0] 0.003500154          0.000026384
 [1] 0.016824426          0.000096131
 [2] 0.003026049          0.000035038
 [3] 0.032860472          0.000141649
 [4] 0.015826342          0.000059802
 [5] 0.001557992          0.000026601
 [6] 0.005334227          0.000043931
 [7] 0.043424267          0.000166535
 [8] 0.008326367          0.000259924
 [9] 0.043236183          0.000113297
[10] 0.014642707          0.000145990
[11] 0.002853851          0.000028329
[12] 0.011846310          0.000062078
[13] 0.001841754          0.000035795
[14] 0.012019833          0.000058199
[15] 0.015734586          0.000076757
[16] 0.017971602          0.000066588
[17] 0.004275195          0.000034118
[18] 0.014649511          0.000076925
[19] 0.009709263          0.000071127

---------- SMALL POSITIONS ----------

    [AVERAGE (s)]    [STANDARD DEVIATION (s)]
 [0] 0.000042031          0.000003324
 [1] 0.002576182          0.000031271
 [2] 0.002938421          0.000034675
 [3] 0.002054902          0.000030302
 [4] 0.000571004          0.000015319
 [5] 0.003473290          0.000030245
 [6] 0.010547429          0.000062661
 [7] 0.001051075          0.000024904
 [8] 0.007198573          0.000062619
 [9] 0.007140536          0.000043413
[10] 0.000539711          0.000015985
[11] 0.001638843          0.000025056
[12] 0.000825963          0.000023218
[13] 0.000813429          0.000021993
[14] 0.000159850          0.000011777
[15] 0.000453679          0.000016473
[16] 0.001009159          0.000021214
[17] 0.000080522          0.000006215
[18] 0.001773038          0.000027861
[19] 0.001650103          0.000024756


----------------------------------- AVERAGES ------------------------------------------





---------- SUMMARY ----------

0.015496475 0.012554264 0.019030435 0.026811462 0.047051353 0.105337149 0.117732072 0.034310759 0.027370127 0.012241992 0.023252750 0.010974640 0.004529007 0.012377731 0.019494681 0.014157226 0.086523344 0.015016722 0.026173324 0.021667436 
0.003500154 0.016824426 0.003026049 0.032860472 0.015826342 0.001557992 0.005334227 0.043424267 0.008326367 0.043236183 0.014642707 0.002853851 0.011846310 0.001841754 0.012019833 0.015734586 0.017971602 0.004275195 0.014649511 0.009709263 
0.000042031 0.002576182 0.002938421 0.002054902 0.000571004 0.003473290 0.010547429 0.001051075 0.007198573 0.007140536 0.000539711 0.001638843 0.000825963 0.000813429 0.000159850 0.000453679 0.001009159 0.000080522 0.001773038 0.001650103 
