FEN: rn1q1rk1/pbp2pp1/1p2pb1p/3p4/2PP4/2N1PN2/PP2BPPP/R2QK2R w KQ - 0 10
        [0]         [1]         [2]         [3]         [4]         [5]         [6]         [7]         [8]         [9]
[0] 0.004736600 0.004577500 0.004836500 0.004603800 0.004969800 0.004763500 0.004573300 0.004389700 0.004391200 0.004486300 
[1] 0.004507100 0.004658100 0.004526100 0.004521500 0.004417700 0.004512700 0.004330300 0.004421300 0.005240300 0.004433100 
[2] 0.004557800 0.004288600 0.004809100 0.004450200 0.004929700 0.004448800 0.005178500 0.004552200 0.004732700 0.004615800 
[3] 0.004825700 0.004647500 0.004710400 0.004808500 0.004694200 0.004827200 0.004853500 0.004495800 0.004850300 0.005123200 
[4] 0.004528700 0.005110000 0.004504000 0.004808100 0.004646500 0.004976800 0.004711400 0.004972200 0.004493100 0.005240500 
[5] 0.004471200 0.004897900 0.004836000 0.004518500 0.004424000 0.004530200 0.004599200 0.004249800 0.004525500 0.004411800 
[6] 0.004549600 0.004288100 0.004532700 0.004582800 0.004473400 0.004433400 0.004247700 0.004534600 0.004357600 0.004483500 
[7] 0.004278100 0.005037300 0.004288700 0.004282100 0.004543800 0.004263800 0.004543800 0.004252100 0.004456100 0.004507200 
[8] 0.004482700 0.004284700 0.004308500 0.004395600 0.004419800 0.004510000 0.004288600 0.004820700 0.004288600 0.004494800 
[9] 0.004276200 0.004543000 0.004424600 0.004252200 0.004493400 0.004251000 0.004594700 0.004306100 0.004467400 0.004365600 
[AVERAGE] 0.004569561 s
[STANDARD DEVIATION] 0.000238452 s

FEN: rn1q1rk1/pp2ppbp/2p3p1/3p1b2/2PPn3/1P3NP1/P2NPPBP/R1BQ1RK1 w - - 1 9
        [0]         [1]         [2]         [3]         [4]         [5]         [6]         [7]         [8]         [9]
[0] 0.004843600 0.005436400 0.005217800 0.005402400 0.005881400 0.005363100 0.005835600 0.005267900 0.005790100 0.005701200 
[1] 0.005438700 0.005436000 0.005860100 0.005861600 0.005569100 0.006000500 0.006012200 0.005437200 0.005119600 0.005601300 
[2] 0.005856600 0.005591000 0.005454500 0.005406700 0.005412900 0.005785300 0.005959100 0.005600900 0.005186200 0.005589500 
[3] 0.005441700 0.005884000 0.005597900 0.005273600 0.005429400 0.005385000 0.005435100 0.005267200 0.005460300 0.005287200 
[4] 0.005359600 0.005100000 0.005191000 0.004982400 0.005331900 0.005565200 0.005090600 0.004952200 0.005051000 0.005131200 
[5] 0.005081100 0.004813100 0.005322100 0.005277900 0.005141500 0.005077300 0.005451500 0.005411400 0.005202300 0.005274200 
[6] 0.005503300 0.005086800 0.005065500 0.005456600 0.004940000 0.005509200 0.004970800 0.006166000 0.004935600 0.005308000 
[7] 0.005072500 0.005297700 0.005027200 0.005098000 0.005102000 0.005109500 0.005325300 0.005121200 0.004895400 0.005122300 
[8] 0.004886300 0.005034000 0.005256800 0.005083400 0.004832300 0.005201500 0.004929900 0.005173900 0.004933200 0.005092000 
[9] 0.004856800 0.004978200 0.004854300 0.005363200 0.005439200 0.005238400 0.005967200 0.005472600 0.005232100 0.005000500 
[AVERAGE] 0.005321261 s
[STANDARD DEVIATION] 0.000309259 s

FEN: 1rbq1rk1/pp2ppbp/2n2np1/2pp4/5P2/N1PP1NP1/PP2P1BP/R1BQ1RK1 w - - 3 9
        [0]         [1]         [2]         [3]         [4]         [5]         [6]         [7]         [8]         [9]
[0] 0.012444500 0.012330000 0.012272200 0.012579500 0.012361100 0.012519200 0.012189600 0.012350400 0.012324700 0.012365500 
[1] 0.012245200 0.013167600 0.015375600 0.014224300 0.013796100 0.014006600 0.013783100 0.014772800 0.014166500 0.014026100 
[2] 0.014110400 0.013784800 0.014299000 0.013907500 0.014050500 0.013683100 0.013317500 0.013505600 0.013084800 0.013078000 
[3] 0.012882500 0.012749200 0.012553400 0.012449600 0.012800900 0.013003900 0.012660000 0.012539100 0.012666600 0.012238400 
[4] 0.012169600 0.012300500 0.013357200 0.012805300 0.012400700 0.012502500 0.012490900 0.014436000 0.013269800 0.013386600 
[5] 0.013274600 0.013255700 0.012970100 0.016576600 0.022633200 0.019441300 0.014287200 0.018232100 0.021492700 0.017315400 
[6] 0.014771400 0.020443600 0.013230400 0.013005100 0.013124400 0.012976300 0.012969300 0.014539200 0.021150000 0.016231400 
[7] 0.014438800 0.013779000 0.013824700 0.017172900 0.019413000 0.027624000 0.027833600 0.023675000 0.017109400 0.013675400 
[8] 0.013027500 0.014762200 0.015066500 0.013131500 0.014828600 0.018395500 0.019753600 0.014967600 0.014438500 0.017147700 
[9] 0.014131800 0.019114800 0.013941800 0.017322900 0.016058300 0.016528200 0.014158300 0.020895900 0.013816700 0.020479100 
[AVERAGE] 0.014882173 s
[STANDARD DEVIATION] 0.003191645 s

FEN: r2qkb1r/pp1n1ppp/2p2n2/3pp3/6b1/3P1NP1/PPPNPPBP/R1BQ1RK1 w kq - 0 7
        [0]         [1]         [2]         [3]         [4]         [5]         [6]         [7]         [8]         [9]
[0] 0.012718800 0.009789000 0.010323100 0.010776400 0.009980200 0.009201300 0.009815600 0.009799600 0.009632900 0.009237100 
[1] 0.008839400 0.008954700 0.009090300 0.007954300 0.008300800 0.008660800 0.011536900 0.010303500 0.009948400 0.008235400 
[2] 0.010981500 0.013590900 0.009827500 0.009535700 0.012644100 0.022827200 0.010427800 0.009935500 0.008815100 0.009840500 
[3] 0.009201900 0.008564600 0.009009400 0.010437700 0.010371700 0.015827100 0.014577200 0.009748000 0.010329200 0.008626800 
[4] 0.010107900 0.008283400 0.008199800 0.008075600 0.008332100 0.008516600 0.010707400 0.009508400 0.013676200 0.011148100 
[5] 0.008271400 0.008796200 0.008734200 0.008589300 0.011478300 0.011395000 0.009323900 0.009505200 0.013890800 0.008326000 
[6] 0.008349400 0.009879600 0.009199100 0.009112300 0.008796900 0.008183400 0.009545300 0.009610200 0.008525000 0.008222600 
[7] 0.008145000 0.008570500 0.008390100 0.008439500 0.008237100 0.007961300 0.007883100 0.007870100 0.007826400 0.007791900 
[8] 0.007686800 0.007788900 0.007660700 0.007611600 0.007408400 0.007691800 0.007510200 0.007639800 0.008041900 0.007741300 
[9] 0.007816200 0.008098100 0.007747400 0.007623100 0.007858400 0.007656100 0.007835400 0.007734500 0.007723200 0.007580800 
[AVERAGE] 0.009380771 s
[STANDARD DEVIATION] 0.002129856 s

FEN: rnbqkb1r/pp3pp1/2p1pn1p/8/2pP3B/2N2N2/PP2PPPP/R2QKB1R w KQkq - 0 7
        [0]         [1]         [2]         [3]         [4]         [5]         [6]         [7]         [8]         [9]
[0] 0.012906300 0.013172500 0.012850100 0.012989300 0.012898400 0.013044300 0.012885300 0.012889100 0.013165200 0.012785700 
[1] 0.012993700 0.013149700 0.012843900 0.012945800 0.012871800 0.013012100 0.012898300 0.012861500 0.013076500 0.012760000 
[2] 0.012937900 0.013092800 0.012772800 0.012834900 0.012964800 0.013046600 0.013751200 0.013100200 0.013150700 0.013327700 
[3] 0.012868100 0.013445500 0.013220600 0.013181800 0.013774100 0.013201800 0.014295200 0.013191500 0.013380300 0.012987600 
[4] 0.013672900 0.013151300 0.012740900 0.014946400 0.014675200 0.013136000 0.013107000 0.012909300 0.013110400 0.013022700 
[5] 0.013080600 0.013123500 0.012865500 0.013124500 0.013188600 0.013438500 0.012876200 0.012799800 0.013301300 0.012865500 
[6] 0.012863400 0.012816400 0.013019700 0.012966400 0.012799900 0.013116200 0.013062700 0.012838600 0.013253300 0.012724400 
[7] 0.013097400 0.013148800 0.013060000 0.012823200 0.012820500 0.013089800 0.012797900 0.012758000 0.014623100 0.013161500 
[8] 0.012878300 0.013268500 0.012979500 0.012970900 0.013032000 0.013280600 0.013038800 0.012779400 0.013166800 0.013045300 
[9] 0.012973700 0.013036200 0.012912100 0.013139400 0.013339700 0.014389700 0.013935700 0.013820100 0.013130000 0.013311100 
[AVERAGE] 0.013139307 s
[STANDARD DEVIATION] 0.000409295 s

FEN: r3k2r/pppqb1pp/2np1n2/4p2b/P1B1P3/2N1BN1P/1PP2PP1/R2Q1RK1 b kq - 0 11
        [0]         [1]         [2]         [3]         [4]         [5]         [6]         [7]         [8]         [9]
[0] 0.010388700 0.009795500 0.009951200 0.009709200 0.009536900 0.010918700 0.009844100 0.009548700 0.010949800 0.009845900 
[1] 0.009962300 0.009665100 0.009645800 0.009664200 0.009836600 0.009783600 0.009831700 0.009988600 0.009878100 0.009638400 
[2] 0.009918300 0.009709500 0.009944400 0.010133500 0.011231900 0.010126500 0.009956700 0.009771400 0.009674500 0.010083800 
[3] 0.009769400 0.009861500 0.009873700 0.009726000 0.010005500 0.009791900 0.009768800 0.009750300 0.009776300 0.009498100 
[4] 0.009828200 0.009497900 0.009900100 0.009658500 0.009742200 0.009662300 0.009786400 0.009645500 0.009911200 0.009737700 
[5] 0.009783100 0.009758500 0.009943000 0.009550500 0.009718600 0.009698200 0.009848900 0.009657500 0.009700000 0.009698700 
[6] 0.009815500 0.009898900 0.009502500 0.010006800 0.009732300 0.009797300 0.009728900 0.009762900 0.009787100 0.009768000 
[7] 0.009899700 0.009710100 0.009814200 0.009978500 0.009697800 0.009940600 0.009699600 0.009936300 0.009717100 0.009795500 
[8] 0.009633700 0.009823700 0.009818100 0.011536600 0.011484800 0.011271700 0.011118100 0.010577200 0.009903100 0.009769800 
[9] 0.010098600 0.010094000 0.010187200 0.010438400 0.014788000 0.012527700 0.009879400 0.010185800 0.010990500 0.011696500 
[AVERAGE] 0.010032946 s
[STANDARD DEVIATION] 0.000704468 s

FEN: r3k2r/1ppqb1pp/p1np1n2/4p2b/P1B1P3/2N1BN1P/1PP2PP1/R2QR1K1 b kq - 1 12
        [0]         [1]         [2]         [3]         [4]         [5]         [6]         [7]         [8]         [9]
[0] 0.009040300 0.008909000 0.008870000 0.008702200 0.008964300 0.010819100 0.009089300 0.008754700 0.008879300 0.008765700 
[1] 0.008753000 0.008776800 0.009353200 0.008606100 0.008762100 0.008724000 0.009094300 0.008894500 0.008826900 0.008716500 
[2] 0.009012200 0.008635100 0.008752300 0.008775400 0.008925500 0.008856800 0.009388000 0.009746500 0.009019300 0.008959100 
[3] 0.008792000 0.008794500 0.008822100 0.008750400 0.008935800 0.008943900 0.008973600 0.008708500 0.009013000 0.008672600 
[4] 0.008624900 0.009160600 0.008899800 0.008932100 0.009061800 0.008978500 0.008899500 0.009030200 0.008996200 0.008730800 
[5] 0.009236200 0.008965600 0.009054600 0.009153100 0.009101000 0.008988800 0.009082400 0.009124700 0.009023100 0.009064600 
[6] 0.008822800 0.008927400 0.009218800 0.008950900 0.008974100 0.009054200 0.008909000 0.009144200 0.009142000 0.009228200 
[7] 0.009095200 0.008864100 0.008842400 0.009422800 0.009115900 0.008924000 0.009243400 0.009676400 0.008966600 0.009591900 
[8] 0.009077000 0.009631400 0.009194700 0.008961800 0.009044700 0.009091500 0.009525800 0.009242900 0.009145500 0.009264300 
[9] 0.009633000 0.009592200 0.009529200 0.009348200 0.009579000 0.009437700 0.009243000 0.009209400 0.009343300 0.009366300 
[AVERAGE] 0.009064616 s
[STANDARD DEVIATION] 0.000312666 s

FEN: rn1qkb1r/1pp2ppp/p3bn2/3p2B1/3P4/2N1PN2/PP3PPP/R2QKB1R b KQkq - 0 7
        [0]         [1]         [2]         [3]         [4]         [5]         [6]         [7]         [8]         [9]
[0] 0.016683700 0.016871600 0.016351200 0.016341500 0.016304900 0.015889600 0.015945200 0.016024200 0.015569700 0.015901300 
[1] 0.015581600 0.015814100 0.015582300 0.015749400 0.015587400 0.015728200 0.015829300 0.015711900 0.016729300 0.016197000 
[2] 0.016338800 0.018213500 0.016315600 0.016006200 0.016495900 0.016781600 0.016067800 0.015970000 0.016145300 0.015844700 
[3] 0.016181400 0.015439300 0.015868000 0.015480200 0.016403400 0.016100500 0.016021100 0.015696900 0.015597200 0.015764200 
[4] 0.015352400 0.015768300 0.015623200 0.015782600 0.015643800 0.015470500 0.016063200 0.015701200 0.015782100 0.015456900 
[5] 0.015761900 0.015814100 0.015524800 0.015719100 0.015613900 0.015618400 0.015489100 0.015618900 0.015537300 0.015483000 
[6] 0.015783300 0.015680500 0.015939900 0.015683500 0.015585300 0.015519900 0.015645000 0.015584800 0.015453700 0.015768300 
[7] 0.015208400 0.015764300 0.015539100 0.015722000 0.015471100 0.015806300 0.015718300 0.015510600 0.015941100 0.015617200 
[8] 0.015708000 0.015591800 0.015819300 0.015808000 0.016985500 0.015565500 0.015770800 0.016770200 0.016008100 0.015358700 
[9] 0.015613800 0.016290900 0.015584300 0.015908500 0.015488100 0.016044100 0.015541200 0.015504700 0.015572600 0.015636000 
[AVERAGE] 0.015854624 s
[STANDARD DEVIATION] 0.000427860 s

FEN: r2qkb1r/1p1n1p1p/p1bpp3/2p5/4P3/2N3QP/PPP2PP1/R1B1RBK1 b kq - 1 13
        [0]         [1]         [2]         [3]         [4]         [5]         [6]         [7]         [8]         [9]
[0] 0.014544000 0.014676800 0.014595400 0.014869100 0.014517300 0.014394700 0.014474800 0.014819800 0.014380400 0.014772500 
[1] 0.014378500 0.014633300 0.014215900 0.014642300 0.014453600 0.014358900 0.014628100 0.014720900 0.014638800 0.014381600 
[2] 0.014698700 0.014760700 0.014742400 0.014574700 0.014488300 0.014499000 0.014617400 0.014767900 0.014737200 0.014630800 
[3] 0.014775600 0.014684200 0.014984800 0.014998400 0.014831100 0.014967000 0.016783500 0.014752200 0.014753100 0.014844100 
[4] 0.014438800 0.014744000 0.014699600 0.014663800 0.014363300 0.014996900 0.014244000 0.014957800 0.014797600 0.014553400 
[5] 0.014573600 0.015725400 0.014873800 0.014356100 0.014880200 0.014472400 0.014849100 0.014510000 0.014517300 0.014405300 
[6] 0.014672300 0.014555300 0.014692500 0.014486500 0.014792100 0.014344300 0.014503400 0.014579100 0.014607000 0.014833600 
[7] 0.014469200 0.014677100 0.014378700 0.014658500 0.014430500 0.014730000 0.014319800 0.014658800 0.014517700 0.014665000 
[8] 0.014630600 0.014711200 0.015696200 0.014861400 0.014886100 0.014498400 0.014813300 0.014490000 0.014880000 0.014475300 
[9] 0.014734400 0.014445800 0.014506900 0.014456600 0.014335300 0.014635400 0.014466700 0.014549100 0.014583500 0.014684600 
[AVERAGE] 0.014665224 s
[STANDARD DEVIATION] 0.000316433 s

FEN: rn1q1rk1/p1p2ppp/bp3n2/3p4/1b1P4/2N1PN2/PPBB1PPP/R2QK2R b KQ - 3 9
        [0]         [1]         [2]         [3]         [4]         [5]         [6]         [7]         [8]         [9]
[0] 0.009170800 0.008896000 0.009064400 0.009049100 0.009080300 0.009158300 0.009052800 0.009474000 0.009063800 0.009286700 
[1] 0.009077800 0.009199300 0.009105700 0.008815400 0.009070700 0.009237400 0.009105300 0.009081100 0.009188000 0.009059800 
[2] 0.009067000 0.009343600 0.008954100 0.009098900 0.008782100 0.009064000 0.009252000 0.009056200 0.009083100 0.009101200 
[3] 0.010119200 0.009919400 0.009451400 0.009107400 0.009186200 0.009574600 0.009264000 0.009142700 0.009187200 0.009064000 
[4] 0.009146800 0.009020500 0.009181500 0.009131400 0.009089200 0.009007600 0.009226700 0.009046200 0.009169900 0.009055900 
[5] 0.008882000 0.009221600 0.009212100 0.009135600 0.008940300 0.009128100 0.008877500 0.009299900 0.008990400 0.009164900 
[6] 0.008782700 0.009139200 0.008907800 0.009032200 0.009093900 0.009201500 0.009258700 0.009142400 0.009309400 0.009290300 
[7] 0.009214400 0.009074000 0.008949700 0.009191500 0.009301300 0.009172900 0.009147200 0.009322900 0.008923900 0.009109400 
[8] 0.008968800 0.009211900 0.009115500 0.009090800 0.009029500 0.009841200 0.009297400 0.009200600 0.009207900 0.008928600 
[9] 0.009253400 0.009258500 0.009045300 0.009417100 0.008992400 0.009014500 0.008979900 0.008911800 0.009010700 0.009038300 
[AVERAGE] 0.009143625 s
[STANDARD DEVIATION] 0.000201919 s

FEN: rnbq1rk1/pp2bppp/4pn2/3p4/2PN4/6P1/PPQ1PPBP/RNB2RK1 b - - 0 8
        [0]         [1]         [2]         [3]         [4]         [5]         [6]         [7]         [8]         [9]
[0] 0.004035600 0.003531700 0.003616000 0.003770700 0.003629900 0.003808300 0.003829900 0.003614900 0.003822200 0.003570800 
[1] 0.003627800 0.003935000 0.003556200 0.003647800 0.003763400 0.003628900 0.003870600 0.003691300 0.003762600 0.003975600 
[2] 0.003512100 0.003614100 0.004037600 0.003587100 0.003653600 0.003666500 0.003641900 0.003882100 0.003560700 0.003613700 
[3] 0.003850900 0.003571500 0.003613700 0.003896200 0.003614500 0.003828500 0.003543900 0.003614000 0.004598600 0.005154200 
[4] 0.003975100 0.003663500 0.003602900 0.003911100 0.003625900 0.003645000 0.003840900 0.003612700 0.003910300 0.003592800 
[5] 0.003513900 0.003878800 0.003645200 0.004340800 0.004478200 0.003696300 0.003807000 0.003663100 0.003793900 0.003781100 
[6] 0.003604200 0.003822300 0.003676100 0.003602600 0.004015800 0.003599600 0.003693400 0.003822300 0.003601100 0.003868600 
[7] 0.003625700 0.003657500 0.003806300 0.003881600 0.003882600 0.004016400 0.003675200 0.003815400 0.003781200 0.003599500 
[8] 0.003881200 0.003869100 0.003701900 0.003746000 0.003688900 0.003824100 0.003683200 0.003774500 0.003836000 0.003680300 
[9] 0.003681100 0.003742900 0.003855900 0.003746700 0.003623900 0.003673100 0.003803900 0.004441100 0.004580500 0.003614000 
[AVERAGE] 0.003782188 s
[STANDARD DEVIATION] 0.000250645 s

FEN: rnbqkb1r/pp1p1ppp/4pn2/2p5/2PP4/4PN2/PP3PPP/RNBQKB1R b KQkq - 0 4
        [0]         [1]         [2]         [3]         [4]         [5]         [6]         [7]         [8]         [9]
[0] 0.002389600 0.002324100 0.002260900 0.002232500 0.002116400 0.002169200 0.002246600 0.002057400 0.002360900 0.002094100 
[1] 0.002306200 0.002277600 0.002060700 0.002117900 0.002213600 0.002261200 0.002157500 0.002325000 0.002096700 0.002209000 
[2] 0.002259900 0.002114500 0.002103100 0.002097400 0.002440300 0.002057000 0.002206800 0.002394300 0.002122600 0.002288100 
[3] 0.002198800 0.002066600 0.002210200 0.002465600 0.002164400 0.002186900 0.002127600 0.002144900 0.002259500 0.002056500 
[4] 0.002176100 0.002221100 0.002094200 0.002411500 0.002070700 0.002057200 0.002194100 0.002370500 0.002161000 0.002204100 
[5] 0.002100900 0.002210200 0.002228300 0.002056100 0.002161700 0.002093100 0.002421500 0.002059000 0.002065800 0.002174600 
[6] 0.002137100 0.002320900 0.002213100 0.002059100 0.002246400 0.002396900 0.002058300 0.002163800 0.002057100 0.002089100 
[7] 0.002422100 0.002059700 0.002209100 0.002150600 0.002123300 0.002368500 0.002055800 0.002058900 0.002224200 0.002439700 
[8] 0.002061400 0.002176200 0.002057400 0.002278600 0.002299900 0.002058900 0.002131300 0.002057700 0.002346700 0.002365100 
[9] 0.002087300 0.002160800 0.002164500 0.002376000 0.002159800 0.002057100 0.002058300 0.002489300 0.002147300 0.002161200 
[AVERAGE] 0.002193223 s
[STANDARD DEVIATION] 0.000118270 s

FEN: rnbqk2r/ppp2ppp/4pn2/3p4/1bPP4/2N2P2/PP2P1PP/R1BQKBNR w KQkq - 0 5
        [0]         [1]         [2]         [3]         [4]         [5]         [6]         [7]         [8]         [9]
[0] 0.003734000 0.004090900 0.003791600 0.004354900 0.003942700 0.003882600 0.004086000 0.003833800 0.004156400 0.003789200 
[1] 0.003850500 0.004176100 0.003942600 0.004338800 0.003927000 0.003826900 0.004095600 0.003894300 0.004131200 0.003995000 
[2] 0.003834300 0.004027800 0.003920800 0.004242800 0.004056300 0.003824900 0.003986000 0.004100400 0.004018500 0.003949900 
[3] 0.003912400 0.003947800 0.004058400 0.004137100 0.003858400 0.003950200 0.004140900 0.003909800 0.004067600 0.003931200 
[4] 0.003910700 0.004150100 0.004041900 0.004039200 0.003850200 0.004112900 0.003962700 0.003948700 0.004169300 0.003961100 
[5] 0.003918900 0.004227600 0.003928400 0.003998200 0.003939500 0.004038500 0.003960200 0.003834900 0.004272000 0.003781100 
[6] 0.003894600 0.004128800 0.003730700 0.004232700 0.003849700 0.003827800 0.004096900 0.003803300 0.003943500 0.004065900 
[7] 0.003805000 0.004144300 0.003896000 0.003966600 0.003990500 0.003805200 0.004112300 0.003893800 0.004140100 0.004091000 
[8] 0.003825600 0.004135400 0.003861300 0.003812600 0.004144100 0.003882100 0.004114400 0.003804700 0.004066000 0.004176200 
[9] 0.003729300 0.004132100 0.003918900 0.003891100 0.004214600 0.003859900 0.003960800 0.004000500 0.003927800 0.004120500 
[AVERAGE] 0.003987583 s
[STANDARD DEVIATION] 0.000141316 s

FEN: rnbqr1k1/pp1p1ppp/2p2n2/4p3/2P1P3/2P2PP1/P2P1K1P/R1BQ1BNR w - - 0 8
        [0]         [1]         [2]         [3]         [4]         [5]         [6]         [7]         [8]         [9]
[0] 0.004599700 0.004714700 0.004513600 0.004711800 0.004578500 0.004745700 0.004730100 0.004690100 0.004509800 0.004513400 
[1] 0.004783200 0.004559300 0.004752700 0.004418600 0.004831200 0.004555900 0.004695300 0.004755900 0.004570100 0.004513900 
[2] 0.004689400 0.004675600 0.004537000 0.004480600 0.004530500 0.004652900 0.004709600 0.004569500 0.004658900 0.004799700 
[3] 0.004566400 0.004693600 0.004539600 0.005073900 0.004694800 0.004942800 0.004656900 0.004544200 0.004524200 0.004570300 
[4] 0.004634500 0.004721300 0.004593200 0.004630300 0.004814900 0.004559600 0.004755000 0.004404100 0.004971200 0.004471200 
[5] 0.004780600 0.004460500 0.004734900 0.004635700 0.004522500 0.004661100 0.004554100 0.004745900 0.004435900 0.004840800 
[6] 0.004422400 0.004779500 0.004656300 0.004713300 0.004525200 0.004835700 0.004589800 0.004694600 0.004755600 0.004550500 
[7] 0.004668300 0.004461500 0.004975900 0.004481900 0.004782200 0.004424000 0.005059800 0.004577300 0.004693800 0.004610500 
[8] 0.004662300 0.005253800 0.005579100 0.005158500 0.005017300 0.004640900 0.004673900 0.004808500 0.004623700 0.004747900 
[9] 0.004646700 0.004716700 0.004498700 0.004824000 0.004566400 0.004749500 0.004689000 0.004736300 0.004710300 0.004663900 
[AVERAGE] 0.004680067 s
[STANDARD DEVIATION] 0.000182202 s

FEN: r1bq1rk1/1p2bppp/p1n1pn2/8/P1BP4/2N1BN2/1P3PPP/R2Q1RK1 w - - 3 11
        [0]         [1]         [2]         [3]         [4]         [5]         [6]         [7]         [8]         [9]
[0] 0.015054500 0.015222000 0.014952800 0.016117400 0.015163200 0.015235100 0.016732700 0.015103700 0.015180100 0.014818700 
[1] 0.015194000 0.014735900 0.015283700 0.014956100 0.015421400 0.014879900 0.015260600 0.014867100 0.015089600 0.015329500 
[2] 0.015134000 0.015004300 0.014903000 0.015067000 0.015038600 0.015118600 0.015547900 0.015395300 0.015911200 0.015579500 
[3] 0.014988100 0.015111100 0.014857300 0.015280000 0.015085700 0.014705400 0.015167900 0.015139200 0.015303700 0.015048400 
[4] 0.015194900 0.014853900 0.015083400 0.015047600 0.014953900 0.014960200 0.015124000 0.014886900 0.015088200 0.015367800 
[5] 0.014821900 0.015315700 0.015156400 0.015470400 0.014860100 0.015004800 0.015026900 0.015003100 0.015016600 0.017056500 
[6] 0.015075100 0.015329100 0.015244700 0.015154200 0.014961200 0.015185500 0.015071500 0.015058200 0.015341600 0.015035200 
[7] 0.015006100 0.015127600 0.015056400 0.014912500 0.014979600 0.015050700 0.014983400 0.015028000 0.014952400 0.015278800 
[8] 0.015086700 0.014918300 0.015072800 0.014973400 0.015011800 0.014982900 0.015007000 0.015142600 0.015084600 0.014936500 
[9] 0.015277900 0.015012700 0.015108500 0.014963200 0.015224100 0.015470200 0.016908400 0.015538500 0.015439600 0.015420100 
[AVERAGE] 0.015176890 s
[STANDARD DEVIATION] 0.000374073 s

FEN: rn1q1rk1/pbpp1ppp/8/3nP3/2BP4/5PP1/P6P/R1BQK1NR w KQ - 1 11
        [0]         [1]         [2]         [3]         [4]         [5]         [6]         [7]         [8]         [9]
[0] 0.009106500 0.009106300 0.009151600 0.008949000 0.009340800 0.009049700 0.008966300 0.008816500 0.008813700 0.008617300 
[1] 0.008822500 0.008880300 0.008882600 0.008899000 0.008962000 0.008987700 0.008813500 0.008942400 0.008756800 0.009054700 
[2] 0.008986300 0.008887200 0.008921300 0.008877800 0.008780500 0.008917300 0.008838600 0.008772400 0.008883500 0.008821500 
[3] 0.008810000 0.009007000 0.008906000 0.009110800 0.009218400 0.009311200 0.008949100 0.008685000 0.008928200 0.009215800 
[4] 0.008885200 0.009015300 0.008777200 0.009517600 0.010284800 0.009279900 0.009003100 0.008883100 0.008721400 0.008824400 
[5] 0.008998500 0.008840100 0.009061000 0.008922700 0.008932400 0.008821700 0.008962600 0.008891900 0.008796800 0.008807300 
[6] 0.009111800 0.009053100 0.008828300 0.008827200 0.008866400 0.009009000 0.008853800 0.008789700 0.008663200 0.008965800 
[7] 0.008961100 0.008989300 0.008714100 0.008911000 0.008972400 0.008912400 0.008560100 0.008905300 0.008866800 0.008905200 
[8] 0.008718600 0.009034800 0.008919200 0.008784500 0.008522500 0.008901300 0.008813200 0.008821300 0.009186300 0.009032900 
[9] 0.008839900 0.008719500 0.008851600 0.008910800 0.008831300 0.008905100 0.008852700 0.008800000 0.008819000 0.008845500 
[AVERAGE] 0.008927501 s
[STANDARD DEVIATION] 0.000207542 s

FEN: r2qk2r/1p1n1ppp/p1pbbn2/3p2B1/3P4/2NBPN1P/PP3PP1/R2QK2R w KQkq - 0 10
        [0]         [1]         [2]         [3]         [4]         [5]         [6]         [7]         [8]         [9]
[0] 0.012829100 0.012810000 0.012926300 0.012861300 0.012782700 0.012809800 0.012989600 0.012947100 0.012934400 0.013093100 
[1] 0.012880800 0.012860800 0.013158900 0.012973900 0.012835200 0.013087100 0.013013200 0.012775200 0.012775600 0.013034000 
[2] 0.013455000 0.013546800 0.013157200 0.012905300 0.012720400 0.012947500 0.013358500 0.013277700 0.012964100 0.013021400 
[3] 0.012991900 0.014069100 0.012946800 0.013024700 0.012962500 0.013314100 0.012659000 0.014715100 0.013556800 0.012862900 
[4] 0.012664900 0.013102200 0.012663600 0.012817000 0.013093500 0.012843700 0.012787200 0.012784100 0.012900200 0.012807700 
[5] 0.012889200 0.012638600 0.012904500 0.012907300 0.012620100 0.013158800 0.012812400 0.012689100 0.012634600 0.013038400 
[6] 0.012819900 0.012725200 0.013013600 0.012732100 0.013008700 0.013044600 0.012864800 0.012886500 0.012858000 0.012972900 
[7] 0.012812200 0.012895500 0.012722400 0.012996900 0.012693200 0.012835200 0.013167300 0.012675700 0.012705600 0.012982300 
[8] 0.013014700 0.012862300 0.012811800 0.012961000 0.013095100 0.012778400 0.013071400 0.012979200 0.012897300 0.012874300 
[9] 0.012932800 0.013160000 0.013180400 0.013137900 0.012956900 0.012821500 0.013273600 0.012755600 0.012957400 0.012875200 
[AVERAGE] 0.012964014 s
[STANDARD DEVIATION] 0.000280501 s

FEN: r1bq1rk1/pp2bppp/2n1pn2/2pp4/P3PB2/3P1NP1/1PP2PBP/RN1Q1RK1 b - - 2 8
        [0]         [1]         [2]         [3]         [4]         [5]         [6]         [7]         [8]         [9]
[0] 0.004388400 0.004129800 0.004482900 0.004115100 0.004430100 0.004158400 0.004102700 0.004401900 0.004113500 0.004441100 
[1] 0.004038100 0.004450500 0.004187000 0.004096900 0.004404600 0.004141300 0.004488000 0.004104700 0.004279800 0.004329100 
[2] 0.004009500 0.004554800 0.004217000 0.004439200 0.004077700 0.004555000 0.004607400 0.004194700 0.004296900 0.004200200 
[3] 0.004535500 0.004230000 0.004272700 0.004284200 0.004435800 0.004414600 0.004173700 0.004426800 0.004379900 0.004360300 
[4] 0.004259200 0.004181600 0.004413600 0.004707600 0.004977600 0.004604400 0.004507400 0.004212400 0.004238500 0.004159700 
[5] 0.004570100 0.004084100 0.004167200 0.004350000 0.004192800 0.004254600 0.004313100 0.004197900 0.004342300 0.004228500 
[6] 0.004496800 0.004235100 0.004190000 0.004211000 0.004183700 0.004300700 0.004088700 0.004493700 0.004367100 0.004329600 
[7] 0.004052000 0.004307500 0.004364900 0.004333600 0.004322400 0.004206200 0.004349400 0.004189300 0.004233400 0.004254100 
[8] 0.004253200 0.004395200 0.004082400 0.004472400 0.004041500 0.004243500 0.004327600 0.004546200 0.004260300 0.004115700 
[9] 0.004669500 0.004096700 0.004170100 0.004341200 0.004127600 0.004522100 0.004071100 0.004379200 0.004172400 0.004010200 
[AVERAGE] 0.004297197 s
[STANDARD DEVIATION] 0.000172739 s

FEN: r1bqr1k1/ppp2ppp/2n5/2bnp3/8/2NP1NP1/PP2PPBP/R1BQ1RK1 w - - 1 9
        [0]         [1]         [2]         [3]         [4]         [5]         [6]         [7]         [8]         [9]
[0] 0.016860300 0.016745100 0.016622200 0.017385800 0.017055800 0.016678000 0.016707500 0.016880100 0.016993600 0.016719100 
[1] 0.016873800 0.016947100 0.016865100 0.016767500 0.016997600 0.016974400 0.016757700 0.016990700 0.016612700 0.016687100 
[2] 0.016716500 0.016523600 0.016578800 0.016746800 0.016670900 0.016890000 0.016956200 0.016809900 0.016375400 0.016750100 
[3] 0.016628500 0.016744700 0.016684500 0.016677400 0.016681100 0.016660600 0.016791700 0.016642800 0.016671800 0.016725200 
[4] 0.016740900 0.016685200 0.016876900 0.016643000 0.016717200 0.017727700 0.017029100 0.016516000 0.016866300 0.016826200 
[5] 0.016744300 0.016839800 0.016315400 0.016790800 0.016710900 0.016573100 0.016768100 0.016894700 0.016837600 0.016817600 
[6] 0.016862500 0.017187800 0.016635200 0.016925500 0.016724800 0.016655600 0.016937000 0.016676100 0.016693200 0.016821900 
[7] 0.016861100 0.016749200 0.016919300 0.016916400 0.016629600 0.017098900 0.017032400 0.016808300 0.016963700 0.017102100 
[8] 0.017107700 0.016549300 0.016859600 0.017280700 0.016731300 0.016902100 0.016984500 0.016584900 0.016888600 0.016699800 
[9] 0.016606700 0.016788100 0.016702500 0.016807500 0.016923400 0.016920500 0.016826900 0.016732800 0.016764300 0.017141200 
[AVERAGE] 0.016809715 s
[STANDARD DEVIATION] 0.000196743 s

FEN: rnbqk2r/ppp2pp1/5n1p/3p4/1b1P3B/2N2N2/PP2PPPP/R2QKB1R b KQkq - 1 7
        [0]         [1]         [2]         [3]         [4]         [5]         [6]         [7]         [8]         [9]
[0] 0.013248300 0.013377500 0.013448400 0.013164600 0.012850800 0.013096000 0.014571100 0.013820700 0.013463800 0.013103500 
[1] 0.013046500 0.013324000 0.013312600 0.012834000 0.013138400 0.013253400 0.013017800 0.013069700 0.013422400 0.012985100 
[2] 0.013217600 0.013531900 0.013335200 0.013221500 0.013255300 0.013383700 0.013073200 0.013183200 0.013366400 0.013183800 
[3] 0.013285100 0.013271600 0.013207100 0.013275300 0.013099200 0.013212800 0.013547000 0.012949700 0.013118600 0.013231100 
[4] 0.013210200 0.013147100 0.013362500 0.013014200 0.013224300 0.013169300 0.013011500 0.013135500 0.012855400 0.013372400 
[5] 0.013122500 0.012952800 0.013253600 0.013175000 0.013074600 0.013331000 0.013000800 0.013018500 0.013280900 0.013023700 
[6] 0.013148500 0.012974700 0.013331000 0.013185500 0.012966200 0.013041500 0.013148700 0.013336800 0.013201600 0.013345200 
[7] 0.013170400 0.013214400 0.013101300 0.012934600 0.013799200 0.013287400 0.013172500 0.013254800 0.013045100 0.012983500 
[8] 0.013316300 0.012861700 0.014135000 0.014547800 0.013238600 0.013159900 0.013415600 0.013122700 0.013148600 0.013624200 
[9] 0.013043100 0.013003800 0.013336100 0.013404100 0.013036500 0.013323200 0.013355500 0.013324000 0.013488600 0.013031500 
[AVERAGE] 0.013237934 s
[STANDARD DEVIATION] 0.000278448 s

FEN: 2r5/1p2kp2/p3pn1P/6R1/6p1/2P3P1/2PR4/6K1 b - - 4 31
        [0]         [1]         [2]         [3]         [4]         [5]         [6]         [7]         [8]         [9]
[0] 0.001015200 0.001187900 0.001006800 0.001091400 0.001180200 0.001121800 0.001124000 0.001007600 0.001004500 0.001035800 
[1] 0.001021600 0.001081700 0.001169800 0.001065100 0.001164800 0.001004600 0.001149500 0.001135300 0.001005000 0.001005700 
[2] 0.001171700 0.001009500 0.001185700 0.001288000 0.001033700 0.001031700 0.001032700 0.001041900 0.001086900 0.001090700 
[3] 0.001030200 0.001064400 0.001171400 0.001074700 0.001052100 0.001004000 0.001170700 0.001008400 0.001004900 0.001203600 
[4] 0.001005800 0.001253000 0.001019100 0.001007400 0.001065100 0.001091000 0.001007700 0.001004400 0.001067300 0.001007200 
[5] 0.001325500 0.001181400 0.001006500 0.001007700 0.001006200 0.001146000 0.001094400 0.001005300 0.001068500 0.001065800 
[6] 0.001194900 0.001124100 0.001004200 0.001006400 0.001035500 0.001006300 0.001082400 0.001032800 0.001157400 0.001270100 
[7] 0.001005800 0.001007000 0.001119300 0.001006200 0.001004200 0.001006100 0.001008200 0.001138100 0.001094500 0.001264700 
[8] 0.001007100 0.001006500 0.001004300 0.001124500 0.001003600 0.001006700 0.001006700 0.001188300 0.001315000 0.001055800 
[9] 0.001006100 0.001008000 0.001008100 0.001005600 0.001211000 0.001003600 0.001072900 0.001139000 0.001067500 0.001110500 
[AVERAGE] 0.001076895 s
[STANDARD DEVIATION] 0.000082366 s

FEN: 1r4k1/p5p1/5p1p/q2p4/2rPn3/b1PQRN1P/P1RB1PP1/6K1 w - - 1 2
        [0]         [1]         [2]         [3]         [4]         [5]         [6]         [7]         [8]         [9]
[0] 0.007049000 0.006989100 0.007000000 0.007090800 0.007042500 0.007023700 0.007154200 0.006778900 0.007146800 0.007591600 
[1] 0.007010700 0.006820000 0.007082300 0.007124200 0.006964300 0.007129900 0.007077500 0.007056100 0.007052500 0.007162400 
[2] 0.007369200 0.006826500 0.007060300 0.007217900 0.006983000 0.007036000 0.007144000 0.007071600 0.006857900 0.007247500 
[3] 0.006993700 0.006949000 0.007112100 0.007046200 0.007152800 0.007074100 0.007064500 0.007139000 0.006845900 0.007396900 
[4] 0.007119600 0.007164600 0.007149100 0.007250600 0.007225000 0.007088400 0.007225400 0.007014900 0.007089200 0.007220800 
[5] 0.007032900 0.007222500 0.006990000 0.007395500 0.007174700 0.007029000 0.006975000 0.007089300 0.007602900 0.006974500 
[6] 0.007201100 0.006997100 0.007346100 0.007136800 0.007125600 0.007167300 0.007141900 0.007209100 0.007092600 0.007122100 
[7] 0.006916600 0.007443500 0.007134100 0.007101800 0.007109200 0.007325600 0.007254800 0.006887200 0.007068200 0.007199200 
[8] 0.007138800 0.007267600 0.007149200 0.006884400 0.006949000 0.007486400 0.007049400 0.006858500 0.007174700 0.007177500 
[9] 0.007600800 0.007951700 0.007504100 0.007479900 0.007039400 0.007104400 0.007245000 0.007021400 0.006991100 0.007236900 
[AVERAGE] 0.007132586 s
[STANDARD DEVIATION] 0.000184503 s

FEN: 5rk1/rNR2ppp/P3p3/3p4/2p5/2n1P3/R4PPP/6K1 w - - 0 1
        [0]         [1]         [2]         [3]         [4]         [5]         [6]         [7]         [8]         [9]
[0] 0.007807400 0.008058000 0.007724500 0.007845800 0.007783200 0.008057700 0.007852100 0.008031800 0.007933100 0.007754200 
[1] 0.007905700 0.007941900 0.007675300 0.007973300 0.007759800 0.008012100 0.007818100 0.007737200 0.007860000 0.007912900 
[2] 0.007843200 0.007716300 0.007837900 0.007843500 0.007777300 0.007924300 0.007665800 0.007782200 0.007915600 0.007830200 
[3] 0.007526400 0.007961300 0.007800100 0.007938800 0.007787300 0.007698500 0.007924500 0.007891000 0.007857800 0.007730200 
[4] 0.007779300 0.008057800 0.007770700 0.008008500 0.007605300 0.007962700 0.007928700 0.007946200 0.007827200 0.007949700 
[5] 0.007912400 0.007935600 0.007966300 0.007999400 0.007827100 0.007782700 0.007953000 0.008092700 0.007926200 0.007752000 
[6] 0.007811600 0.007928000 0.008022100 0.007715300 0.007830300 0.007881700 0.007828000 0.007877200 0.007629600 0.007722400 
[7] 0.008082700 0.007857300 0.007607600 0.007899800 0.007868800 0.008137500 0.007879800 0.007497400 0.007894100 0.007906400 
[8] 0.007886600 0.007740100 0.007692600 0.008116700 0.007752700 0.007839700 0.007779300 0.007857700 0.007800100 0.007830200 
[9] 0.007847600 0.007878100 0.007798900 0.007769800 0.008177300 0.007915700 0.007814300 0.007951000 0.007888100 0.008000200 
[AVERAGE] 0.007858941 s
[STANDARD DEVIATION] 0.000124801 s

FEN: r1bk2r1/ppp1n2p/3q3Q/1B2Np2/4n3/2P5/PP3PPP/RN3RK1 b - - 2 16
        [0]         [1]         [2]         [3]         [4]         [5]         [6]         [7]         [8]         [9]
[0] 0.030521700 0.030690800 0.030576100 0.030648400 0.030407400 0.032142000 0.030712700 0.030666900 0.030573000 0.030737000 
[1] 0.030763200 0.030486300 0.030607200 0.030591400 0.030290200 0.030447100 0.030659100 0.030476100 0.030441900 0.030598400 
[2] 0.030354100 0.030659500 0.030410500 0.030288100 0.030300100 0.030407600 0.030617300 0.030436000 0.030726800 0.031067900 
[3] 0.030525000 0.030534800 0.030640700 0.030517900 0.030975500 0.030235400 0.030314800 0.031788600 0.030958500 0.030698100 
[4] 0.030573600 0.030548900 0.030873000 0.030697700 0.030093000 0.030538200 0.030702500 0.030219900 0.030699200 0.030533700 
[5] 0.030544200 0.030710300 0.030554400 0.030690000 0.030715300 0.030677500 0.030483700 0.030510400 0.030588800 0.030524300 
[6] 0.030490400 0.030345800 0.030611500 0.030574500 0.030611500 0.030717300 0.030685500 0.030645600 0.030606900 0.030554100 
[7] 0.032106300 0.030767200 0.030531800 0.030497400 0.030139900 0.030556500 0.030622600 0.030619700 0.030535800 0.030546600 
[8] 0.030505100 0.030477200 0.030554600 0.030423200 0.030663100 0.030501500 0.030473600 0.030354600 0.030609300 0.030329700 
[9] 0.030262800 0.030390300 0.030200500 0.030164300 0.030399500 0.030302600 0.030477900 0.030670200 0.030374700 0.030644300 
[AVERAGE] 0.030585186 s
[STANDARD DEVIATION] 0.000305211 s

FEN: r2qkb1r/pp2nppp/3p4/2pNN1B1/2BnP3/3P4/PPP2PPP/R2bK2R w KQkq - 1 0
        [0]         [1]         [2]         [3]         [4]         [5]         [6]         [7]         [8]         [9]
[0] 0.016320700 0.016440900 0.016726800 0.016356900 0.016069300 0.018135800 0.016635100 0.016513300 0.016733900 0.016202700 
[1] 0.016538200 0.016083200 0.016479600 0.016562600 0.016208400 0.016839000 0.016323900 0.016083500 0.016654300 0.016353200 
[2] 0.016238700 0.016343600 0.016425800 0.016522000 0.016298000 0.016490500 0.016570000 0.016601100 0.016546500 0.016334200 
[3] 0.016365400 0.016377400 0.016271300 0.016160300 0.016013300 0.016333100 0.016013200 0.016411000 0.016241500 0.016019500 
[4] 0.016419200 0.016270700 0.016095700 0.016529000 0.016271900 0.016342500 0.016216500 0.016015200 0.016454300 0.016390300 
[5] 0.016180600 0.016402500 0.016264400 0.016281100 0.016348700 0.016047900 0.016368600 0.016338700 0.016302700 0.016730000 
[6] 0.016268700 0.016402300 0.016325700 0.016348300 0.016108200 0.016383900 0.016804500 0.017554900 0.016715200 0.016656800 
[7] 0.016519700 0.016325500 0.016301200 0.016243300 0.017337000 0.016221800 0.016107700 0.016296900 0.016233300 0.016201400 
[8] 0.016157500 0.016369200 0.016252500 0.016147600 0.016252300 0.016435300 0.016179800 0.016582800 0.016283200 0.016253600 
[9] 0.016283800 0.016280700 0.016331600 0.016415700 0.016348900 0.016305900 0.016466000 0.016394600 0.016280700 0.016847500 
[AVERAGE] 0.016393337 s
[STANDARD DEVIATION] 0.000297080 s

FEN: 1rb4r/pkPp3p/1b1P3n/1Q6/N3Pp2/8/P1P3PP/7K w - - 1 0
        [0]         [1]         [2]         [3]         [4]         [5]         [6]         [7]         [8]         [9]
[0] 0.001788000 0.001771400 0.001725300 0.001768200 0.001889500 0.001869800 0.001726500 0.001930600 0.001722700 0.002261900 
[1] 0.002034500 0.001769200 0.001777200 0.001825200 0.001773600 0.001774900 0.001974200 0.001725600 0.001830000 0.001843900 
[2] 0.001921000 0.001927800 0.001723900 0.001832100 0.001722900 0.001757900 0.002171000 0.001728900 0.001724400 0.001876700 
[3] 0.001722600 0.001792100 0.002027000 0.001724300 0.001725100 0.001725700 0.001970700 0.001985300 0.001726200 0.001929200 
[4] 0.001725900 0.001724300 0.001858900 0.001932900 0.001723000 0.001967500 0.001722900 0.001759500 0.001965500 0.001798100 
[5] 0.001724000 0.001826900 0.001825300 0.001881100 0.001917200 0.001826600 0.001725800 0.001724400 0.001859800 0.001950600 
[6] 0.001724900 0.001794600 0.001768100 0.001811300 0.002019000 0.001995100 0.001724200 0.001724000 0.001826300 0.001762600 
[7] 0.001928600 0.001860600 0.001725900 0.001724500 0.001824800 0.002038600 0.001877900 0.001782400 0.001780900 0.001725400 
[8] 0.001726000 0.002067500 0.001768200 0.001722500 0.001829600 0.001722700 0.001941900 0.002043500 0.001776400 0.001722200 
[9] 0.001812100 0.001738100 0.001942600 0.001757100 0.001851900 0.001722100 0.001725700 0.002092600 0.001939700 0.001725500 
[AVERAGE] 0.001829848 s
[STANDARD DEVIATION] 0.000115449 s

FEN: 4kb1r/p2n1ppp/4q3/4p1B1/4P3/1Q6/PPP2PPP/2KR4 w k - 1 0
        [0]         [1]         [2]         [3]         [4]         [5]         [6]         [7]         [8]         [9]
[0] 0.018501600 0.018606900 0.018082100 0.018493200 0.018419500 0.018679700 0.018554200 0.018582900 0.018424000 0.018417700 
[1] 0.018705500 0.018575800 0.018434300 0.018748300 0.020650400 0.018612200 0.018497300 0.018233200 0.018345500 0.018456600 
[2] 0.018555600 0.018435100 0.018650200 0.018278100 0.018233200 0.018403400 0.018474100 0.018377700 0.018836300 0.018969300 
[3] 0.018955800 0.019177100 0.019435800 0.019048800 0.026069400 0.029235400 0.019226700 0.022235800 0.020021200 0.019748300 
[4] 0.020346900 0.023373400 0.023960600 0.018354900 0.018128400 0.018423300 0.018491400 0.018549000 0.018684500 0.018488400 
[5] 0.018185600 0.018364700 0.018651800 0.018589300 0.018755800 0.018554200 0.018423100 0.018708000 0.018405300 0.018204700 
[6] 0.018433500 0.018641400 0.018619200 0.018644500 0.018115100 0.018581400 0.019020800 0.019896300 0.018488000 0.018360600 
[7] 0.018436600 0.018557500 0.018301900 0.018617700 0.018381800 0.018617100 0.018493400 0.018480700 0.018643200 0.018550700 
[8] 0.018813700 0.018677300 0.018871200 0.018645100 0.018670300 0.018605800 0.018418300 0.018490200 0.018476000 0.018572700 
[9] 0.018539300 0.018438900 0.018761900 0.018919500 0.018592600 0.018596700 0.018518900 0.018622200 0.018591200 0.018659600 
[AVERAGE] 0.018963943 s
[STANDARD DEVIATION] 0.001541399 s

FEN: r1b2k1r/ppp1bppp/8/1B1Q4/5q2/2P5/PPP2PPP/R3R1K1 w - - 1 0
        [0]         [1]         [2]         [3]         [4]         [5]         [6]         [7]         [8]         [9]
[0] 0.027455600 0.028142500 0.027630700 0.027651600 0.027103200 0.027786500 0.027332900 0.027593700 0.027322400 0.027585900 
[1] 0.027618600 0.027504200 0.027048500 0.028931100 0.028047900 0.027969600 0.027961600 0.027106300 0.027684100 0.027308900 
[2] 0.027694500 0.027844600 0.027607900 0.027613100 0.027948200 0.027772100 0.027343100 0.027515200 0.027876100 0.027705600 
[3] 0.027603500 0.027368100 0.027617500 0.027595400 0.027322000 0.027570000 0.027818400 0.027373500 0.027419900 0.027758900 
[4] 0.027560100 0.027972800 0.027498600 0.027859600 0.028045700 0.027412200 0.027582600 0.027424700 0.027324900 0.028389300 
[5] 0.028713500 0.027371000 0.027889100 0.027392000 0.027639800 0.027446900 0.027484100 0.027704000 0.027914800 0.026974400 
[6] 0.027438300 0.027640400 0.027683100 0.028205600 0.027254700 0.027584400 0.027391300 0.027667100 0.027145000 0.027684700 
[7] 0.027251100 0.027510700 0.027916900 0.027202600 0.027433200 0.027586500 0.027641400 0.028082900 0.027360900 0.027552700 
[8] 0.026903400 0.027247200 0.027861400 0.027699200 0.027582400 0.029426300 0.028352600 0.027978900 0.027931300 0.028045200 
[9] 0.027793500 0.027635600 0.027940700 0.028059300 0.027582400 0.027534900 0.027901700 0.027777500 0.027516000 0.027723100 
[AVERAGE] 0.027664796 s
[STANDARD DEVIATION] 0.000375213 s

FEN: 5rkr/pp2Rp2/1b1p1Pb1/3P2Q1/2n3P1/2p5/P4P2/4R1K1 w - - 1 0
        [0]         [1]         [2]         [3]         [4]         [5]         [6]         [7]         [8]         [9]
[0] 0.002362500 0.002362800 0.002406600 0.002323800 0.002191700 0.002552800 0.002276900 0.002276800 0.002306500 0.002555200 
[1] 0.002305400 0.002308300 0.002304700 0.002447800 0.002208700 0.002475700 0.002318300 0.002262800 0.002477800 0.002221100 
[2] 0.002352500 0.002297100 0.002418600 0.002308000 0.002408600 0.002341000 0.002568900 0.002244800 0.002397000 0.002276200 
[3] 0.002435900 0.002203000 0.002191100 0.002647200 0.002353600 0.002518900 0.002248900 0.002306700 0.002426400 0.002413500 
[4] 0.002329500 0.002394200 0.002281300 0.002518400 0.002247600 0.002334000 0.002278700 0.002629400 0.002335200 0.002248900 
[5] 0.002363700 0.002337400 0.002413600 0.002343200 0.002476100 0.002330800 0.002381000 0.002192700 0.002262500 0.002244600 
[6] 0.002503700 0.002193800 0.002325200 0.002311100 0.002413800 0.002278400 0.002203100 0.002225500 0.002294800 0.002623800 
[7] 0.002250400 0.002210600 0.002235600 0.002376800 0.002194400 0.002190000 0.002524600 0.002384000 0.002265500 0.002201900 
[8] 0.002191300 0.002332900 0.002360300 0.002265000 0.002330800 0.002234600 0.002487600 0.002190700 0.002266900 0.002223600 
[9] 0.002458900 0.002353400 0.002202300 0.002192900 0.002332200 0.002394100 0.002395200 0.002196200 0.002338200 0.002519400 
[AVERAGE] 0.002337204 s
[STANDARD DEVIATION] 0.000111168 s

FEN: rnbqk2r/p4p2/2pbpn1p/1p4p1/2pPP3/2N2NB1/PP2BPPP/R2QK2R w KQkq - 2 10
        [0]         [1]         [2]         [3]         [4]         [5]         [6]         [7]         [8]         [9]
[0] 0.010216800 0.010225700 0.010227100 0.010200600 0.010250700 0.010130100 0.010239500 0.010295800 0.010295500 0.010157900 
[1] 0.010250300 0.010178300 0.010450600 0.010101900 0.010285600 0.010265400 0.010399700 0.010192700 0.010498600 0.010254700 
[2] 0.010507300 0.010166600 0.010631200 0.010181000 0.010366000 0.010179000 0.010471900 0.010399700 0.010490600 0.010307100 
[3] 0.010560500 0.010487000 0.010351600 0.010294900 0.010521300 0.010262600 0.011538000 0.010940700 0.010486800 0.010376800 
[4] 0.010336400 0.010471100 0.010420500 0.010300200 0.010519900 0.010392300 0.010459500 0.010447000 0.010408800 0.010648300 
[5] 0.010481200 0.010620900 0.010228700 0.010401300 0.010479200 0.010466700 0.010432700 0.010607700 0.010325700 0.010327600 
[6] 0.010413200 0.010140800 0.010295400 0.010323500 0.010327600 0.010458600 0.010230500 0.010375800 0.010301000 0.010342200 
[7] 0.010533700 0.010177100 0.010435700 0.010220700 0.010214300 0.010360700 0.010499500 0.010073800 0.010459000 0.010226000 
[8] 0.010306900 0.010138900 0.010515300 0.010239100 0.010420600 0.010208200 0.010298800 0.010245000 0.010518700 0.010241000 
[9] 0.010292600 0.010256400 0.010447500 0.010226400 0.010266700 0.010282100 0.010513800 0.010257800 0.010347700 0.010260800 
[AVERAGE] 0.010361072 s
[STANDARD DEVIATION] 0.000184908 s

FEN: r1bqk2r/ppp1nppp/2np4/2b1p1N1/2B1P3/3P4/PPP2PPP/RNBQK2R w KQkq - 2 6
        [0]         [1]         [2]         [3]         [4]         [5]         [6]         [7]         [8]         [9]
[0] 0.009863500 0.009612400 0.010007000 0.009794300 0.009751400 0.009838600 0.009809800 0.009695100 0.009845600 0.009918700 
[1] 0.009539500 0.009923500 0.009748600 0.009788300 0.010031000 0.009850400 0.009909700 0.009746000 0.009840500 0.009829300 
[2] 0.009856500 0.009951600 0.009863500 0.009899300 0.010030200 0.009964800 0.009828100 0.009742700 0.009624600 0.009671500 
[3] 0.009849700 0.009577600 0.009881800 0.010095800 0.011066800 0.010318600 0.009859900 0.009951200 0.009878700 0.009765900 
[4] 0.009813200 0.010064000 0.009773500 0.009760700 0.009962600 0.009963100 0.009858500 0.010030400 0.009754400 0.009850500 
[5] 0.009714400 0.009800700 0.009827100 0.010094600 0.009640400 0.010027100 0.010071400 0.009695400 0.010034800 0.009582600 
[6] 0.009738300 0.009924800 0.009681200 0.009732100 0.009776600 0.009997000 0.009712100 0.009924800 0.009946800 0.009983300 
[7] 0.009692500 0.009818600 0.009744000 0.009996400 0.009827800 0.009829200 0.009946500 0.009883600 0.009890000 0.009664300 
[8] 0.010026500 0.009880300 0.009702600 0.010005200 0.009713300 0.009920600 0.009938800 0.009851400 0.009784600 0.009749800 
[9] 0.009755300 0.009860200 0.009828300 0.009988500 0.009770700 0.009856600 0.009802600 0.009782800 0.009891300 0.009798400 
[AVERAGE] 0.009859591 s
[STANDARD DEVIATION] 0.000177894 s

FEN: 8/pK1p3p/7p/1P4N1/8/6k1/5r2/8 w - - 0 2
        [0]         [1]         [2]         [3]         [4]         [5]         [6]         [7]         [8]         [9]
[0] 0.000372800 0.000304600 0.000302600 0.000303900 0.000301700 0.000303900 0.000301500 0.000303900 0.000302100 0.000303800 
[1] 0.000301400 0.000303800 0.000301400 0.000303600 0.000377200 0.000313900 0.000304000 0.000361200 0.000303500 0.000301400 
[2] 0.000424700 0.000301500 0.000303500 0.000302000 0.000303900 0.000301600 0.000389600 0.000301700 0.000301400 0.000303500 
[3] 0.000301500 0.000303900 0.000347100 0.000420300 0.000301500 0.000303000 0.000301100 0.000303300 0.000300900 0.000301100 
[4] 0.000303200 0.000301600 0.000303700 0.000301400 0.000303700 0.000300900 0.000303500 0.000300900 0.000303900 0.000461500 
[5] 0.000348200 0.000445800 0.000303600 0.000306700 0.000301800 0.000304500 0.000302300 0.000304200 0.000362600 0.000304700 
[6] 0.000301000 0.000301800 0.000303600 0.000301700 0.000303300 0.000301700 0.000303500 0.000300900 0.000303500 0.000361300 
[7] 0.000358900 0.000301500 0.000304000 0.000301400 0.000301400 0.000303400 0.000301200 0.000303200 0.000301700 0.000348400 
[8] 0.000315100 0.000303600 0.000357400 0.000393500 0.000301300 0.000300900 0.000303400 0.000316700 0.000389000 0.000301000 
[9] 0.000410100 0.000301000 0.000303200 0.000302300 0.000303700 0.000301300 0.000303900 0.000453600 0.000314600 0.000304700 
[AVERAGE] 0.000319457 s
[STANDARD DEVIATION] 0.000037123 s

FEN: 8/1p4pk/p4b1p/4p3/1P2P1q1/P1R2NPn/7P/3Q1B1K b - - 0 2
        [0]         [1]         [2]         [3]         [4]         [5]         [6]         [7]         [8]         [9]
[0] 0.004137800 0.004327000 0.004029900 0.004277000 0.004239100 0.004197300 0.004219800 0.004260600 0.004226800 0.004124300 
[1] 0.004270800 0.004326000 0.004256300 0.004090100 0.004100100 0.004296900 0.004220300 0.004286400 0.004086100 0.004323700 
[2] 0.004337200 0.004143900 0.004259000 0.004682900 0.004555800 0.004157400 0.004313200 0.004122300 0.004116800 0.004310700 
[3] 0.004300700 0.004198500 0.004233200 0.004273600 0.004116900 0.004189500 0.004366200 0.004239900 0.004278000 0.004055300 
[4] 0.004289300 0.004124700 0.004286300 0.004216500 0.004128800 0.004361300 0.004054700 0.004287500 0.004194900 0.004146800 
[5] 0.004385400 0.004062900 0.004505300 0.004153700 0.004214000 0.004228800 0.004639500 0.004623100 0.004072000 0.004432700 
[6] 0.003966600 0.004353400 0.004312000 0.004044700 0.004455500 0.004055400 0.004426500 0.003953700 0.004115600 0.004353900 
[7] 0.004052700 0.004469800 0.004157200 0.004222200 0.004187100 0.004459400 0.005055300 0.004442900 0.004549800 0.004312000 
[8] 0.004321600 0.004112400 0.004114700 0.004409200 0.004121700 0.004320200 0.004097800 0.004439100 0.004056100 0.004233400 
[9] 0.004384800 0.004129200 0.004373200 0.004127500 0.004421600 0.004261400 0.003975500 0.004388600 0.004065900 0.004667300 
[AVERAGE] 0.004259224 s
[STANDARD DEVIATION] 0.000174803 s

FEN: 2r5/2P4R/p3kp1p/n3pNpP/4P1P1/8/3b1P2/6K1 w - - 0 2
        [0]         [1]         [2]         [3]         [4]         [5]         [6]         [7]         [8]         [9]
[0] 0.000945400 0.000940400 0.000940200 0.000940100 0.000938700 0.001052400 0.000939100 0.001007000 0.001195800 0.000939300 
[1] 0.001022600 0.001040900 0.000938100 0.000938800 0.000937600 0.000937300 0.000939000 0.001204400 0.001214400 0.001019700 
[2] 0.000963800 0.000963000 0.001070600 0.000964200 0.000961900 0.000963500 0.000962300 0.000999600 0.001175300 0.000964000 
[3] 0.001019600 0.000962900 0.000960500 0.000961700 0.001065700 0.000963500 0.000960600 0.001100900 0.001165300 0.000941100 
[4] 0.001068700 0.000938800 0.000937400 0.000935500 0.000937700 0.001050100 0.001112300 0.000951100 0.001192800 0.000938100 
[5] 0.001004100 0.000953500 0.001052100 0.000938000 0.000939300 0.000937900 0.000938500 0.001082000 0.001172400 0.000938900 
[6] 0.001012700 0.000935200 0.000937900 0.000996300 0.000982300 0.000936500 0.000938300 0.001005500 0.001109300 0.001127500 
[7] 0.000935500 0.000999100 0.000938000 0.000938300 0.000937300 0.001024300 0.000951100 0.001153700 0.001229500 0.000980400 
[8] 0.000937800 0.001014600 0.000938800 0.000939400 0.000936900 0.000939200 0.000937300 0.001044900 0.001110100 0.000995800 
[9] 0.000938800 0.000971800 0.000937300 0.001011200 0.000936300 0.000937800 0.000938500 0.001165800 0.001111700 0.001046200 
[AVERAGE] 0.000999993 s
[STANDARD DEVIATION] 0.000080773 s

FEN: r3k2r/5ppp/p2q2b1/1p2p3/5BP1/7P/PPP1QP2/R5K1 w kq - 0 2
        [0]         [1]         [2]         [3]         [4]         [5]         [6]         [7]         [8]         [9]
[0] 0.007073800 0.007305400 0.007423000 0.007510600 0.007106800 0.007757400 0.007382300 0.007436500 0.007180800 0.007701100 
[1] 0.007318200 0.007518400 0.007257100 0.007552800 0.007521100 0.007498400 0.007284900 0.007381700 0.007696300 0.007164200 
[2] 0.007420500 0.007272000 0.007400600 0.007419300 0.007240900 0.007243300 0.007521200 0.007118000 0.007405800 0.007389500 
[3] 0.007504200 0.007109700 0.007414300 0.007441100 0.007322300 0.007236900 0.007278000 0.007402400 0.007221400 0.007495600 
[4] 0.007300000 0.007279900 0.007248000 0.007300700 0.007292300 0.007505000 0.007074000 0.007460100 0.007199600 0.007261000 
[5] 0.007210600 0.007587000 0.007314800 0.007159900 0.007249000 0.007455100 0.007409100 0.007056300 0.007530300 0.007419700 
[6] 0.007596400 0.007167100 0.007259300 0.007423200 0.007074800 0.007210800 0.007377500 0.007307100 0.007114600 0.007357000 
[7] 0.007287600 0.007581200 0.007064300 0.007280100 0.007562900 0.007243100 0.007158600 0.007473600 0.007304700 0.007503200 
[8] 0.007569600 0.007507300 0.007574700 0.007347800 0.007375800 0.007525000 0.007405600 0.007737400 0.007422100 0.007517500 
[9] 0.007363500 0.007275200 0.007291200 0.007290800 0.007379500 0.007139100 0.007554500 0.007244100 0.007513200 0.007142200 
[AVERAGE] 0.007357634 s
[STANDARD DEVIATION] 0.000159712 s

FEN: 5bk1/pp3Qpn/3q4/4NpP1/2p2P2/7P/4K3/8 b - - 0 2
        [0]         [1]         [2]         [3]         [4]         [5]         [6]         [7]         [8]         [9]
[0] 0.005493000 0.005459900 0.005522700 0.005280700 0.005504600 0.005629700 0.005304000 0.005520300 0.006078500 0.006146500 
[1] 0.007360100 0.005629700 0.005486300 0.005320700 0.005760800 0.005409100 0.005655800 0.005322600 0.005599600 0.005482100 
[2] 0.005330400 0.005486700 0.005567200 0.005490400 0.005279600 0.005439500 0.005471600 0.005489000 0.005316800 0.005626300 
[3] 0.005589600 0.005322100 0.005524700 0.005531400 0.005565900 0.005474300 0.005539600 0.005644800 0.005607500 0.005677700 
[4] 0.005349100 0.005582400 0.005244400 0.005799900 0.005398600 0.005524000 0.005455300 0.005536700 0.005647400 0.005370800 
[5] 0.005818500 0.005308000 0.005627200 0.005495300 0.005555200 0.005524900 0.005555300 0.005635300 0.005311400 0.005625200 
[6] 0.005320800 0.005790200 0.005303700 0.005868900 0.005475900 0.005524700 0.005517000 0.005468000 0.005672000 0.005376600 
[7] 0.005727300 0.005307400 0.005881700 0.005408700 0.005604000 0.005434600 0.005483300 0.005616800 0.005380200 0.005831400 
[8] 0.005367500 0.005708100 0.005365200 0.005724600 0.005365600 0.005646600 0.005607000 0.005414500 0.005544400 0.005591900 
[9] 0.005919300 0.005512900 0.005637500 0.005561900 0.005290800 0.005815500 0.005466800 0.005556000 0.005862300 0.005556400 
[AVERAGE] 0.005558147 s
[STANDARD DEVIATION] 0.000251026 s

FEN: 3r1r1k/p4q1n/1p5p/2p1bp1n/P2p3N/8/1PPQ1B1P/1K1R2R1 w - - 0 2
        [0]         [1]         [2]         [3]         [4]         [5]         [6]         [7]         [8]         [9]
[0] 0.003967600 0.004123800 0.003822600 0.003904700 0.003967900 0.003949300 0.004224800 0.003903800 0.003850400 0.003964600 
[1] 0.003972000 0.004013100 0.003797000 0.003922500 0.003922300 0.003980200 0.004041800 0.003692500 0.004036600 0.004041400 
[2] 0.003850300 0.004028600 0.003795300 0.003840500 0.004090300 0.004067400 0.003912700 0.003895900 0.003977000 0.003924300 
[3] 0.003963900 0.004114500 0.003692700 0.003892400 0.004110600 0.003693300 0.004303900 0.003891600 0.003825500 0.004032200 
[4] 0.004045200 0.003931400 0.003943600 0.003919700 0.004188200 0.003795100 0.003988000 0.004027900 0.004048300 0.004105000 
[5] 0.003913100 0.003882800 0.004034800 0.003942300 0.004011700 0.003778100 0.003944700 0.003884200 0.003772500 0.004026600 
[6] 0.003696200 0.003996100 0.003991700 0.003701300 0.004016200 0.003909600 0.003956000 0.004037800 0.003774700 0.004078100 
[7] 0.003780200 0.003768800 0.003954200 0.003770500 0.003976600 0.003875700 0.003770900 0.003999900 0.003706000 0.003902500 
[8] 0.003965400 0.003740600 0.003963000 0.003742900 0.003779600 0.004087400 0.003808500 0.003850700 0.003935500 0.003691300 
[9] 0.004125900 0.003770900 0.003823900 0.003877700 0.003769200 0.004057400 0.003805800 0.003767900 0.003917000 0.003768100 
[AVERAGE] 0.003920967 s
[STANDARD DEVIATION] 0.000128869 s

FEN: r7/6kp/3pp1p1/8/4P3/5P2/5BPP/rR4K1 w - - 0 2
        [0]         [1]         [2]         [3]         [4]         [5]         [6]         [7]         [8]         [9]
[0] 0.007534800 0.007417200 0.007309000 0.007915100 0.007465600 0.007798700 0.008335700 0.007645900 0.007720300 0.007506100 
[1] 0.007600100 0.007336400 0.007488500 0.007843600 0.008644100 0.007614500 0.007571900 0.007697000 0.007740300 0.007345100 
[2] 0.007452900 0.007558600 0.007440600 0.007476200 0.007580300 0.007709200 0.007353700 0.007438700 0.007462500 0.007770600 
[3] 0.007350800 0.007477800 0.007472800 0.007389000 0.007522900 0.007252600 0.007805100 0.007380400 0.007491900 0.007260000 
[4] 0.007528600 0.007492200 0.007370800 0.007637600 0.009160700 0.007976500 0.007614900 0.007748900 0.007543700 0.007508900 
[5] 0.007483800 0.007496100 0.007229400 0.007733200 0.007386000 0.007592900 0.007323500 0.007677900 0.007531000 0.007540700 
[6] 0.007503600 0.007360800 0.008352700 0.007717400 0.007664000 0.007411900 0.007647500 0.007397100 0.007522600 0.007189300 
[7] 0.007421800 0.007493000 0.007333800 0.007556600 0.007462800 0.007392400 0.007221200 0.007330100 0.007719400 0.007377100 
[8] 0.007476300 0.007344000 0.007438600 0.007549100 0.007253700 0.007524000 0.007569800 0.007452400 0.007314100 0.007617600 
[9] 0.007533900 0.007498900 0.007188600 0.007539500 0.007540600 0.007424100 0.007251200 0.007591200 0.007439500 0.007629600 
[AVERAGE] 0.007550056 s
[STANDARD DEVIATION] 0.000277251 s

FEN: 2r1n1k1/1bq2pp1/p3p2p/8/1P1R1Q2/2N2P1P/1P3P2/1B4K1 b - - 0 2
        [0]         [1]         [2]         [3]         [4]         [5]         [6]         [7]         [8]         [9]
[0] 0.013187200 0.013089900 0.013476800 0.013172900 0.013199000 0.013422300 0.013198200 0.013206600 0.013548200 0.013064300 
[1] 0.013371100 0.013271800 0.013455200 0.013062900 0.013332000 0.013336600 0.013234200 0.013410500 0.013013600 0.013144900 
[2] 0.013574500 0.013342600 0.013357100 0.013579200 0.013362300 0.013516900 0.014243100 0.014596000 0.013570800 0.014466800 
[3] 0.013484300 0.013150700 0.013879700 0.013299900 0.013386200 0.013209700 0.013399900 0.013369600 0.013095300 0.013369400 
[4] 0.013379600 0.013122300 0.013252000 0.013733700 0.013150000 0.013220000 0.013528500 0.013268300 0.013191900 0.013435900 
[5] 0.013270200 0.013561000 0.013403200 0.013145400 0.013377500 0.013557100 0.013326100 0.013245400 0.013648900 0.013232400 
[6] 0.013355700 0.013501100 0.013352600 0.013536100 0.013403500 0.013485900 0.013315600 0.013569700 0.013101400 0.013442400 
[7] 0.013211000 0.013123000 0.013416700 0.013170000 0.013227900 0.013128300 0.013351900 0.013219500 0.013134400 0.013309100 
[8] 0.013209700 0.014019500 0.013559200 0.013111700 0.013487300 0.013479800 0.012885700 0.013229400 0.013375300 0.012994500 
[9] 0.013120100 0.013314300 0.013097500 0.013202300 0.013444700 0.013074300 0.013295200 0.013426000 0.012946100 0.013070200 
[AVERAGE] 0.013352002 s
[STANDARD DEVIATION] 0.000269755 s

FEN: 4rb2/5kp1/1p2p2p/5p2/1PP5/2Bq1NP1/5P1P/4R1K1 w - - 0 2
        [0]         [1]         [2]         [3]         [4]         [5]         [6]         [7]         [8]         [9]
[0] 0.005329000 0.005169500 0.006272900 0.005939200 0.005725800 0.005565500 0.005357600 0.005352300 0.005390800 0.005444000 
[1] 0.005253600 0.005420000 0.005379000 0.005322700 0.005186800 0.005431300 0.005399000 0.005326200 0.005613700 0.005397000 
[2] 0.005312500 0.005321000 0.005352200 0.005209800 0.005233700 0.005351800 0.005458600 0.005248100 0.005284900 0.005487500 
[3] 0.005467100 0.005493200 0.005314900 0.005367200 0.005314700 0.005507500 0.005092600 0.005367800 0.005682400 0.005284400 
[4] 0.005261800 0.005461700 0.005396700 0.005277500 0.005460100 0.005128900 0.005592900 0.005077900 0.005404600 0.005353300 
[5] 0.005570600 0.005262900 0.005383200 0.005300000 0.005381900 0.005309600 0.005275800 0.005443400 0.005149900 0.005524300 
[6] 0.005132500 0.005682500 0.005198700 0.005404700 0.005246500 0.005429000 0.005167200 0.005476000 0.005280300 0.005375700 
[7] 0.005254400 0.005311300 0.005299700 0.005273700 0.005410900 0.005107400 0.005663900 0.005190100 0.005436700 0.005007100 
[8] 0.005499800 0.005233100 0.005363800 0.005373600 0.005366900 0.005208700 0.005363000 0.005469600 0.005278600 0.005374500 
[9] 0.005008100 0.005469500 0.005105200 0.005446200 0.005121200 0.005743100 0.005201600 0.005469200 0.005170400 0.005710800 
[AVERAGE] 0.005367700 s
[STANDARD DEVIATION] 0.000186757 s

FEN: 6k1/5p2/6p1/8/7p/8/6PP/6K1 b - - 0 0
        [0]         [1]         [2]         [3]         [4]         [5]         [6]         [7]         [8]         [9]
[0] 0.000015600 0.000013400 0.000013100 0.000012700 0.000012700 0.000012700 0.000012600 0.000012700 0.000012500 0.000015000 
[1] 0.000012500 0.000012600 0.000012600 0.000012500 0.000012500 0.000012600 0.000012500 0.000012600 0.000012500 0.000012600 
[2] 0.000012600 0.000012500 0.000012500 0.000012600 0.000012600 0.000012500 0.000012500 0.000012500 0.000012500 0.000012600 
[3] 0.000012600 0.000012600 0.000012600 0.000012500 0.000012500 0.000012600 0.000012600 0.000012500 0.000012700 0.000012400 
[4] 0.000012500 0.000012600 0.000012500 0.000012600 0.000012500 0.000012500 0.000012500 0.000012600 0.000012600 0.000012500 
[5] 0.000012600 0.000012500 0.000012500 0.000012600 0.000012600 0.000012500 0.000012600 0.000012600 0.000012500 0.000012600 
[6] 0.000012600 0.000012600 0.000012600 0.000012600 0.000012500 0.000012500 0.000012500 0.000012500 0.000012600 0.000012500 
[7] 0.000012500 0.000012600 0.000012600 0.000012500 0.000012600 0.000012500 0.000012600 0.000012500 0.000012400 0.000012600 
[8] 0.000012600 0.000014800 0.000012600 0.000012500 0.000012500 0.000012600 0.000012600 0.000012500 0.000012600 0.000012600 
[9] 0.000012600 0.000012600 0.000012500 0.000012600 0.000012600 0.000012500 0.000012600 0.000012600 0.000012600 0.000012500 
[AVERAGE] 0.000012650 s
[STANDARD DEVIATION] 0.000000456 s

FEN: 3k4/2n2B2/1KP5/2B2p2/5b1p/7P/8/8 b - - 0 0
        [0]         [1]         [2]         [3]         [4]         [5]         [6]         [7]         [8]         [9]
[0] 0.000567900 0.000557800 0.000558100 0.000558300 0.000558000 0.000557200 0.000669400 0.000554000 0.000646200 0.000629100 
[1] 0.000542900 0.000542700 0.000543300 0.000543000 0.000541200 0.000542700 0.000663000 0.000543500 0.000542900 0.000542800 
[2] 0.000543200 0.000541300 0.000543400 0.000543100 0.000679600 0.000668300 0.000692300 0.000619100 0.000541800 0.000542800 
[3] 0.000542100 0.000542300 0.000543000 0.000542600 0.000540500 0.000653300 0.000662100 0.000556400 0.000542400 0.000542200 
[4] 0.000543200 0.000634500 0.000607200 0.000602700 0.000543600 0.000629000 0.000649300 0.000554500 0.000542400 0.000542400 
[5] 0.000543200 0.000543100 0.000543300 0.000543100 0.000540400 0.000542400 0.000542900 0.000657900 0.000663700 0.000604600 
[6] 0.000668300 0.000540400 0.000541600 0.000629400 0.000542900 0.000543000 0.000542200 0.000667900 0.000543300 0.000542900 
[7] 0.000541900 0.000543100 0.000542000 0.000542100 0.000540400 0.000542300 0.000617600 0.000761600 0.000543500 0.000542600 
[8] 0.000543700 0.000634100 0.000543300 0.000541600 0.000542700 0.000542600 0.000542300 0.000614900 0.000689600 0.000542800 
[9] 0.000542800 0.000542600 0.000542300 0.000740600 0.000664600 0.000744400 0.000543000 0.000633400 0.000615200 0.000540800 
[AVERAGE] 0.000578855 s
[STANDARD DEVIATION] 0.000055863 s

FEN: r7/4R2P/3p4/3k1K2/2p5/8/8/8 b - - 0 0
        [0]         [1]         [2]         [3]         [4]         [5]         [6]         [7]         [8]         [9]
[0] 0.000593300 0.000588200 0.000584000 0.000585500 0.000584400 0.000586400 0.000584600 0.000674900 0.000587500 0.000650700 
[1] 0.000586800 0.000792100 0.000586500 0.000585600 0.000584200 0.000674700 0.000672500 0.000587000 0.000585600 0.000583900 
[2] 0.000585600 0.000584600 0.000585900 0.000582800 0.000586000 0.000586700 0.000803500 0.000733500 0.000642500 0.000585900 
[3] 0.000586900 0.000682100 0.000586100 0.000584900 0.000586600 0.000687200 0.000584100 0.000587700 0.000584100 0.000586000 
[4] 0.000584500 0.000654900 0.000585600 0.000653600 0.000696100 0.000725100 0.000587600 0.000585500 0.000643000 0.000588900 
[5] 0.000584900 0.000586000 0.000586500 0.000583400 0.000662900 0.000597600 0.000586800 0.000587600 0.000715500 0.000734000 
[6] 0.000586600 0.000644000 0.000585900 0.000586200 0.000709200 0.000586800 0.000583700 0.000588400 0.000584100 0.000585300 
[7] 0.000586100 0.000583500 0.000586200 0.000691000 0.000630500 0.000735100 0.000584100 0.000653800 0.000583800 0.000586700 
[8] 0.000586200 0.000660700 0.000586700 0.000702600 0.000586200 0.000583700 0.000586100 0.000585200 0.000584300 0.000584400 
[9] 0.000702900 0.000712200 0.000688700 0.000588100 0.000670500 0.000586200 0.000584300 0.000646000 0.000586400 0.000583700 
[AVERAGE] 0.000617772 s
[STANDARD DEVIATION] 0.000052733 s

FEN: 8/8/5p2/1P1K1k2/8/2r5/8/7R w - - 0 0
        [0]         [1]         [2]         [3]         [4]         [5]         [6]         [7]         [8]         [9]
[0] 0.000670100 0.000710400 0.000708200 0.000664000 0.000662000 0.000730900 0.000683500 0.000776900 0.000661200 0.000709900 
[1] 0.000752100 0.000660300 0.000750300 0.000664100 0.000663500 0.000661200 0.000662100 0.000665600 0.000722200 0.000692000 
[2] 0.000800400 0.000811700 0.000663800 0.000661200 0.000745000 0.000660800 0.000742100 0.000708900 0.000661100 0.000663600 
[3] 0.000660900 0.000662600 0.000661000 0.000663100 0.000722700 0.000872300 0.000664700 0.000664300 0.000663500 0.000748200 
[4] 0.000663600 0.000664700 0.000910400 0.000755400 0.000661100 0.000663800 0.000662700 0.000663800 0.000730500 0.000809900 
[5] 0.000663700 0.000665000 0.000749100 0.000723100 0.000660500 0.000663300 0.000733700 0.000663200 0.000661400 0.000663500 
[6] 0.000750000 0.000661400 0.000721600 0.000721600 0.000748800 0.000660300 0.000662900 0.000661100 0.000853100 0.000678600 
[7] 0.000664400 0.000723300 0.000660700 0.000663300 0.000664300 0.000661300 0.000738500 0.000749500 0.000796400 0.000661800 
[8] 0.000663200 0.000661700 0.000662800 0.000724200 0.000660900 0.000738600 0.000761100 0.000664900 0.000661100 0.000663700 
[9] 0.000663300 0.000820500 0.000799400 0.000708200 0.000707100 0.000661000 0.000663100 0.000723700 0.000665200 0.000665800 
[AVERAGE] 0.000700472 s
[STANDARD DEVIATION] 0.000053827 s

FEN: 5n2/R7/4pk2/8/5PK1/8/8/8 b - - 0 0
        [0]         [1]         [2]         [3]         [4]         [5]         [6]         [7]         [8]         [9]
[0] 0.000203300 0.000200500 0.000257900 0.000200800 0.000197800 0.000197300 0.000197300 0.000224300 0.000258000 0.000197200 
[1] 0.000196900 0.000196800 0.000197100 0.000199000 0.000196500 0.000196600 0.000196500 0.000258600 0.000196700 0.000196400 
[2] 0.000197100 0.000196300 0.000321500 0.000196600 0.000196500 0.000197400 0.000196400 0.000199300 0.000196900 0.000196800 
[3] 0.000196600 0.000198800 0.000196700 0.000196700 0.000196500 0.000196600 0.000272800 0.000210500 0.000196700 0.000196800 
[4] 0.000196600 0.000199100 0.000278900 0.000196700 0.000196800 0.000196300 0.000199200 0.000196700 0.000196700 0.000196600 
[5] 0.000198500 0.000196100 0.000348800 0.000197000 0.000197300 0.000197000 0.000199800 0.000197200 0.000196900 0.000197100 
[6] 0.000197200 0.000197000 0.000199500 0.000196900 0.000318700 0.000196500 0.000256600 0.000197000 0.000199300 0.000264400 
[7] 0.000201900 0.000201700 0.000244900 0.000239200 0.000197300 0.000196600 0.000196900 0.000196700 0.000196900 0.000198800 
[8] 0.000197300 0.000197000 0.000196400 0.000197000 0.000198600 0.000196900 0.000196900 0.000196800 0.000197000 0.000196800 
[9] 0.000257900 0.000271000 0.000241800 0.000197100 0.000196700 0.000199500 0.000196600 0.000196800 0.000196600 0.000197100 
[AVERAGE] 0.000209141 s
[STANDARD DEVIATION] 0.000029455 s

FEN: 3Q4/8/1k6/7p/p1p4P/2q3PB/7K/8 b - - 0 0
        [0]         [1]         [2]         [3]         [4]         [5]         [6]         [7]         [8]         [9]
[0] 0.004463700 0.004262200 0.004263400 0.004343600 0.004348900 0.004336700 0.004469800 0.004326500 0.004095700 0.004391500 
[1] 0.004386700 0.004367600 0.004286900 0.004175400 0.004383500 0.004260500 0.004180000 0.004406100 0.004219400 0.004365300 
[2] 0.004174500 0.004384600 0.004279500 0.004208900 0.004319700 0.004171400 0.004377400 0.004292200 0.004464300 0.004140900 
[3] 0.004424900 0.004202500 0.004196600 0.004345300 0.004067000 0.005873000 0.004264300 0.004390100 0.004315900 0.004235500 
[4] 0.004309100 0.004178600 0.004405800 0.004345100 0.004389700 0.004162300 0.004315800 0.004283900 0.004193100 0.004388900 
[5] 0.004328700 0.004410000 0.004145700 0.004349100 0.004242300 0.004223100 0.004379300 0.004068600 0.004494700 0.004169200 
[6] 0.004258100 0.004240000 0.004166000 0.004942200 0.005225700 0.004524600 0.004413100 0.004440100 0.004302300 0.004533200 
[7] 0.004232500 0.004288600 0.004460000 0.004065700 0.004640300 0.004281200 0.004501500 0.004160200 0.004244500 0.004522200 
[8] 0.004268500 0.004696200 0.004199100 0.004491000 0.004315500 0.004822100 0.005253700 0.004453100 0.004379400 0.004224400 
[9] 0.004485000 0.004228600 0.004398900 0.004387100 0.004315100 0.004313600 0.004392100 0.004523600 0.004145800 0.004313200 
[AVERAGE] 0.004362929 s
[STANDARD DEVIATION] 0.000245413 s

FEN: 4q3/2R4P/5R2/1p6/p3k3/P7/KP6/8 b - - 0 0
        [0]         [1]         [2]         [3]         [4]         [5]         [6]         [7]         [8]         [9]
[0] 0.002228000 0.002443100 0.002200800 0.002395200 0.002189600 0.002114000 0.002244600 0.002308900 0.002113100 0.002445900 
[1] 0.002265300 0.002310100 0.002202200 0.002155500 0.002224000 0.002111900 0.002493800 0.002168100 0.002147400 0.002239900 
[2] 0.002231100 0.002185500 0.002188700 0.002317600 0.002145200 0.002348700 0.002113000 0.002240700 0.002145100 0.002145700 
[3] 0.002384400 0.002293300 0.002292100 0.002161200 0.002283200 0.002230000 0.002317800 0.002145500 0.002408800 0.002111400 
[4] 0.002737000 0.002396400 0.002146500 0.002278300 0.002115600 0.002264300 0.002153500 0.002448500 0.002216800 0.002148700 
[5] 0.002203700 0.002206000 0.002258200 0.002224400 0.002256000 0.002147000 0.002420900 0.002113100 0.002231200 0.002185700 
[6] 0.002162000 0.002553800 0.002277900 0.002173600 0.002292900 0.002297700 0.002213100 0.002124900 0.002177100 0.002342500 
[7] 0.002203500 0.002494700 0.002147500 0.002185300 0.002391000 0.002113600 0.002114700 0.002478100 0.002439700 0.002218600 
[8] 0.002128800 0.002148600 0.002281800 0.002281900 0.002186900 0.002156200 0.002433100 0.002355800 0.002115200 0.002142700 
[9] 0.002319000 0.002205100 0.002354600 0.002112400 0.002118000 0.002372400 0.002309400 0.002113900 0.002205000 0.002155200 
[AVERAGE] 0.002247404 s
[STANDARD DEVIATION] 0.000119043 s

FEN: R7/8/5rk1/5p2/1p5P/5KP1/P7/8 b - - 0 0
        [0]         [1]         [2]         [3]         [4]         [5]         [6]         [7]         [8]         [9]
[0] 0.000505000 0.000498300 0.000496600 0.000603000 0.000665000 0.000495400 0.000494700 0.000495600 0.000492500 0.000494700 
[1] 0.000494500 0.000494500 0.000655600 0.000497000 0.000594900 0.000495100 0.000494800 0.000494800 0.000530400 0.000495400 
[2] 0.000493000 0.000528500 0.000527800 0.000665500 0.000495100 0.000596300 0.000493200 0.000494800 0.000494900 0.000494200 
[3] 0.000494800 0.000520600 0.000560600 0.000518300 0.000493500 0.000494700 0.000568000 0.000568300 0.000495500 0.000494400 
[4] 0.000528500 0.000726100 0.000600800 0.000498500 0.000496800 0.000496200 0.000495600 0.000619900 0.000496600 0.000495400 
[5] 0.000494800 0.000494400 0.000494700 0.000492900 0.000494700 0.000495300 0.000563000 0.000496000 0.000567900 0.000612300 
[6] 0.000532300 0.000608300 0.000494900 0.000495400 0.000493000 0.000494900 0.000495000 0.000494600 0.000495200 0.000495200 
[7] 0.000625600 0.000496300 0.000495300 0.000494100 0.000494900 0.000617900 0.000549500 0.000494800 0.000531800 0.000530200 
[8] 0.000694500 0.000554600 0.000495300 0.000493000 0.000495500 0.000495000 0.000495500 0.000494700 0.000505600 0.000493300 
[9] 0.000495100 0.000495000 0.000557200 0.000508500 0.000494400 0.000527200 0.000495200 0.000494300 0.000528900 0.000633300 
[AVERAGE] 0.000525155 s
[STANDARD DEVIATION] 0.000051997 s

FEN: 3k4/5ppp/2q5/3p2r1/8/1Q3P2/P4P1P/3R3K w - - 0 1
        [0]         [1]         [2]         [3]         [4]         [5]         [6]         [7]         [8]         [9]
[0] 0.005816500 0.005769800 0.005499700 0.005932500 0.005536400 0.005896500 0.005776600 0.005495100 0.006048300 0.005526700 
[1] 0.005940900 0.005677200 0.005749500 0.005899400 0.005627700 0.005923600 0.005530900 0.005925100 0.005682100 0.005828200 
[2] 0.005700800 0.005609500 0.006125200 0.005523200 0.005895400 0.005751300 0.005861500 0.005797800 0.005609200 0.005927700 
[3] 0.005553700 0.005911400 0.005887300 0.005689200 0.005770500 0.005703400 0.005815800 0.005691400 0.005780700 0.005798200 
[4] 0.005853200 0.005887800 0.005655100 0.005859900 0.005765700 0.005737800 0.005840100 0.005883200 0.005755400 0.005680700 
[5] 0.006037400 0.005823200 0.005768700 0.006002500 0.005706700 0.005643100 0.005809700 0.005773900 0.006133800 0.005650400 
[6] 0.005780300 0.006062600 0.005898100 0.005859700 0.005668300 0.005815700 0.005671200 0.005852600 0.006008700 0.005790300 
[7] 0.005933400 0.005639700 0.005737800 0.005647700 0.005893500 0.008931200 0.007347400 0.005758800 0.005849800 0.005732300 
[8] 0.006125300 0.005836300 0.005905400 0.005849100 0.005631700 0.005714500 0.005663800 0.005802200 0.005925800 0.005504100 
[9] 0.005692900 0.005834300 0.005700700 0.005569400 0.006885700 0.006369200 0.006213100 0.005811400 0.005722200 0.005735600 
[AVERAGE] 0.005851260 s
[STANDARD DEVIATION] 0.000394732 s

FEN: 4R3/1k6/1p2P1p1/p7/4r3/1P1r4/1K6/2R5 w - - 0 0
        [0]         [1]         [2]         [3]         [4]         [5]         [6]         [7]         [8]         [9]
[0] 0.001633500 0.001881000 0.001968800 0.001594200 0.001595500 0.001634100 0.001695800 0.001777700 0.001809800 0.001742100 
[1] 0.001591700 0.001593100 0.001592300 0.001819900 0.001849500 0.001594200 0.001696800 0.001634100 0.001694300 0.001681600 
[2] 0.001879000 0.001635600 0.001594600 0.001694400 0.001593000 0.001891100 0.001831700 0.001632700 0.001635200 0.001633000 
[3] 0.001692200 0.001870100 0.001681600 0.001826300 0.001596300 0.001594800 0.001593900 0.002028300 0.001598400 0.001733500 
[4] 0.001710400 0.001593000 0.001592500 0.001787600 0.001732300 0.001591500 0.001592500 0.001709200 0.001593300 0.001926300 
[5] 0.001630500 0.001695100 0.001595500 0.001702500 0.001711800 0.001834200 0.001659600 0.001593300 0.001701000 0.001597400 
[6] 0.001733200 0.001898800 0.001630200 0.001591300 0.001594700 0.001708900 0.001640400 0.001784800 0.001732100 0.001591800 
[7] 0.001593600 0.001591900 0.001830200 0.001923300 0.001635900 0.001726300 0.001594900 0.001590300 0.001628400 0.001897400 
[8] 0.001628500 0.001591700 0.001696000 0.001593000 0.001702400 0.001800300 0.001729000 0.001593800 0.001592100 0.001696900 
[9] 0.001625800 0.001812700 0.001631800 0.001697700 0.001597200 0.001593100 0.002016600 0.001659700 0.001626400 0.001716100 
[AVERAGE] 0.001693844 s
[STANDARD DEVIATION] 0.000109838 s

FEN: 5k2/R7/3K4/4p3/5P2/8/8/5r2 w - - 0 0
        [0]         [1]         [2]         [3]         [4]         [5]         [6]         [7]         [8]         [9]
[0] 0.000251000 0.000223200 0.000192900 0.000193900 0.000191400 0.000190500 0.000191100 0.000190700 0.000190900 0.000190500 
[1] 0.000192700 0.000191200 0.000190800 0.000191000 0.000190800 0.000191100 0.000192700 0.000190600 0.000244900 0.000190700 
[2] 0.000191100 0.000190000 0.000190100 0.000293400 0.000260200 0.000190100 0.000190900 0.000191000 0.000206200 0.000251600 
[3] 0.000239000 0.000190300 0.000190500 0.000190700 0.000191200 0.000190600 0.000193400 0.000190500 0.000191000 0.000190900 
[4] 0.000224300 0.000190400 0.000193000 0.000190200 0.000189900 0.000190700 0.000190100 0.000190400 0.000190100 0.000192500 
[5] 0.000190200 0.000190200 0.000190500 0.000190400 0.000190600 0.000190100 0.000192300 0.000190200 0.000219900 0.000248100 
[6] 0.000190500 0.000190600 0.000192800 0.000190200 0.000189800 0.000190100 0.000190000 0.000190200 0.000193800 0.000445300 
[7] 0.000192800 0.000190900 0.000346500 0.000203800 0.000190500 0.000193400 0.000190800 0.000190400 0.000190300 0.000190100 
[8] 0.000232800 0.000191300 0.000193800 0.000190600 0.000190700 0.000190300 0.000221400 0.000234100 0.000192900 0.000190600 
[9] 0.000224700 0.000191100 0.000191100 0.000190900 0.000190700 0.000193100 0.000190300 0.000190500 0.000190400 0.000190600 
[AVERAGE] 0.000202341 s
[STANDARD DEVIATION] 0.000034078 s

FEN: 5k2/1R6/4p1p1/1pr3Pp/7P/1K6/8/8 w - - 0 0
        [0]         [1]         [2]         [3]         [4]         [5]         [6]         [7]         [8]         [9]
[0] 0.000639500 0.000632800 0.000635000 0.000632100 0.000645400 0.000722500 0.000787900 0.000629300 0.000629500 0.000663400 
[1] 0.000629600 0.000629600 0.000676500 0.000664100 0.000672300 0.000630600 0.000629300 0.000629700 0.000630600 0.000630000 
[2] 0.000630300 0.000977700 0.000730500 0.000632800 0.000664500 0.000629900 0.000629000 0.000663200 0.000629200 0.000629500 
[3] 0.000629000 0.000704400 0.000629400 0.000631400 0.000629800 0.000664500 0.000714500 0.000717500 0.000629500 0.000670400 
[4] 0.000703800 0.000629600 0.000630300 0.000665600 0.000628400 0.000629300 0.000629400 0.000629700 0.000629000 0.000703700 
[5] 0.000781400 0.000717400 0.000716300 0.000632300 0.000630000 0.000665100 0.000719400 0.000715900 0.000706500 0.000630200 
[6] 0.000630000 0.000629700 0.000630200 0.000632400 0.000629800 0.000670800 0.000659300 0.000779000 0.000629400 0.000629400 
[7] 0.000662800 0.000631000 0.000630200 0.000801100 0.000630500 0.000704600 0.000629400 0.000629200 0.000629400 0.000630200 
[8] 0.000663900 0.000644600 0.000772500 0.000631400 0.000704400 0.000670400 0.000629000 0.000629600 0.000663300 0.000629500 
[9] 0.000629500 0.000629100 0.000721100 0.000706200 0.000628900 0.000676100 0.000629500 0.000730000 0.000716100 0.000630400 
[AVERAGE] 0.000663039 s
[STANDARD DEVIATION] 0.000053315 s

FEN: 5k2/8/p7/4K1P1/P4R2/6r1/8/8 b - - 0 0
        [0]         [1]         [2]         [3]         [4]         [5]         [6]         [7]         [8]         [9]
[0] 0.000893000 0.000733600 0.000744400 0.000730100 0.000698100 0.000696900 0.000697300 0.000697000 0.000698400 0.000766100 
[1] 0.000915600 0.000697400 0.000697800 0.000697000 0.000755600 0.000697000 0.000696500 0.000760600 0.000741300 0.000695100 
[2] 0.000697000 0.000697200 0.000697100 0.000847900 0.000855800 0.000729800 0.000795600 0.000697100 0.000736200 0.000698200 
[3] 0.000698200 0.000697900 0.000696500 0.000709500 0.000756400 0.000697800 0.000729400 0.000696100 0.000869500 0.000694700 
[4] 0.000697300 0.000697600 0.000803700 0.000696600 0.000875400 0.000881500 0.000698500 0.000697000 0.000697200 0.000744200 
[5] 0.000763600 0.000856100 0.000696600 0.000697200 0.000696500 0.000729000 0.000696700 0.000757400 0.000743100 0.000697100 
[6] 0.000697100 0.000696200 0.000697200 0.000698200 0.000742700 0.000927800 0.000710300 0.000694400 0.000697000 0.000840700 
[7] 0.000699600 0.000698400 0.000727700 0.000874100 0.000712100 0.000696900 0.000792600 0.000729200 0.000852900 0.000697000 
[8] 0.000697000 0.000800400 0.000728600 0.000695600 0.000697600 0.000728800 0.000696600 0.000696800 0.000694600 0.000799300 
[9] 0.000873800 0.000842100 0.000724200 0.000695500 0.000697100 0.000697100 0.000731700 0.000800100 0.000697700 0.000741900 
[AVERAGE] 0.000738476 s
[STANDARD DEVIATION] 0.000061419 s

FEN: 8/8/8/p2r1k2/7p/PP1RK3/6P1/8 b - - 0 0
        [0]         [1]         [2]         [3]         [4]         [5]         [6]         [7]         [8]         [9]
[0] 0.000334800 0.000327800 0.000329100 0.000326200 0.000325300 0.000328100 0.000325400 0.000328200 0.000325400 0.000384700 
[1] 0.000327700 0.000371400 0.000459800 0.000326200 0.000326000 0.000327500 0.000326200 0.000327400 0.000326100 0.000326300 
[2] 0.000328000 0.000326200 0.000367300 0.000326100 0.000325400 0.000328200 0.000325700 0.000327500 0.000500200 0.000373000 
[3] 0.000329800 0.000325300 0.000328200 0.000326100 0.000325900 0.000327500 0.000325400 0.000327800 0.000359400 0.000326400 
[4] 0.000372700 0.000453400 0.000327400 0.000324800 0.000325900 0.000385900 0.000369600 0.000328500 0.000325900 0.000326100 
[5] 0.000328900 0.000357300 0.000327700 0.000325200 0.000325900 0.000328000 0.000325800 0.000360800 0.000326300 0.000325800 
[6] 0.000327500 0.000325600 0.000328100 0.000428000 0.000326900 0.000328300 0.000325800 0.000327200 0.000392000 0.000370000 
[7] 0.000456500 0.000325700 0.000327600 0.000326000 0.000325300 0.000327000 0.000325000 0.000328600 0.000326400 0.000325900 
[8] 0.000430700 0.000475400 0.000329300 0.000326200 0.000325800 0.000327500 0.000359100 0.000340100 0.000323300 0.000323700 
[9] 0.000323900 0.000326700 0.000324400 0.000323600 0.000324000 0.000326300 0.000357300 0.000430500 0.000486000 0.000339700 
[AVERAGE] 0.000344778 s
[STANDARD DEVIATION] 0.000039477 s

FEN: 8/8/8/1P4p1/5k2/5p2/P6K/8 b - - 0 0
        [0]         [1]         [2]         [3]         [4]         [5]         [6]         [7]         [8]         [9]
[0] 0.000045800 0.000042900 0.000042200 0.000042000 0.000044000 0.000041800 0.000041500 0.000041400 0.000041400 0.000041500 
[1] 0.000041600 0.000041500 0.000041300 0.000041400 0.000041400 0.000041400 0.000041500 0.000041400 0.000041500 0.000041500 
[2] 0.000041400 0.000041300 0.000041700 0.000043600 0.000041600 0.000041400 0.000041500 0.000041300 0.000041400 0.000041500 
[3] 0.000041500 0.000041500 0.000041600 0.000041400 0.000041400 0.000041200 0.000041500 0.000041400 0.000041500 0.000041500 
[4] 0.000041400 0.000041400 0.000043400 0.000041500 0.000041400 0.000041400 0.000041400 0.000041600 0.000041400 0.000041500 
[5] 0.000041400 0.000041500 0.000041400 0.000041300 0.000041400 0.000041500 0.000041300 0.000041500 0.000041500 0.000041400 
[6] 0.000043600 0.000041400 0.000041400 0.000041500 0.000041500 0.000041500 0.000041400 0.000041500 0.000041600 0.000041500 
[7] 0.000041400 0.000041600 0.000041500 0.000041500 0.000041300 0.000041400 0.000041400 0.000041300 0.000041400 0.000043500 
[8] 0.000041400 0.000072000 0.000041500 0.000041500 0.000041400 0.000041400 0.000041300 0.000041600 0.000041500 0.000041400 
[9] 0.000041400 0.000041500 0.000041500 0.000041400 0.000041400 0.000041400 0.000041400 0.000041500 0.000043800 0.000041600 
[AVERAGE] 0.000041959 s
[STANDARD DEVIATION] 0.000003097 s

FEN: 3b2k1/1p3p2/p1p5/2P4p/1P2P1p1/5p2/5P2/4RK2 w - - 0 0
        [0]         [1]         [2]         [3]         [4]         [5]         [6]         [7]         [8]         [9]
[0] 0.000314600 0.000426500 0.000304900 0.000337500 0.000305600 0.000302800 0.000305500 0.000302500 0.000304300 0.000302200 
[1] 0.000304800 0.000302300 0.000304600 0.000476700 0.000308900 0.000394200 0.000313900 0.000392000 0.000365800 0.000360300 
[2] 0.000305200 0.000302800 0.000306500 0.000394900 0.000352700 0.000322800 0.000302400 0.000339500 0.000316000 0.000305000 
[3] 0.000303100 0.000304800 0.000302600 0.000304200 0.000335400 0.000304900 0.000346900 0.000377100 0.000302800 0.000304000 
[4] 0.000302500 0.000304300 0.000302400 0.000343700 0.000315600 0.000335100 0.000442500 0.000304900 0.000302400 0.000304300 
[5] 0.000302700 0.000302000 0.000304800 0.000302400 0.000304900 0.000407000 0.000305400 0.000302400 0.000304600 0.000453700 
[6] 0.000308400 0.000304700 0.000306200 0.000302800 0.000305200 0.000362800 0.000305100 0.000302800 0.000304300 0.000302500 
[7] 0.000304600 0.000302600 0.000304700 0.000437000 0.000304500 0.000302200 0.000387700 0.000388300 0.000302700 0.000304800 
[8] 0.000302500 0.000304500 0.000303000 0.000304800 0.000302600 0.000304200 0.000302300 0.000304000 0.000302500 0.000313000 
[9] 0.000322000 0.000378800 0.000346400 0.000304600 0.000302900 0.000305200 0.000302800 0.000338100 0.000302700 0.000304700 
[AVERAGE] 0.000324066 s
[STANDARD DEVIATION] 0.000038545 s

FEN: 5k2/3R4/2K1p1p1/4P1P1/5P2/8/3r4/8 b - - 0 0
        [0]         [1]         [2]         [3]         [4]         [5]         [6]         [7]         [8]         [9]
[0] 0.000337900 0.000328900 0.000329300 0.000326000 0.000452400 0.000353300 0.000327600 0.000494000 0.000385400 0.000368400 
[1] 0.000327200 0.000325500 0.000326900 0.000324700 0.000326600 0.000324200 0.000326700 0.000325000 0.000324200 0.000518300 
[2] 0.000360600 0.000328900 0.000325300 0.000327500 0.000324900 0.000390300 0.000383400 0.000327300 0.000325400 0.000326500 
[3] 0.000324900 0.000327100 0.000324300 0.000359400 0.000324200 0.000395700 0.000427600 0.000324900 0.000327000 0.000325100 
[4] 0.000326500 0.000324100 0.000400300 0.000368600 0.000326300 0.000324700 0.000327600 0.000327100 0.000326700 0.000357400 
[5] 0.000326800 0.000325100 0.000327100 0.000324300 0.000324500 0.000359200 0.000324600 0.000326400 0.000324800 0.000326700 
[6] 0.000427700 0.000326900 0.000357000 0.000529000 0.000538100 0.000591100 0.000607800 0.000542800 0.000521900 0.000561600 
[7] 0.000573500 0.000522800 0.000392200 0.000382800 0.000353700 0.000351000 0.000353200 0.000350700 0.000353200 0.000363200 
[8] 0.000335100 0.000332800 0.000347600 0.000324500 0.000328700 0.000367900 0.000386600 0.000405300 0.000402700 0.000324800 
[9] 0.000324700 0.000326600 0.000324900 0.000326100 0.000324900 0.000326200 0.000324600 0.000326400 0.000324500 0.000328500 
[AVERAGE] 0.000365452 s
[STANDARD DEVIATION] 0.000069637 s

FEN: 6k1/6pp/5p2/8/5P2/P7/2K4P/8 b - - 0 0
        [0]         [1]         [2]         [3]         [4]         [5]         [6]         [7]         [8]         [9]
[0] 0.000038800 0.000036100 0.000034800 0.000034600 0.000034400 0.000034300 0.000034200 0.000034300 0.000034300 0.000034000 
[1] 0.000034300 0.000034200 0.000034200 0.000036500 0.000034200 0.000034200 0.000034300 0.000034100 0.000034200 0.000034300 
[2] 0.000034200 0.000034300 0.000034100 0.000034200 0.000170800 0.000041800 0.000047100 0.000034200 0.000034200 0.000034200 
[3] 0.000034200 0.000037600 0.000034100 0.000034100 0.000034300 0.000034300 0.000034200 0.000034000 0.000034200 0.000034100 
[4] 0.000034300 0.000034300 0.000034200 0.000034100 0.000034200 0.000062500 0.000050300 0.000048400 0.000037700 0.000050500 
[5] 0.000035100 0.000047100 0.000034200 0.000034000 0.000034100 0.000034200 0.000034100 0.000034100 0.000034200 0.000034200 
[6] 0.000034100 0.000034100 0.000034000 0.000034100 0.000034100 0.000036300 0.000034200 0.000034200 0.000034100 0.000034200 
[7] 0.000034100 0.000034100 0.000034400 0.000034100 0.000034100 0.000074900 0.000047600 0.000034000 0.000034200 0.000034300 
[8] 0.000034100 0.000034200 0.000034200 0.000036900 0.000034200 0.000034100 0.000034200 0.000034200 0.000034200 0.000034000 
[9] 0.000034100 0.000034200 0.000034000 0.000034000 0.000034100 0.000034100 0.000034100 0.000034300 0.000034300 0.000034300 
[AVERAGE] 0.000037393 s
[STANDARD DEVIATION] 0.000014650 s

FEN: 8/3R4/8/r3N2p/P1Pp1P2/2k2K1P/3r4/8 w - - 0 0
        [0]         [1]         [2]         [3]         [4]         [5]         [6]         [7]         [8]         [9]
[0] 0.001028500 0.001141700 0.001110500 0.001122100 0.001023500 0.001024700 0.001056900 0.001019300 0.001055600 0.001124700 
[1] 0.001054900 0.001191500 0.001024000 0.001021900 0.001124300 0.001615800 0.001024400 0.001058200 0.001022800 0.001188900 
[2] 0.001161100 0.001021800 0.001021800 0.001021500 0.001022900 0.001159900 0.001063100 0.001021300 0.001054900 0.001190800 
[3] 0.001138700 0.001019500 0.001022800 0.001163700 0.001058400 0.001095300 0.001083400 0.001055000 0.001180800 0.001019700 
[4] 0.001021500 0.001124400 0.001032100 0.001054500 0.001023700 0.001055100 0.001097100 0.001259600 0.001119100 0.001022900 
[5] 0.001020700 0.001025800 0.001139200 0.001056800 0.001021200 0.001062600 0.001053700 0.001306300 0.001022100 0.001022000 
[6] 0.001165400 0.001020500 0.001288400 0.001066600 0.001056800 0.001053400 0.001195200 0.001022800 0.001126000 0.001029600 
[7] 0.001023100 0.001056200 0.001022400 0.001124200 0.001098200 0.001167300 0.001021400 0.001022100 0.001022300 0.001263100 
[8] 0.001019500 0.001055500 0.001023300 0.001088900 0.001232800 0.001023500 0.001023000 0.001021800 0.001020500 0.001022700 
[9] 0.001155700 0.001020100 0.001054500 0.001054100 0.001183100 0.001136700 0.001022000 0.001169100 0.001023500 0.001020400 
[AVERAGE] 0.001083667 s
[STANDARD DEVIATION] 0.000087963 s

FEN: 6k1/8/6r1/8/5b2/2PR4/4K3/8 w - - 0 0        [0]         [1]         [2]         [3]         [4]         [5]         [6]         [7]         [8]         [9]
[0] 0.000900800 0.000975200 0.000938600 0.001019600 0.000979700 0.000858900 0.000856900 0.000959800 0.000860700 0.000858500 
[1] 0.000859400 0.000897300 0.000859600 0.000891100 0.001311500 0.000859500 0.000857500 0.000858300 0.000858300 0.000862700 
[2] 0.000973700 0.000858700 0.000893500 0.000856800 0.000902500 0.001051500 0.000887100 0.000932800 0.000858400 0.000858400 
[3] 0.001029800 0.000859600 0.000859000 0.000993000 0.000858800 0.000892000 0.001095500 0.000885400 0.000858300 0.000918400 
[4] 0.000916200 0.000856000 0.000858400 0.000857400 0.000927400 0.000858800 0.000966500 0.001028900 0.000858600 0.000855800 
[5] 0.000858200 0.000858800 0.001102700 0.000874400 0.000858500 0.000893100 0.000858200 0.000891900 0.001027600 0.000961100 
[6] 0.000859600 0.000859000 0.000857900 0.000866700 0.000852000 0.000869100 0.000979200 0.000856500 0.000858300 0.001119400 
[7] 0.000953400 0.000858800 0.000960100 0.000858000 0.000861400 0.000856900 0.000855900 0.000899500 0.000902500 0.000916400 
[8] 0.001051500 0.000871500 0.000858200 0.000858600 0.000857200 0.001035600 0.000863700 0.000949300 0.000920200 0.000859500 
[9] 0.000919100 0.001020100 0.000871700 0.000858100 0.000858000 0.000858400 0.000895500 0.000858900 0.000959600 0.000855900 
[AVERAGE] 0.000907968 s
[STANDARD DEVIATION] 0.000076590 s

----------------------------------- AVERAGES ------------------------------------------


---------- REGULAR POSITIONS ----------

    [AVERAGE (s)]    [STANDARD DEVIATION (s)]
 [0] 0.004569561          0.000238452
 [1] 0.005321261          0.000309259
 [2] 0.014882173          0.003191645
 [3] 0.009380771          0.002129856
 [4] 0.013139307          0.000409295
 [5] 0.010032946          0.000704468
 [6] 0.009064616          0.000312666
 [7] 0.015854624          0.000427860
 [8] 0.014665224          0.000316433
 [9] 0.009143625          0.000201919
[10] 0.003782188          0.000250645
[11] 0.002193223          0.000118270
[12] 0.003987583          0.000141316
[13] 0.004680067          0.000182202
[14] 0.015176890          0.000374073
[15] 0.008927501          0.000207542
[16] 0.012964014          0.000280501
[17] 0.004297197          0.000172739
[18] 0.016809715          0.000196743
[19] 0.013237934          0.000278448

---------- TACTICAL POSITINOS ----------

    [AVERAGE (s)]    [STANDARD DEVIATION (s)]
 [0] 0.001076895          0.000082366
 [1] 0.007132586          0.000184503
 [2] 0.007858941          0.000124801
 [3] 0.030585186          0.000305211
 [4] 0.016393337          0.000297080
 [5] 0.001829848          0.000115449
 [6] 0.018963943          0.001541399
 [7] 0.027664796          0.000375213
 [8] 0.002337204          0.000111168
 [9] 0.010361072          0.000184908
[10] 0.009859591          0.000177894
[11] 0.000319457          0.000037123
[12] 0.004259224          0.000174803
[13] 0.000999993          0.000080773
[14] 0.007357634          0.000159712
[15] 0.005558147          0.000251026
[16] 0.003920967          0.000128869
[17] 0.007550056          0.000277251
[18] 0.013352002          0.000269755
[19] 0.005367700          0.000186757

---------- SMALL POSITIONS ----------

    [AVERAGE (s)]    [STANDARD DEVIATION (s)]
 [0] 0.000012650          0.000000456
 [1] 0.000578855          0.000055863
 [2] 0.000617772          0.000052733
 [3] 0.000700472          0.000053827
 [4] 0.000209141          0.000029455
 [5] 0.004362929          0.000245413
 [6] 0.002247404          0.000119043
 [7] 0.000525155          0.000051997
 [8] 0.005851260          0.000394732
 [9] 0.001693844          0.000109838
[10] 0.000202341          0.000034078
[11] 0.000663039          0.000053315
[12] 0.000738476          0.000061419
[13] 0.000344778          0.000039477
[14] 0.000041959          0.000003097
[15] 0.000324066          0.000038545
[16] 0.000365452          0.000069637
[17] 0.000037393          0.000014650
[18] 0.001083667          0.000087963
[19] 0.000907968          0.000076590


----------------------------------- AVERAGES ------------------------------------------





---------- SUMMARY ----------

0.004569561 0.005321261 0.014882173 0.009380771 0.013139307 0.010032946 0.009064616 0.015854624 0.014665224 0.009143625 0.003782188 0.002193223 0.003987583 0.004680067 0.015176890 0.008927501 0.012964014 0.004297197 0.016809715 0.013237934 
0.001076895 0.007132586 0.007858941 0.030585186 0.016393337 0.001829848 0.018963943 0.027664796 0.002337204 0.010361072 0.009859591 0.000319457 0.004259224 0.000999993 0.007357634 0.005558147 0.003920967 0.007550056 0.013352002 0.005367700 
0.000012650 0.000578855 0.000617772 0.000700472 0.000209141 0.004362929 0.002247404 0.000525155 0.005851260 0.001693844 0.000202341 0.000663039 0.000738476 0.000344778 0.000041959 0.000324066 0.000365452 0.000037393 0.001083667 0.000907968 

