FEN: rn1q1rk1/pbp2pp1/1p2pb1p/3p4/2PP4/2N1PN2/PP2BPPP/R2QK2R w KQ - 0 10
        [0]         [1]         [2]         [3]         [4]         [5]         [6]         [7]         [8]         [9]
[0] 0.025727600 0.026993500 0.026089100 0.025572600 0.025787200 0.025471000 0.026036200 0.025523100 0.025623700 0.026180900 
[1] 0.025810900 0.025437900 0.024970000 0.025356600 0.025764000 0.025649800 0.025265300 0.025559200 0.025473900 0.026099200 
[2] 0.025116300 0.025338200 0.025348300 0.025730000 0.025677800 0.025378000 0.025247600 0.025266100 0.025916200 0.026777100 
[3] 0.025766600 0.025780300 0.025254600 0.025544100 0.025476900 0.025526400 0.025570800 0.025575500 0.025478100 0.025218400 
[4] 0.025305800 0.025316000 0.026893400 0.025281300 0.025417600 0.025614400 0.025634200 0.025548100 0.025261300 0.026149500 
[5] 0.025550800 0.025819900 0.025556800 0.025410500 0.025148600 0.025394900 0.025492900 0.025223700 0.025380000 0.025269400 
[6] 0.025307500 0.025192200 0.025152200 0.025130000 0.025567700 0.025065700 0.025600700 0.025708900 0.026497100 0.027123200 
[7] 0.025662400 0.026053400 0.025663300 0.025900400 0.025553000 0.025970400 0.025921800 0.025215800 0.025597900 0.025326300 
[8] 0.025452100 0.025495700 0.025188400 0.025465000 0.025339600 0.025545400 0.025262300 0.025448700 0.025534500 0.025516000 
[9] 0.025446200 0.025374100 0.025424200 0.026544500 0.029652700 0.035823700 0.026018800 0.028691500 0.029606700 0.029383500 
[AVERAGE] 0.025854716 s
[STANDARD DEVIATION] 0.001304412 s

FEN: rn1q1rk1/pp2ppbp/2p3p1/3p1b2/2PPn3/1P3NP1/P2NPPBP/R1BQ1RK1 w - - 1 9
        [0]         [1]         [2]         [3]         [4]         [5]         [6]         [7]         [8]         [9]
[0] 0.019462400 0.019536300 0.019392000 0.019182900 0.019391800 0.019110900 0.018959200 0.018810000 0.019613800 0.020813900 
[1] 0.019166700 0.019122200 0.019732800 0.019226800 0.019264300 0.019291300 0.018936500 0.018932100 0.019091900 0.018864100 
[2] 0.018955000 0.018770600 0.018852500 0.019290700 0.019098800 0.019262700 0.019284100 0.019213900 0.019182400 0.019167400 
[3] 0.019230200 0.019168100 0.019173500 0.018876300 0.021039000 0.021927200 0.021375700 0.020973200 0.019844700 0.019492600 
[4] 0.019717000 0.019530100 0.019185300 0.019531200 0.019809200 0.019404200 0.019289600 0.018941400 0.019633200 0.021081600 
[5] 0.022855700 0.022261800 0.023301100 0.020830200 0.019654200 0.019319200 0.019239800 0.019004100 0.019001300 0.020907500 
[6] 0.019583000 0.020305700 0.021905600 0.020831200 0.020990000 0.021852600 0.021450100 0.021194700 0.021030100 0.019563300 
[7] 0.019338500 0.019650900 0.019190700 0.019158900 0.019684200 0.019734700 0.020346100 0.019844900 0.019376400 0.019123700 
[8] 0.019172800 0.020307300 0.020011400 0.019395500 0.020580600 0.019975700 0.020218100 0.019788800 0.020274300 0.019862500 
[9] 0.019928600 0.019828200 0.019857400 0.020310500 0.026135400 0.024307000 0.021744300 0.021032200 0.019064200 0.019011400 
[AVERAGE] 0.019955397 s
[STANDARD DEVIATION] 0.001213595 s

FEN: 1rbq1rk1/pp2ppbp/2n2np1/2pp4/5P2/N1PP1NP1/PP2P1BP/R1BQ1RK1 w - - 3 9
        [0]         [1]         [2]         [3]         [4]         [5]         [6]         [7]         [8]         [9]
[0] 0.030914900 0.035667300 0.034350000 0.033144100 0.030876900 0.031707400 0.033266100 0.033368400 0.032736900 0.031583700 
[1] 0.032062000 0.031462100 0.032879000 0.031298500 0.031142500 0.030529600 0.030406300 0.029839600 0.031777700 0.029329200 
[2] 0.029206300 0.030011100 0.029687100 0.029610700 0.029400900 0.030422000 0.029876500 0.029547200 0.030347200 0.031840300 
[3] 0.031194600 0.030346900 0.031461900 0.032128300 0.031718500 0.029917900 0.029825800 0.031793300 0.030319100 0.030026200 
[4] 0.029440500 0.029291000 0.029449400 0.029592700 0.029353900 0.029921300 0.029321500 0.029379500 0.029180300 0.030723100 
[5] 0.031395600 0.031602700 0.032125100 0.031056800 0.031322400 0.029826700 0.029438500 0.029636400 0.029621800 0.029667700 
[6] 0.029880200 0.029564900 0.029381100 0.030056500 0.029381200 0.029375700 0.029611800 0.029594800 0.030924500 0.030619100 
[7] 0.029576000 0.031919100 0.030073300 0.029481100 0.029394300 0.030356200 0.030049100 0.029727800 0.030998900 0.030843400 
[8] 0.029768500 0.029674500 0.029649600 0.029829900 0.030637700 0.030736700 0.029600300 0.029548700 0.029318600 0.029155700 
[9] 0.029221000 0.030288100 0.030445600 0.029813200 0.029381900 0.029142400 0.029278900 0.029255500 0.029705400 0.029965800 
[AVERAGE] 0.030435979 s
[STANDARD DEVIATION] 0.001231194 s

FEN: r2qkb1r/pp1n1ppp/2p2n2/3pp3/6b1/3P1NP1/PPPNPPBP/R1BQ1RK1 w kq - 0 7
        [0]         [1]         [2]         [3]         [4]         [5]         [6]         [7]         [8]         [9]
[0] 0.020290800 0.021426900 0.021405300 0.022477700 0.022033200 0.022760300 0.022831100 0.021978600 0.021968700 0.022227400 
[1] 0.021500200 0.021396700 0.021399400 0.020098300 0.020010500 0.019572200 0.020477700 0.020880800 0.021011000 0.021549200 
[2] 0.020398000 0.020674500 0.020865700 0.020168900 0.020351400 0.020021800 0.020854100 0.020347500 0.020119500 0.020097200 
[3] 0.020086400 0.020355200 0.020340900 0.020041400 0.019604800 0.019873100 0.019678600 0.019461900 0.019522900 0.019560000 
[4] 0.019632800 0.019646000 0.019704000 0.020710600 0.019863300 0.019712700 0.019922000 0.019608100 0.020369800 0.020688000 
[5] 0.020320300 0.020386900 0.019861100 0.019877600 0.020799100 0.021514500 0.020240700 0.019879800 0.020420000 0.020319100 
[6] 0.020892600 0.020778300 0.020290700 0.020437200 0.019983500 0.020449400 0.020153900 0.019936100 0.019977200 0.019752400 
[7] 0.019946500 0.019963800 0.020446400 0.021862900 0.021997700 0.022111000 0.023097400 0.023665800 0.023898600 0.023034400 
[8] 0.021868100 0.021551700 0.021673000 0.022325100 0.021936700 0.021112200 0.021409400 0.022144300 0.021221100 0.021752000 
[9] 0.021276600 0.020946800 0.020667900 0.020591400 0.019913500 0.020002700 0.019818400 0.020231900 0.020559700 0.021037600 
[AVERAGE] 0.020779121 s
[STANDARD DEVIATION] 0.000991573 s

FEN: rnbqkb1r/pp3pp1/2p1pn1p/8/2pP3B/2N2N2/PP2PPPP/R2QKB1R w KQkq - 0 7
        [0]         [1]         [2]         [3]         [4]         [5]         [6]         [7]         [8]         [9]
[0] 0.030999200 0.030530700 0.029676600 0.028904600 0.028848800 0.029118900 0.028596400 0.028621500 0.028611600 0.029320800 
[1] 0.029167400 0.028994900 0.028719300 0.030557000 0.029001600 0.028974200 0.028773100 0.028833000 0.028685100 0.028534500 
[2] 0.028433200 0.029236700 0.029743700 0.029585200 0.030184600 0.029719400 0.028615600 0.028795600 0.028683900 0.028659100 
[3] 0.028583400 0.032064100 0.030027800 0.028776500 0.030590400 0.031908000 0.030634700 0.028616800 0.029373800 0.031356900 
[4] 0.031562000 0.030005500 0.030419600 0.032200700 0.033367600 0.033031500 0.033407300 0.032073900 0.031594200 0.032413600 
[5] 0.033046800 0.033481600 0.033660500 0.032918500 0.032635500 0.030427100 0.031434200 0.029271800 0.030387800 0.030797600 
[6] 0.029870200 0.031048900 0.031231800 0.030833800 0.030493200 0.030661200 0.029246200 0.030505000 0.029049500 0.028956500 
[7] 0.029258700 0.030291800 0.031262700 0.029638400 0.029105900 0.032375800 0.032166800 0.031406100 0.029681800 0.028728500 
[8] 0.028832300 0.029157900 0.029063900 0.029482800 0.029400900 0.029590000 0.030475900 0.029752500 0.029145300 0.030026600 
[9] 0.029316200 0.029911600 0.033836600 0.033108400 0.030098700 0.028951800 0.029215200 0.028774600 0.029024400 0.030971300 
[AVERAGE] 0.030191456 s
[STANDARD DEVIATION] 0.001453157 s

FEN: r3k2r/pppqb1pp/2np1n2/4p2b/P1B1P3/2N1BN1P/1PP2PP1/R2Q1RK1 b kq - 0 11
        [0]         [1]         [2]         [3]         [4]         [5]         [6]         [7]         [8]         [9]
[0] 0.068991300 0.068468100 0.065786700 0.067442300 0.064883600 0.063593900 0.063931200 0.065912400 0.064190700 0.064336400 
[1] 0.063198500 0.064964600 0.064778000 0.064749800 0.067304500 0.067679400 0.065949900 0.064642600 0.063857200 0.064688500 
[2] 0.063586100 0.065156300 0.066978100 0.068463800 0.066952200 0.066274000 0.065904300 0.065368000 0.066307900 0.065442200 
[3] 0.064439600 0.066386100 0.064007800 0.065461700 0.069123400 0.065252100 0.066651700 0.065385200 0.063530900 0.065790300 
[4] 0.064590100 0.065183400 0.066146600 0.064961700 0.066266200 0.065055800 0.069516800 0.063536100 0.062422600 0.063504900 
[5] 0.064179900 0.070634800 0.066611000 0.062918500 0.070831800 0.063515600 0.062474800 0.063349600 0.063860400 0.063397800 
[6] 0.062970500 0.067710400 0.065966900 0.068234400 0.064505900 0.063291600 0.064019200 0.064432800 0.063661500 0.063175600 
[7] 0.062497300 0.063898900 0.065713100 0.064572800 0.066143900 0.064337000 0.063558600 0.069531200 0.065039400 0.063115600 
[8] 0.064502600 0.063814200 0.063872800 0.063082200 0.062833700 0.064989000 0.064069200 0.063783100 0.063553700 0.062733400 
[9] 0.063958400 0.063206700 0.065853200 0.066494900 0.063500900 0.065404300 0.064903700 0.064313100 0.063822900 0.063718400 
[AVERAGE] 0.065075567 s
[STANDARD DEVIATION] 0.001831221 s

FEN: r3k2r/1ppqb1pp/p1np1n2/4p2b/P1B1P3/2N1BN1P/1PP2PP1/R2QR1K1 b kq - 1 12
        [0]         [1]         [2]         [3]         [4]         [5]         [6]         [7]         [8]         [9]
[0] 0.071986000 0.069089600 0.068391300 0.068695700 0.067647800 0.068348000 0.068392700 0.070818500 0.071631000 0.068969400 
[1] 0.069671500 0.070660500 0.078003400 0.069966700 0.070601200 0.069416800 0.071111600 0.068058500 0.070849600 0.073315000 
[2] 0.069735200 0.072281700 0.068989700 0.068010600 0.071526000 0.068360900 0.069681900 0.069352600 0.068193000 0.067818100 
[3] 0.069348600 0.071619900 0.069221500 0.070336200 0.068988700 0.068503600 0.071537900 0.070072500 0.070693600 0.068114300 
[4] 0.071348400 0.071265200 0.068993000 0.067873100 0.072779700 0.069617400 0.070642700 0.068768500 0.071903900 0.069861200 
[5] 0.073764000 0.069073900 0.069392500 0.068347100 0.068717900 0.067267900 0.068214100 0.069424000 0.067706200 0.068592700 
[6] 0.068692400 0.071382000 0.071912900 0.070441100 0.071686800 0.073074900 0.069660300 0.068481900 0.068466000 0.069224000 
[7] 0.068554700 0.068584000 0.068019300 0.077587800 0.075625600 0.079499200 0.077949100 0.075389600 0.072272800 0.073960600 
[8] 0.069005200 0.071013100 0.069357800 0.067884800 0.068455400 0.072917900 0.078252700 0.079830500 0.080462800 0.078012300 
[9] 0.074529200 0.071941600 0.078658900 0.087258200 0.088206100 0.075532100 0.076530000 0.072114100 0.077250900 0.075030600 
[AVERAGE] 0.071442739 s
[STANDARD DEVIATION] 0.003952104 s

FEN: rn1qkb1r/1pp2ppp/p3bn2/3p2B1/3P4/2N1PN2/PP3PPP/R2QKB1R b KQkq - 0 7
        [0]         [1]         [2]         [3]         [4]         [5]         [6]         [7]         [8]         [9]
[0] 0.045424100 0.042505500 0.046574500 0.043308900 0.043823100 0.042478400 0.040097100 0.045683000 0.041391400 0.039588500 
[1] 0.039719000 0.035757500 0.035314900 0.035132300 0.038705600 0.039224000 0.040474500 0.039504900 0.036820300 0.036166200 
[2] 0.035798700 0.037585800 0.036223200 0.038801600 0.038720400 0.035589100 0.035937200 0.035038400 0.035200200 0.035506100 
[3] 0.037714700 0.035535300 0.035803000 0.036609000 0.035624200 0.040905100 0.035639800 0.035692500 0.034794000 0.034857400 
[4] 0.034847600 0.034855100 0.034871800 0.034827700 0.034750400 0.035314300 0.034964700 0.036640800 0.035274000 0.034977300 
[5] 0.036758300 0.038537000 0.041873200 0.036617600 0.035750700 0.035076700 0.035330400 0.036102000 0.035419800 0.037045500 
[6] 0.039716700 0.040118200 0.040758300 0.039444600 0.035497300 0.036923100 0.036175300 0.035416100 0.037987200 0.037763500 
[7] 0.040711700 0.040052500 0.038582600 0.039366200 0.038816400 0.037873100 0.038234400 0.037191600 0.035372300 0.035554400 
[8] 0.036840100 0.035431100 0.035265300 0.041711900 0.040888000 0.041212700 0.039237500 0.038715500 0.039795000 0.039688800 
[9] 0.038096000 0.035409700 0.035525600 0.035417100 0.037405900 0.036235200 0.035414400 0.037263100 0.037863500 0.035998300 
[AVERAGE] 0.037700745 s
[STANDARD DEVIATION] 0.002696341 s

FEN: r2qkb1r/1p1n1p1p/p1bpp3/2p5/4P3/2N3QP/PPP2PP1/R1B1RBK1 b kq - 1 13
        [0]         [1]         [2]         [3]         [4]         [5]         [6]         [7]         [8]         [9]
[0] 0.044003400 0.043070400 0.045123800 0.045405200 0.046044600 0.045239600 0.044567100 0.044777600 0.043609300 0.042186500 
[1] 0.043185100 0.041570200 0.039742200 0.040502900 0.047329400 0.045289000 0.045999700 0.045778900 0.043971900 0.042778700 
[2] 0.041400500 0.040134400 0.041785100 0.042206300 0.042022900 0.041471700 0.040100200 0.041080900 0.039986900 0.041136400 
[3] 0.041316800 0.039780600 0.039884100 0.039631000 0.040080600 0.040041400 0.040507000 0.042070400 0.040836000 0.040290800 
[4] 0.043015700 0.054385000 0.048821000 0.041556000 0.040558900 0.039835500 0.039921300 0.040979500 0.042044700 0.046010500 
[5] 0.040234300 0.040461700 0.039721400 0.042423600 0.040149700 0.040066500 0.040455500 0.041641600 0.040636600 0.041008900 
[6] 0.039846500 0.042150600 0.041749100 0.042891000 0.042405100 0.040190100 0.040168700 0.039929500 0.040131000 0.040207800 
[7] 0.040111700 0.039694400 0.040411700 0.040750100 0.040754100 0.041575500 0.040848000 0.040216800 0.040035000 0.041474700 
[8] 0.041742600 0.041252700 0.041266300 0.039888200 0.039774100 0.040287900 0.044070400 0.047076700 0.044383900 0.040698900 
[9] 0.040544300 0.040573200 0.040274600 0.040068700 0.040274000 0.040574700 0.040058100 0.039932800 0.039829600 0.040083200 
[AVERAGE] 0.041780637 s
[STANDARD DEVIATION] 0.002395819 s

FEN: rn1q1rk1/p1p2ppp/bp3n2/3p4/1b1P4/2N1PN2/PPBB1PPP/R2QK2R b KQ - 3 9
        [0]         [1]         [2]         [3]         [4]         [5]         [6]         [7]         [8]         [9]
[0] 0.029874900 0.029920100 0.030381000 0.030556300 0.030529400 0.030258700 0.030255500 0.030542600 0.029769700 0.031308000 
[1] 0.029704900 0.030523800 0.030052800 0.030595200 0.030948900 0.031600500 0.030885500 0.030029900 0.029968800 0.029689200 
[2] 0.029587600 0.030195100 0.031248700 0.031612100 0.031010600 0.030192500 0.031343100 0.029829800 0.030394600 0.030008400 
[3] 0.029952300 0.029740400 0.029680000 0.029602300 0.029679000 0.029759300 0.029835500 0.029603800 0.029511600 0.030016900 
[4] 0.029801200 0.029536000 0.029908100 0.029740200 0.029400000 0.029684600 0.029608800 0.032714000 0.030555400 0.030034100 
[5] 0.030038700 0.030261600 0.030678300 0.029829800 0.029603300 0.030298100 0.030602600 0.030903500 0.030878800 0.029862900 
[6] 0.030095500 0.029671100 0.029772400 0.029828700 0.029440000 0.029778300 0.030148000 0.030085200 0.029916000 0.030794500 
[7] 0.030504600 0.029820100 0.031266100 0.029660500 0.030639900 0.030289500 0.029868700 0.029590200 0.029351200 0.030399200 
[8] 0.032393600 0.030486200 0.030135100 0.029723400 0.030211700 0.029912500 0.030061400 0.030271200 0.030193400 0.031128700 
[9] 0.031135400 0.030118700 0.029445400 0.030007900 0.030166900 0.029612600 0.029850300 0.029447400 0.029712100 0.029393700 
[AVERAGE] 0.030184666 s
[STANDARD DEVIATION] 0.000623567 s

FEN: rnbq1rk1/pp2bppp/4pn2/3p4/2PN4/6P1/PPQ1PPBP/RNB2RK1 b - - 0 8
        [0]         [1]         [2]         [3]         [4]         [5]         [6]         [7]         [8]         [9]
[0] 0.036274800 0.036291000 0.037596200 0.038238200 0.037334200 0.036095200 0.036187600 0.036226500 0.035937400 0.036060900 
[1] 0.035981700 0.039060300 0.036744900 0.036365700 0.036409500 0.036545300 0.037761200 0.036259100 0.036186300 0.036785600 
[2] 0.037652700 0.037045700 0.036112200 0.036439300 0.037205400 0.036804800 0.035867300 0.036311900 0.036205700 0.036524200 
[3] 0.036282700 0.037051400 0.036655000 0.036469800 0.036016500 0.036723000 0.036205700 0.035725000 0.037866900 0.037331200 
[4] 0.037080200 0.037148900 0.036885300 0.037124600 0.036644100 0.037947300 0.036484700 0.036236000 0.036161500 0.037009800 
[5] 0.036346200 0.037033000 0.036741900 0.036535100 0.037352800 0.036972300 0.036978200 0.037290100 0.037599600 0.037279600 
[6] 0.037023800 0.036683800 0.036316000 0.036203100 0.036340200 0.039348500 0.036998200 0.036110700 0.036607500 0.035871900 
[7] 0.036129800 0.036045100 0.037124700 0.037309200 0.037062300 0.037125700 0.037196300 0.036743300 0.036429200 0.036176200 
[8] 0.036236200 0.036133400 0.036362300 0.036431600 0.036260500 0.036037700 0.036334400 0.036096700 0.036099600 0.036440900 
[9] 0.036555300 0.036196400 0.035997200 0.038622000 0.036495400 0.036294300 0.036531500 0.036352400 0.036292900 0.036205700 
[AVERAGE] 0.036685111 s
[STANDARD DEVIATION] 0.000662126 s

FEN: rnbqkb1r/pp1p1ppp/4pn2/2p5/2PP4/4PN2/PP3PPP/RNBQKB1R b KQkq - 0 4
        [0]         [1]         [2]         [3]         [4]         [5]         [6]         [7]         [8]         [9]
[0] 0.015932000 0.015780100 0.015977800 0.015758200 0.015912200 0.015949400 0.016097000 0.016167200 0.015912300 0.016685800 
[1] 0.016324800 0.015731600 0.016028100 0.015884300 0.016115600 0.015976000 0.015851300 0.016020500 0.016024500 0.016604600 
[2] 0.016827800 0.016068600 0.016086600 0.016259400 0.015997300 0.016058800 0.016124900 0.016051600 0.015941000 0.015891300 
[3] 0.015988000 0.016183500 0.016259700 0.016731900 0.016394200 0.016846900 0.016055700 0.016014500 0.016338000 0.015556200 
[4] 0.015938700 0.015897400 0.016032400 0.016056400 0.015948000 0.017622700 0.016730200 0.016358800 0.016631400 0.016455300 
[5] 0.016721600 0.016760700 0.016747800 0.016326000 0.016108500 0.016557000 0.016073400 0.016589000 0.016360100 0.015813900 
[6] 0.016209900 0.015670200 0.016035100 0.015959400 0.016039300 0.016123100 0.015715900 0.015991600 0.016050100 0.015848000 
[7] 0.016024500 0.015963200 0.016143100 0.016083700 0.015993400 0.016138600 0.016155800 0.016235400 0.016271300 0.015724400 
[8] 0.016113200 0.015707800 0.016110200 0.016054000 0.015731700 0.016207200 0.015862100 0.016123800 0.015979000 0.016003100 
[9] 0.016036000 0.016084200 0.016137500 0.016064000 0.015943800 0.015928300 0.016068800 0.015922500 0.016154100 0.015985400 
[AVERAGE] 0.016127312 s
[STANDARD DEVIATION] 0.000310754 s

FEN: rnbqk2r/ppp2ppp/4pn2/3p4/1bPP4/2N2P2/PP2P1PP/R1BQKBNR w KQkq - 0 5
        [0]         [1]         [2]         [3]         [4]         [5]         [6]         [7]         [8]         [9]
[0] 0.022075900 0.022075800 0.021968700 0.021980300 0.021960400 0.022092200 0.025452800 0.022343500 0.022318600 0.022438200 
[1] 0.022246100 0.021846400 0.022052700 0.022299800 0.021938300 0.021824900 0.022503700 0.022145500 0.022286700 0.021905000 
[2] 0.021878300 0.021677900 0.022114000 0.021993800 0.021907000 0.021998500 0.022181200 0.022000900 0.022339700 0.022042900 
[3] 0.022016300 0.023692000 0.022328700 0.023057000 0.022244200 0.022140000 0.022389800 0.021840400 0.022206600 0.022754900 
[4] 0.022515000 0.022434600 0.022385700 0.023034500 0.023273700 0.022976700 0.023178600 0.023133000 0.022268100 0.022266500 
[5] 0.024764000 0.022655300 0.022109400 0.022093200 0.022239700 0.022363300 0.022229500 0.021988700 0.021758900 0.022390600 
[6] 0.021796400 0.022239600 0.024717800 0.022628400 0.023053500 0.021989300 0.022861700 0.022423600 0.022857800 0.022413100 
[7] 0.022272600 0.022262900 0.022031600 0.022274400 0.022881400 0.022562100 0.022446900 0.023276600 0.036253400 0.030780300 
[8] 0.023982100 0.022992200 0.022680800 0.026169200 0.022761400 0.022674200 0.022663500 0.028227900 0.029650700 0.024512100 
[9] 0.028992500 0.030729500 0.032855600 0.028560400 0.030199100 0.026685100 0.028404500 0.022663700 0.023217900 0.022907900 
[AVERAGE] 0.023381723 s
[STANDARD DEVIATION] 0.002615099 s

FEN: rnbqr1k1/pp1p1ppp/2p2n2/4p3/2P1P3/2P2PP1/P2P1K1P/R1BQ1BNR w - - 0 8
        [0]         [1]         [2]         [3]         [4]         [5]         [6]         [7]         [8]         [9]
[0] 0.011151800 0.011254200 0.011159900 0.011232600 0.011380600 0.011339600 0.011179900 0.011088100 0.011207100 0.011173300 
[1] 0.011390900 0.011291600 0.011145100 0.011262400 0.011523900 0.011203900 0.011294600 0.011243700 0.011742400 0.011321100 
[2] 0.011130200 0.014157800 0.011893300 0.011536100 0.011544300 0.011049900 0.011059900 0.011008500 0.011087000 0.011093100 
[3] 0.011179200 0.011115900 0.011153300 0.011098100 0.011025400 0.011283500 0.011137900 0.010974500 0.011055700 0.011563500 
[4] 0.011316900 0.011409800 0.011417800 0.011071500 0.011984800 0.011397900 0.011393300 0.011437900 0.011885800 0.011085300 
[5] 0.011771500 0.013633300 0.011590000 0.011233800 0.016510200 0.011631300 0.011803100 0.011018700 0.011098000 0.011133900 
[6] 0.011199700 0.011206500 0.011832400 0.011268400 0.011285100 0.011016000 0.011784900 0.011530200 0.013386400 0.012408600 
[7] 0.011429600 0.011301900 0.011109400 0.011315800 0.011642800 0.011502700 0.012817200 0.011507700 0.011099500 0.012052200 
[8] 0.011375300 0.011413200 0.011440000 0.011473300 0.011286100 0.011351300 0.011179500 0.011190900 0.011280300 0.011303000 
[9] 0.011623500 0.011186700 0.011446900 0.011450800 0.011560100 0.011903300 0.011834100 0.011876800 0.017080100 0.019565000 
[AVERAGE] 0.011640758 s
[STANDARD DEVIATION] 0.001204398 s

FEN: r1bq1rk1/1p2bppp/p1n1pn2/8/P1BP4/2N1BN2/1P3PPP/R2Q1RK1 w - - 3 11
        [0]         [1]         [2]         [3]         [4]         [5]         [6]         [7]         [8]         [9]
[0] 0.065492000 0.055170900 0.055638700 0.056309400 0.056157200 0.055986700 0.058844100 0.059404500 0.057119300 0.055608300 
[1] 0.059645900 0.056842100 0.056611600 0.056213100 0.056989300 0.057086100 0.057278700 0.062223100 0.056175700 0.056113200 
[2] 0.056085400 0.056009000 0.056937200 0.056245300 0.055665000 0.055679900 0.056400400 0.055922200 0.059711400 0.057990100 
[3] 0.057097800 0.057362600 0.056436400 0.058578300 0.063925300 0.062563200 0.083992300 0.060494100 0.059463400 0.058921100 
[4] 0.059314600 0.059582600 0.058388400 0.058625100 0.063635300 0.057876400 0.061460600 0.055543300 0.056206400 0.057008100 
[5] 0.055541100 0.055924300 0.058510500 0.056471700 0.056150100 0.056787800 0.057407800 0.055413300 0.062118900 0.056047900 
[6] 0.055524800 0.055278100 0.059140100 0.057075200 0.058406200 0.057054400 0.058414700 0.055625800 0.055735000 0.056369400 
[7] 0.062432900 0.058463900 0.056244900 0.065357000 0.056866400 0.055614900 0.055571900 0.055870200 0.054765700 0.069919000 
[8] 0.061046200 0.057434900 0.059907300 0.054587000 0.056122100 0.055569800 0.054585100 0.054333700 0.068778100 0.054823500 
[9] 0.054957200 0.057415500 0.055041500 0.055790500 0.056221500 0.056351700 0.058808300 0.055508100 0.054825800 0.054357800 
[AVERAGE] 0.057906006 s
[STANDARD DEVIATION] 0.003909691 s

FEN: rn1q1rk1/pbpp1ppp/8/3nP3/2BP4/5PP1/P6P/R1BQK1NR w KQ - 1 11
        [0]         [1]         [2]         [3]         [4]         [5]         [6]         [7]         [8]         [9]
[0] 0.024294500 0.024175500 0.024888900 0.025916000 0.023925000 0.024579900 0.024168500 0.027373300 0.023808700 0.024019400 
[1] 0.023823700 0.023838800 0.023711800 0.023579100 0.024033100 0.023651800 0.023445600 0.023273700 0.023375500 0.023386200 
[2] 0.023132500 0.023544100 0.023408100 0.023462600 0.024458200 0.024038200 0.024152900 0.023892700 0.023811400 0.024234300 
[3] 0.024690300 0.024708200 0.023621800 0.024280300 0.025081500 0.024391900 0.023525000 0.023752800 0.023681900 0.024286600 
[4] 0.023477200 0.023846000 0.023718300 0.025049100 0.023705900 0.023712700 0.024430900 0.024065800 0.024100900 0.023425100 
[5] 0.023871900 0.025265000 0.024544200 0.024647900 0.024637900 0.024810300 0.024778400 0.024395300 0.024149500 0.024097800 
[6] 0.023771200 0.023854500 0.023584200 0.023173100 0.023355800 0.023463100 0.023675100 0.023903100 0.023942400 0.023422100 
[7] 0.023991400 0.023676100 0.023925200 0.024984300 0.024888100 0.025076800 0.026565800 0.025714100 0.025904900 0.025114600 
[8] 0.025987600 0.025506700 0.025421900 0.024859500 0.026032800 0.026875900 0.025811400 0.026810100 0.025479400 0.024989300 
[9] 0.025378000 0.025195800 0.023957700 0.025859000 0.026311900 0.025286700 0.024539600 0.024934500 0.025057800 0.025289900 
[AVERAGE] 0.024437258 s
[STANDARD DEVIATION] 0.000914071 s

FEN: r2qk2r/1p1n1ppp/p1pbbn2/3p2B1/3P4/2NBPN1P/PP3PP1/R2QK2R w KQkq - 0 10
        [0]         [1]         [2]         [3]         [4]         [5]         [6]         [7]         [8]         [9]
[0] 0.086002400 0.085127400 0.087709700 0.087392100 0.085172500 0.085190300 0.081798700 0.083600300 0.082310100 0.082015500 
[1] 0.083689400 0.084282100 0.105275800 0.090178200 0.095073100 0.084196100 0.084516400 0.082527500 0.084130700 0.082905800 
[2] 0.084132300 0.081768500 0.082289300 0.083202300 0.083532700 0.089547300 0.082237200 0.085264100 0.085683600 0.081347000 
[3] 0.084912600 0.085849000 0.088069100 0.087184500 0.083377000 0.083658800 0.082882000 0.083016600 0.085219600 0.087164500 
[4] 0.083704900 0.083569000 0.084203200 0.083161000 0.082598800 0.083053300 0.083266900 0.083159700 0.083068200 0.082770900 
[5] 0.083116900 0.085428800 0.083449700 0.084715800 0.082358900 0.082283200 0.081777900 0.082063600 0.083194300 0.082804000 
[6] 0.081648200 0.081895900 0.084336500 0.086741500 0.082649000 0.082525000 0.082063200 0.083928000 0.082572200 0.082062300 
[7] 0.082884000 0.084269200 0.084227800 0.082355600 0.083976100 0.085134900 0.083354000 0.081568400 0.082099300 0.083446800 
[8] 0.084387500 0.083018900 0.083167200 0.082912400 0.081637900 0.083253400 0.085403200 0.085798800 0.084020400 0.083878600 
[9] 0.084738100 0.083160900 0.082519000 0.082422900 0.081836700 0.082805400 0.081724300 0.082651000 0.082825900 0.085094600 
[AVERAGE] 0.084081761 s
[STANDARD DEVIATION] 0.002951833 s

FEN: r1bq1rk1/pp2bppp/2n1pn2/2pp4/P3PB2/3P1NP1/1PP2PBP/RN1Q1RK1 b - - 2 8
        [0]         [1]         [2]         [3]         [4]         [5]         [6]         [7]         [8]         [9]
[0] 0.030865400 0.031136000 0.031073700 0.031677100 0.030906300 0.030642800 0.030791800 0.030971600 0.030601000 0.030666200 
[1] 0.030388500 0.032107400 0.031198200 0.035078500 0.031282500 0.030928700 0.030625600 0.030951900 0.030625400 0.030668100 
[2] 0.030685300 0.030872700 0.031039100 0.030771800 0.030980500 0.030923700 0.032586400 0.030664200 0.031048700 0.030673900 
[3] 0.048309800 0.033165800 0.031299300 0.030833600 0.031956100 0.030638400 0.030426200 0.030442200 0.030536900 0.032464300 
[4] 0.030613400 0.031232700 0.033782700 0.032395600 0.032034000 0.032578700 0.033021400 0.032894100 0.034101500 0.051096500 
[5] 0.035876600 0.033522400 0.033816900 0.033385900 0.033707400 0.033071900 0.032116300 0.030725900 0.030644200 0.030857900 
[6] 0.031675900 0.032878500 0.031409600 0.033166900 0.030952000 0.031369200 0.031165800 0.030963700 0.030785000 0.030883700 
[7] 0.030680200 0.030655000 0.031760200 0.034037500 0.031430200 0.031807100 0.032021400 0.032511400 0.031712400 0.033103200 
[8] 0.032040900 0.033185100 0.038974900 0.035739700 0.033510800 0.042324200 0.048330300 0.040832400 0.039805600 0.031758500 
[9] 0.031894700 0.032161800 0.031125000 0.031722100 0.031400700 0.044526700 0.032394900 0.033411600 0.034374600 0.031344800 
[AVERAGE] 0.032808098 s
[STANDARD DEVIATION] 0.003782239 s

FEN: r1bqr1k1/ppp2ppp/2n5/2bnp3/8/2NP1NP1/PP2PPBP/R1BQ1RK1 w - - 1 9
        [0]         [1]         [2]         [3]         [4]         [5]         [6]         [7]         [8]         [9]
[0] 0.050443700 0.052223600 0.050625500 0.051232400 0.050991700 0.051100000 0.050466500 0.050895200 0.052852800 0.051710300 
[1] 0.051181400 0.050250300 0.050417600 0.050462900 0.050410400 0.050429100 0.050632400 0.050430000 0.051763000 0.050966400 
[2] 0.051210000 0.051580200 0.051047100 0.051066000 0.050987800 0.051065000 0.052273200 0.050547700 0.050796800 0.051194400 
[3] 0.052414100 0.051465000 0.051800800 0.051631900 0.050920700 0.052893300 0.051127300 0.051318500 0.050803500 0.050611500 
[4] 0.050453100 0.051326400 0.051025000 0.051726100 0.051467100 0.050628300 0.050156400 0.050874900 0.050680600 0.052307800 
[5] 0.051291900 0.051356100 0.050713300 0.050990300 0.050721100 0.050439300 0.050352200 0.050947200 0.050923400 0.051027500 
[6] 0.051006700 0.050831400 0.051071400 0.050565300 0.052055700 0.050585500 0.050473600 0.050077500 0.050509900 0.050715000 
[7] 0.050748600 0.050518200 0.051055800 0.050842800 0.051693600 0.052092400 0.050633700 0.050170000 0.050784800 0.050519900 
[8] 0.050347600 0.051313100 0.068844300 0.051831600 0.052938500 0.052330000 0.051045700 0.050384900 0.051903800 0.053419800 
[9] 0.050550000 0.050503200 0.050793900 0.050746200 0.051021700 0.052385100 0.050855800 0.050666100 0.050764400 0.050556500 
[AVERAGE] 0.051258020 s
[STANDARD DEVIATION] 0.001892224 s

FEN: rnbqk2r/ppp2pp1/5n1p/3p4/1b1P3B/2N2N2/PP2PPPP/R2QKB1R b KQkq - 1 7
        [0]         [1]         [2]         [3]         [4]         [5]         [6]         [7]         [8]         [9]
[0] 0.029288400 0.029371500 0.030022000 0.029553700 0.028963400 0.029686400 0.029169800 0.029242200 0.030237300 0.029720900 
[1] 0.029584900 0.030597400 0.029464800 0.029227600 0.031461700 0.029226500 0.029640000 0.029070300 0.029281800 0.029098900 
[2] 0.029485100 0.030071600 0.029509000 0.031408800 0.030002700 0.029801800 0.029981900 0.029552500 0.029776100 0.029694500 
[3] 0.029586300 0.029653700 0.029237700 0.029296400 0.029961300 0.029512500 0.029333600 0.028962300 0.029189800 0.029645900 
[4] 0.029505900 0.030125100 0.029317600 0.029152300 0.029199800 0.029354000 0.029366300 0.029322200 0.030781600 0.029158400 
[5] 0.029302500 0.029186300 0.029423100 0.029456300 0.029663400 0.029375900 0.029061400 0.029324400 0.029375600 0.029250400 
[6] 0.029391600 0.029325400 0.029163300 0.029166500 0.029228000 0.028984200 0.029216000 0.029196200 0.031327400 0.030054500 
[7] 0.029592000 0.029314900 0.029397500 0.029120600 0.029031700 0.029308700 0.029219800 0.029086500 0.029381600 0.029162800 
[8] 0.029219300 0.029217600 0.029377100 0.029187000 0.029341500 0.029566100 0.029965500 0.031325300 0.029572700 0.029242800 
[9] 0.029027200 0.028954500 0.029226000 0.029400500 0.029254200 0.029490800 0.029502200 0.029498600 0.029351700 0.029527700 
[AVERAGE] 0.029511930 s
[STANDARD DEVIATION] 0.000503074 s

FEN: 2r5/1p2kp2/p3pn1P/6R1/6p1/2P3P1/2PR4/6K1 b - - 4 31
        [0]         [1]         [2]         [3]         [4]         [5]         [6]         [7]         [8]         [9]
[0] 0.009138500 0.009264800 0.009169300 0.009312500 0.009134900 0.008949400 0.009024700 0.009126600 0.009120400 0.009200000 
[1] 0.009300500 0.009059800 0.009132800 0.009084100 0.009187400 0.008967200 0.009118000 0.009289500 0.009151000 0.009302800 
[2] 0.009175000 0.009282200 0.009229300 0.009251100 0.009161400 0.009146100 0.009129500 0.009186500 0.008899200 0.009088900 
[3] 0.009254600 0.009074100 0.009155900 0.009160500 0.009052000 0.009167300 0.009154400 0.009088100 0.009066000 0.009253400 
[4] 0.008872800 0.009206000 0.009063600 0.009150900 0.009028300 0.009147400 0.009024900 0.009165700 0.009175300 0.009091700 
[5] 0.009329900 0.008879000 0.011012100 0.008912100 0.009131000 0.009103900 0.009215100 0.009311600 0.009158200 0.009623000 
[6] 0.009997800 0.009150700 0.009194300 0.009114800 0.009262600 0.009265200 0.009046800 0.009063200 0.009020700 0.009082800 
[7] 0.009116800 0.009071000 0.009274000 0.009169700 0.009183000 0.009065300 0.009338700 0.009079300 0.009266700 0.010105900 
[8] 0.009168300 0.009329900 0.009275800 0.009229400 0.009614600 0.009082900 0.009338700 0.009032100 0.009184900 0.009083500 
[9] 0.009194600 0.009067700 0.009076000 0.009042500 0.009219800 0.009393100 0.009178100 0.009234300 0.009121300 0.009231200 
[AVERAGE] 0.009195802 s
[STANDARD DEVIATION] 0.000252719 s

FEN: 1r4k1/p5p1/5p1p/q2p4/2rPn3/b1PQRN1P/P1RB1PP1/6K1 w - - 1 2
        [0]         [1]         [2]         [3]         [4]         [5]         [6]         [7]         [8]         [9]
[0] 0.023376800 0.023678600 0.023228300 0.023599900 0.023577000 0.023160300 0.023211000 0.025084500 0.023745300 0.025062900 
[1] 0.024170600 0.024756300 0.024978700 0.024029400 0.025253700 0.024979800 0.023804800 0.023591300 0.024041900 0.023464900 
[2] 0.024626900 0.023621700 0.023835400 0.024871000 0.024629200 0.024453500 0.024155800 0.024021100 0.024127400 0.023871700 
[3] 0.026304900 0.028537400 0.026997600 0.025933300 0.025480400 0.023630800 0.023952600 0.023869400 0.023859200 0.023893100 
[4] 0.024275700 0.023380900 0.023558600 0.023440700 0.023491400 0.023659900 0.023778600 0.023614600 0.024194900 0.023454200 
[5] 0.023370800 0.023352500 0.023309900 0.023393800 0.023372200 0.023428000 0.023425900 0.023738800 0.023515400 0.023680900 
[6] 0.023180000 0.023264000 0.023819900 0.023450800 0.023616800 0.023427100 0.023435500 0.023219600 0.024054000 0.023916800 
[7] 0.023512000 0.023429500 0.023591500 0.023532800 0.023195700 0.023454800 0.023663600 0.023853000 0.025041100 0.023771700 
[8] 0.023477600 0.023470400 0.023507100 0.023324900 0.023609300 0.023446200 0.023500600 0.023467000 0.023191600 0.023161700 
[9] 0.024145000 0.023227900 0.023434000 0.023318900 0.023100600 0.023291000 0.023654300 0.023656300 0.024181500 0.023858700 
[AVERAGE] 0.023893609 s
[STANDARD DEVIATION] 0.000832341 s

FEN: 5rk1/rNR2ppp/P3p3/3p4/2p5/2n1P3/R4PPP/6K1 w - - 0 1
        [0]         [1]         [2]         [3]         [4]         [5]         [6]         [7]         [8]         [9]
[0] 0.009798200 0.009768900 0.009764000 0.009862100 0.009804900 0.009855200 0.009791200 0.009859200 0.009883400 0.009797800 
[1] 0.009882100 0.009776600 0.009893400 0.009708900 0.009874600 0.009821900 0.009722800 0.010917600 0.010032400 0.009709600 
[2] 0.009612600 0.009852500 0.010119000 0.009843800 0.009839400 0.009835200 0.009916000 0.009880500 0.009621100 0.009893600 
[3] 0.009748100 0.009680900 0.009846500 0.009763300 0.009850100 0.009955900 0.009829900 0.009859000 0.009816000 0.009903700 
[4] 0.009897400 0.009792600 0.009880200 0.009707100 0.009979600 0.009831600 0.009852000 0.010076900 0.009658900 0.009859800 
[5] 0.009727900 0.009973600 0.009800900 0.009806000 0.009805800 0.009717300 0.009715500 0.009809700 0.009742600 0.009853200 
[6] 0.009731600 0.009925800 0.009774100 0.009816800 0.009678500 0.009780000 0.009692800 0.009818000 0.009654200 0.009801600 
[7] 0.009746100 0.009754600 0.009649700 0.009937400 0.009747700 0.009659700 0.009896800 0.009658800 0.010124400 0.010057100 
[8] 0.009709500 0.009890900 0.009637700 0.009993300 0.010042900 0.009682100 0.009622700 0.009814200 0.009803700 0.009908500 
[9] 0.009912700 0.009823900 0.009872400 0.009897500 0.009667400 0.009838600 0.009652200 0.009722600 0.009758300 0.009633900 
[AVERAGE] 0.009824712 s
[STANDARD DEVIATION] 0.000155887 s

FEN: r1bk2r1/ppp1n2p/3q3Q/1B2Np2/4n3/2P5/PP3PPP/RN3RK1 b - - 2 16
        [0]         [1]         [2]         [3]         [4]         [5]         [6]         [7]         [8]         [9]
[0] 0.070132000 0.070444100 0.070883400 0.071070000 0.071435900 0.071492900 0.070544000 0.077672000 0.077026100 0.085699300 
[1] 0.073492800 0.072862000 0.072646000 0.070738800 0.083612100 0.075075300 0.073441200 0.078844700 0.074086000 0.070810000 
[2] 0.071866200 0.070829900 0.071136100 0.071961500 0.069960100 0.070075300 0.070741600 0.072106100 0.071397000 0.071344600 
[3] 0.070840000 0.070525700 0.071209700 0.070694400 0.071237800 0.073229500 0.070838000 0.071443200 0.076744600 0.070852300 
[4] 0.070723000 0.070849100 0.070945300 0.071132500 0.071827200 0.071468200 0.070424600 0.070528200 0.070665000 0.070642900 
[5] 0.076785600 0.070888400 0.071125800 0.070656900 0.069913100 0.069957400 0.075315100 0.091805900 0.087663500 0.102851000 
[6] 0.074541000 0.093567200 0.073959300 0.070919600 0.069844900 0.071021400 0.069917700 0.070115200 0.069947700 0.069997500 
[7] 0.070436700 0.069979700 0.069940500 0.072150000 0.071195300 0.072432500 0.072879500 0.074633700 0.083299200 0.075764500 
[8] 0.071865000 0.071877000 0.070917600 0.070835700 0.071016800 0.070926200 0.071557500 0.070688900 0.071053200 0.071022200 
[9] 0.072791300 0.072762000 0.070013400 0.073363500 0.070949500 0.070344200 0.070529500 0.071445200 0.071244400 0.069757800 
[AVERAGE] 0.072987149 s
[STANDARD DEVIATION] 0.005238384 s

FEN: r2qkb1r/pp2nppp/3p4/2pNN1B1/2BnP3/3P4/PPP2PPP/R2bK2R w KQkq - 1 0
        [0]         [1]         [2]         [3]         [4]         [5]         [6]         [7]         [8]         [9]
[0] 0.050591800 0.051031600 0.051321400 0.050659200 0.051005200 0.052485200 0.056565300 0.053482700 0.057505700 0.054746600 
[1] 0.051290900 0.050599200 0.051188100 0.050760500 0.051481500 0.059932000 0.051360400 0.051136300 0.051293100 0.051458200 
[2] 0.051524600 0.052067900 0.051172200 0.052245100 0.051097100 0.054054900 0.052797800 0.051950700 0.051258200 0.050873000 
[3] 0.051387400 0.051097300 0.051366400 0.051595000 0.050855100 0.051124700 0.051268000 0.051156700 0.051626500 0.051497700 
[4] 0.050969200 0.050764500 0.051685900 0.050604500 0.050826400 0.053303700 0.051606400 0.051309800 0.052494900 0.051301700 
[5] 0.052495600 0.052757100 0.052878500 0.051985600 0.051805600 0.055068100 0.053204100 0.051325800 0.052390800 0.054373300 
[6] 0.052316100 0.050658600 0.050995200 0.050603700 0.054905200 0.051728900 0.051190500 0.051303800 0.051877600 0.051563100 
[7] 0.051788100 0.052067500 0.051113000 0.051291700 0.052349400 0.052851800 0.051856300 0.051284800 0.050917500 0.051401700 
[8] 0.051664500 0.051425000 0.051178500 0.054278400 0.051857400 0.050744700 0.050640600 0.050594600 0.050994700 0.051227500 
[9] 0.051330400 0.051485400 0.051722100 0.051118000 0.051087900 0.050824600 0.051171900 0.052168300 0.061453500 0.072468600 
[AVERAGE] 0.052185638 s
[STANDARD DEVIATION] 0.002684270 s

FEN: 1rb4r/pkPp3p/1b1P3n/1Q6/N3Pp2/8/P1P3PP/7K w - - 1 0
        [0]         [1]         [2]         [3]         [4]         [5]         [6]         [7]         [8]         [9]
[0] 0.011421700 0.014876400 0.013679800 0.013791200 0.012822600 0.011945100 0.011108600 0.010876300 0.010712500 0.012084400 
[1] 0.010846000 0.010598000 0.010842400 0.010501800 0.010425400 0.010439200 0.010285300 0.010402800 0.010324300 0.010881500 
[2] 0.010422200 0.010281100 0.010433400 0.010306500 0.010181500 0.010363000 0.010178700 0.010256800 0.011076900 0.012303100 
[3] 0.012281000 0.010385600 0.010347900 0.010260300 0.010370600 0.010312800 0.010305700 0.010353200 0.010180200 0.010245300 
[4] 0.010247200 0.010334000 0.010291300 0.010196700 0.010319100 0.010199900 0.010273900 0.010120400 0.010259400 0.010525400 
[5] 0.010289800 0.010369400 0.010114000 0.024771300 0.012006000 0.010208900 0.010335100 0.010500500 0.010406500 0.010520400 
[6] 0.010474500 0.010695400 0.010295800 0.010280300 0.010337100 0.010314100 0.010380300 0.010358400 0.010347200 0.010276100 
[7] 0.010259400 0.010288100 0.010348100 0.010318700 0.010383000 0.010123300 0.010400800 0.010174300 0.010643100 0.011924000 
[8] 0.010358800 0.010486400 0.010424000 0.010459000 0.010320700 0.010172300 0.010638100 0.010395100 0.010241500 0.010436300 
[9] 0.010243600 0.010631500 0.010094200 0.010414500 0.010486900 0.010187800 0.010382100 0.010375700 0.010308800 0.010390100 
[AVERAGE] 0.010780697 s
[STANDARD DEVIATION] 0.001618514 s

FEN: 4kb1r/p2n1ppp/4q3/4p1B1/4P3/1Q6/PPP2PPP/2KR4 w k - 1 0
        [0]         [1]         [2]         [3]         [4]         [5]         [6]         [7]         [8]         [9]
[0] 0.039465600 0.041602900 0.039386800 0.039340700 0.039117000 0.039120100 0.039042500 0.038777600 0.039461400 0.039609800 
[1] 0.040919600 0.039350400 0.039364000 0.039525500 0.039332300 0.039105100 0.039183900 0.039472100 0.040856400 0.039276700 
[2] 0.040563300 0.039998300 0.039149200 0.038909200 0.038889600 0.039212600 0.041682700 0.039627600 0.039792700 0.039060300 
[3] 0.039803300 0.039747000 0.038748200 0.039414600 0.039266700 0.039401700 0.039577300 0.039267800 0.039212800 0.038951400 
[4] 0.039712500 0.040733200 0.041638500 0.039364700 0.041069000 0.039295700 0.039425100 0.040706500 0.040705200 0.041995900 
[5] 0.041975600 0.042746700 0.039848700 0.039823400 0.039380900 0.040100400 0.040349400 0.039883300 0.040479200 0.041202200 
[6] 0.040045900 0.039583200 0.038858700 0.038800600 0.039982700 0.039891700 0.039265800 0.040084200 0.040066900 0.039502200 
[7] 0.039437200 0.039941800 0.040453300 0.039548200 0.039358400 0.039218500 0.042536700 0.039829700 0.040390600 0.039392800 
[8] 0.040008500 0.039726000 0.039284000 0.039577500 0.039290600 0.039947700 0.040872300 0.039344400 0.039365300 0.039130400 
[9] 0.039510300 0.039441100 0.039742700 0.040244200 0.041510400 0.040561800 0.039947500 0.039048100 0.039446500 0.039736100 
[AVERAGE] 0.039839473 s
[STANDARD DEVIATION] 0.000831705 s

FEN: r1b2k1r/ppp1bppp/8/1B1Q4/5q2/2P5/PPP2PPP/R3R1K1 w - - 1 0
        [0]         [1]         [2]         [3]         [4]         [5]         [6]         [7]         [8]         [9]
[0] 0.098102100 0.091531200 0.095013400 0.092935300 0.090329700 0.097052600 0.092943200 0.091623000 0.092078600 0.091502900 
[1] 0.091468200 0.098253200 0.095001500 0.093227300 0.095254500 0.093117200 0.093630300 0.094452000 0.091314300 0.094427400 
[2] 0.091039400 0.093750100 0.093882300 0.090929700 0.091566900 0.092999400 0.091292000 0.091459300 0.090802700 0.095736800 
[3] 0.093833300 0.093022000 0.095082400 0.092368500 0.093492800 0.094546100 0.092410900 0.089808800 0.092831900 0.094552300 
[4] 0.095157300 0.094358500 0.095375000 0.095113700 0.095851200 0.092528900 0.092447800 0.090329600 0.095458200 0.093723200 
[5] 0.093797200 0.095173100 0.092549300 0.095441000 0.094073300 0.092315800 0.094859400 0.092748900 0.092826900 0.098292300 
[6] 0.090491900 0.090849100 0.090820200 0.091565900 0.093051800 0.091730000 0.090716400 0.096363300 0.093459700 0.092470400 
[7] 0.094014000 0.090571300 0.090804600 0.094204800 0.093920200 0.093697800 0.094409800 0.095418500 0.093507700 0.095534200 
[8] 0.101169000 0.091339800 0.089904900 0.092610100 0.091255000 0.090558200 0.094561900 0.092555500 0.090685700 0.091899700 
[9] 0.090479900 0.090694300 0.092928100 0.090729800 0.092793700 0.090058600 0.090280200 0.093328900 0.092599100 0.091983500 
[AVERAGE] 0.093111036 s
[STANDARD DEVIATION] 0.002090272 s

FEN: 5rkr/pp2Rp2/1b1p1Pb1/3P2Q1/2n3P1/2p5/P4P2/4R1K1 w - - 1 0
        [0]         [1]         [2]         [3]         [4]         [5]         [6]         [7]         [8]         [9]
[0] 0.029658900 0.032114700 0.035149000 0.030824300 0.030001000 0.031300400 0.029404000 0.034158500 0.029990900 0.029440200 
[1] 0.029854200 0.029587500 0.032670300 0.031038000 0.030405800 0.029951100 0.030656200 0.029722500 0.029611000 0.029564200 
[2] 0.029437800 0.030354300 0.029874500 0.029430000 0.031039300 0.030681200 0.029961500 0.029910300 0.029467500 0.029858100 
[3] 0.030041900 0.030065800 0.030396900 0.029886200 0.029680900 0.029441600 0.029543400 0.029577600 0.029905600 0.030019500 
[4] 0.031057900 0.029239800 0.029623700 0.029360300 0.029492500 0.029280800 0.029515000 0.030077700 0.029836400 0.029797300 
[5] 0.029265100 0.029397400 0.029343100 0.029651100 0.029631900 0.029870200 0.029420800 0.030182600 0.031453000 0.030126200 
[6] 0.029688000 0.029392800 0.029461000 0.029523700 0.029637600 0.029670900 0.029695000 0.029925600 0.029962700 0.029939600 
[7] 0.029655500 0.029520900 0.029499200 0.029260400 0.029477800 0.031725100 0.030096400 0.029436500 0.030720200 0.031462900 
[8] 0.030448000 0.030078900 0.030022600 0.029695600 0.029730600 0.029727000 0.029777700 0.029662800 0.036363700 0.036854600 
[9] 0.029394600 0.041364800 0.031823900 0.033897500 0.030389400 0.031825800 0.029681800 0.029671200 0.029668100 0.031866100 
[AVERAGE] 0.030389959 s
[STANDARD DEVIATION] 0.001757364 s

FEN: rnbqk2r/p4p2/2pbpn1p/1p4p1/2pPP3/2N2NB1/PP2BPPP/R2QK2R w KQkq - 2 10
        [0]         [1]         [2]         [3]         [4]         [5]         [6]         [7]         [8]         [9]
[0] 0.045284000 0.044551100 0.043574300 0.043355700 0.043611400 0.044609800 0.044957100 0.044519100 0.043813200 0.043590200 
[1] 0.044084800 0.043571500 0.044486300 0.045133100 0.043852000 0.043966200 0.045774100 0.043831700 0.043441200 0.043573000 
[2] 0.043274100 0.043355100 0.043324200 0.043103300 0.044163100 0.043403800 0.043371800 0.043872500 0.043537900 0.043176600 
[3] 0.043558100 0.043293000 0.043166700 0.043555800 0.043146100 0.043517900 0.044011100 0.043604700 0.043245000 0.049252600 
[4] 0.044012800 0.043529400 0.043452500 0.043797800 0.043411500 0.043467300 0.043643200 0.043423700 0.043581500 0.043896600 
[5] 0.044303400 0.044544100 0.043801000 0.043804700 0.043500500 0.043675700 0.044039900 0.043759800 0.045002600 0.044023600 
[6] 0.043807900 0.045362900 0.044566500 0.044732900 0.043601500 0.043731100 0.043374800 0.043624600 0.044086800 0.045175400 
[7] 0.051404400 0.048262300 0.044615400 0.049641800 0.050713500 0.050471300 0.050455000 0.048071600 0.046108200 0.044827600 
[8] 0.044894600 0.047897100 0.045513400 0.046024200 0.044356300 0.044182000 0.045889000 0.045702100 0.044657500 0.045458200 
[9] 0.044762900 0.044166200 0.043861800 0.044138800 0.044112400 0.044410200 0.043384900 0.043598200 0.045743500 0.044019200 
[AVERAGE] 0.044585928 s
[STANDARD DEVIATION] 0.001761835 s

FEN: r1bqk2r/ppp1nppp/2np4/2b1p1N1/2B1P3/3P4/PPP2PPP/RNBQK2R w KQkq - 2 6
        [0]         [1]         [2]         [3]         [4]         [5]         [6]         [7]         [8]         [9]
[0] 0.042720700 0.042442700 0.041723400 0.042745100 0.042207000 0.041230300 0.042735700 0.041616000 0.040216500 0.039696400 
[1] 0.039819000 0.039788400 0.040054900 0.039945800 0.042265100 0.043814100 0.042481500 0.041936300 0.042386700 0.044783100 
[2] 0.041317500 0.040150300 0.040295200 0.041814700 0.042304100 0.042539000 0.043794400 0.043094600 0.040158300 0.041717400 
[3] 0.042008800 0.039648600 0.040495200 0.040520100 0.039618100 0.041519400 0.039765800 0.039870300 0.039638600 0.040593400 
[4] 0.039672100 0.040803600 0.041438500 0.039917900 0.039736500 0.040126000 0.041161000 0.043870000 0.041642300 0.041522700 
[5] 0.041772800 0.041465500 0.042471900 0.045786400 0.043028000 0.044781000 0.046451400 0.041162700 0.044722700 0.039960300 
[6] 0.039514500 0.039630100 0.041684000 0.040412700 0.039653700 0.043078600 0.045032500 0.044592600 0.042997100 0.043282400 
[7] 0.042943700 0.043592200 0.044323200 0.043660400 0.041726500 0.043522600 0.041768800 0.042546600 0.041299200 0.042589500 
[8] 0.041957400 0.040766500 0.041439700 0.041294400 0.040178600 0.039569600 0.041682900 0.040338400 0.040084700 0.047749000 
[9] 0.040296600 0.039843000 0.039663700 0.039792600 0.039781400 0.040187100 0.040386000 0.040576500 0.043782300 0.042517800 
[AVERAGE] 0.041667049 s
[STANDARD DEVIATION] 0.001725889 s

FEN: 8/pK1p3p/7p/1P4N1/8/6k1/5r2/8 w - - 0 2
        [0]         [1]         [2]         [3]         [4]         [5]         [6]         [7]         [8]         [9]
[0] 0.002134100 0.002276500 0.002176300 0.002060700 0.002102900 0.002245900 0.002319500 0.002016700 0.002056700 0.002012800 
[1] 0.002196700 0.002219400 0.002452800 0.002045800 0.002104300 0.002125400 0.002188600 0.002013100 0.002256300 0.002100600 
[2] 0.002248400 0.002013500 0.002053300 0.002015300 0.002076500 0.002353000 0.002017000 0.002047600 0.002016200 0.002172500 
[3] 0.002216100 0.002014200 0.002049500 0.002016200 0.002435800 0.002219000 0.002772800 0.002297900 0.002474600 0.002192500 
[4] 0.002072800 0.002382100 0.002082600 0.002247300 0.002102900 0.002066600 0.002072100 0.002098700 0.002375400 0.002180800 
[5] 0.002074800 0.002064200 0.002289900 0.002212200 0.002100100 0.002015300 0.002012900 0.002317000 0.002127200 0.002027500 
[6] 0.002101500 0.002154800 0.002278000 0.002100900 0.002017700 0.002119500 0.002094800 0.002193400 0.002044000 0.002014400 
[7] 0.002116500 0.002318900 0.002051800 0.002046800 0.002017600 0.002014000 0.002236800 0.002058000 0.002016200 0.002020800 
[8] 0.002137600 0.002429800 0.002247100 0.002016000 0.002015200 0.002332000 0.002063800 0.002090900 0.002013400 0.002012500 
[9] 0.002473700 0.002051900 0.002058700 0.002056800 0.002053100 0.002189200 0.002093700 0.002046500 0.002013400 0.002187800 
[AVERAGE] 0.002143289 s
[STANDARD DEVIATION] 0.000138227 s

FEN: 8/1p4pk/p4b1p/4p3/1P2P1q1/P1R2NPn/7P/3Q1B1K b - - 0 2
        [0]         [1]         [2]         [3]         [4]         [5]         [6]         [7]         [8]         [9]
[0] 0.024759300 0.026564500 0.025338100 0.026048200 0.024450900 0.024664900 0.025529900 0.025420600 0.024330000 0.024721900 
[1] 0.024906000 0.024304500 0.026443700 0.025598800 0.024511200 0.024689000 0.024124400 0.026018700 0.024669800 0.024477900 
[2] 0.024492200 0.025949200 0.027623700 0.031445400 0.024715600 0.024709300 0.024389100 0.024123400 0.024326900 0.024031700 
[3] 0.025047700 0.024486600 0.025695500 0.027424500 0.026000200 0.025294600 0.024455200 0.024406000 0.025057500 0.024362600 
[4] 0.024758800 0.024202500 0.024851600 0.025211400 0.025553000 0.025284900 0.024653700 0.024283200 0.024345300 0.024066600 
[5] 0.025127600 0.024358000 0.024564300 0.024186000 0.024394200 0.024324800 0.024542900 0.024263900 0.024310000 0.024572400 
[6] 0.024260300 0.024627800 0.024158600 0.024389100 0.024376200 0.024753700 0.024653500 0.024140800 0.024354000 0.024497900 
[7] 0.024583500 0.024327800 0.024219300 0.024119300 0.025062100 0.028341700 0.025253700 0.024554900 0.024987700 0.026091900 
[8] 0.025848500 0.024975000 0.024995800 0.024934000 0.024163400 0.025809800 0.026525200 0.025783900 0.025481000 0.026417500 
[9] 0.025505500 0.024515600 0.024888700 0.028485800 0.026336000 0.024677600 0.025082100 0.025888500 0.026245400 0.024776200 
[AVERAGE] 0.025085536 s
[STANDARD DEVIATION] 0.001095794 s

FEN: 2r5/2P4R/p3kp1p/n3pNpP/4P1P1/8/3b1P2/6K1 w - - 0 2
        [0]         [1]         [2]         [3]         [4]         [5]         [6]         [7]         [8]         [9]
[0] 0.004744600 0.004565700 0.004939000 0.004690500 0.004711600 0.004324500 0.004440300 0.004276800 0.004697400 0.004475500 
[1] 0.004264300 0.004398400 0.004462000 0.004785000 0.004454000 0.004329000 0.004272400 0.004576500 0.004199700 0.004164600 
[2] 0.004554400 0.004232000 0.004374000 0.004863000 0.004326500 0.004296200 0.004265600 0.004204600 0.005325400 0.004645400 
[3] 0.004480000 0.004589900 0.004427500 0.004346700 0.004224200 0.004499800 0.004138400 0.004217500 0.004326300 0.004314900 
[4] 0.004469500 0.004137200 0.004572500 0.004271800 0.004242100 0.004660500 0.004784600 0.004605000 0.004430500 0.004590000 
[5] 0.004419300 0.004441900 0.004557800 0.004263800 0.004639700 0.004390800 0.004498500 0.004464900 0.004688300 0.004242600 
[6] 0.004567400 0.004174100 0.004289200 0.004376100 0.004270200 0.004267300 0.004117200 0.005164800 0.004524400 0.004641700 
[7] 0.004601600 0.004484300 0.004173200 0.004185000 0.004742100 0.004108700 0.004594900 0.004064000 0.004420000 0.004179900 
[8] 0.004122600 0.004687400 0.004698100 0.004779300 0.004425600 0.004320000 0.004213600 0.004321900 0.004351800 0.004071300 
[9] 0.004885100 0.004149800 0.004423600 0.005120500 0.004830300 0.004575600 0.004560100 0.004402300 0.004568500 0.004490200 
[AVERAGE] 0.004457391 s
[STANDARD DEVIATION] 0.000243056 s

FEN: r3k2r/5ppp/p2q2b1/1p2p3/5BP1/7P/PPP1QP2/R5K1 w kq - 0 2
        [0]         [1]         [2]         [3]         [4]         [5]         [6]         [7]         [8]         [9]
[0] 0.043756600 0.042421800 0.044338600 0.042185800 0.043545300 0.044105200 0.044379400 0.042070100 0.042439400 0.042578200 
[1] 0.044291700 0.044236800 0.042650300 0.041606100 0.041778400 0.041893600 0.042421900 0.042664200 0.042050000 0.042533000 
[2] 0.042964400 0.043980600 0.042192500 0.042430100 0.043283900 0.042299900 0.044026700 0.042195000 0.041765300 0.042760000 
[3] 0.044291400 0.048281000 0.042662300 0.041912800 0.043942700 0.042078500 0.042933600 0.042597000 0.041831500 0.041531000 
[4] 0.043517800 0.041884500 0.043891400 0.043249400 0.044948800 0.042737900 0.041761200 0.041962900 0.043018000 0.042274300 
[5] 0.044182000 0.042848400 0.042808200 0.043089700 0.043252400 0.043577600 0.044333400 0.042487700 0.041895700 0.042271800 
[6] 0.044639200 0.044482900 0.042442800 0.044482800 0.043796900 0.041922700 0.042080600 0.043541100 0.042932400 0.042530200 
[7] 0.041882700 0.042529500 0.042680200 0.041999800 0.041713800 0.041844500 0.042602500 0.043272500 0.042679400 0.041978200 
[8] 0.041922400 0.043839800 0.050719000 0.044940900 0.043733600 0.041974900 0.041885300 0.042114700 0.045238300 0.044680000 
[9] 0.047257500 0.046470300 0.049203600 0.046366900 0.042929400 0.044137900 0.042331200 0.042019000 0.043293800 0.044477400 
[AVERAGE] 0.043234703 s
[STANDARD DEVIATION] 0.001576095 s

FEN: 5bk1/pp3Qpn/3q4/4NpP1/2p2P2/7P/4K3/8 b - - 0 2
        [0]         [1]         [2]         [3]         [4]         [5]         [6]         [7]         [8]         [9]
[0] 0.005722500 0.005873900 0.006855900 0.006024500 0.005363500 0.005369100 0.005627900 0.005743500 0.005469100 0.005281300 
[1] 0.005472000 0.005550500 0.005571400 0.005273800 0.006157800 0.005496400 0.005878100 0.005964300 0.005689100 0.006221400 
[2] 0.005870400 0.006852200 0.005883200 0.005678700 0.006012800 0.006135200 0.005751700 0.005735000 0.005977700 0.005566500 
[3] 0.005697200 0.005933500 0.005323500 0.005850700 0.005732100 0.005390800 0.005391100 0.005371700 0.005374600 0.005320100 
[4] 0.005594000 0.005273900 0.005359000 0.005772900 0.005386200 0.005484200 0.005438700 0.005506500 0.005558000 0.005658100 
[5] 0.005691600 0.005399500 0.005493600 0.005188700 0.005517700 0.005305500 0.005536100 0.005357400 0.005427000 0.005422700 
[6] 0.005460000 0.005211200 0.005546800 0.005175600 0.005307100 0.005304500 0.005262200 0.005380900 0.005437000 0.005527300 
[7] 0.005102100 0.005555100 0.005394400 0.005732400 0.005299200 0.005628300 0.005280000 0.005386800 0.005885900 0.005302300 
[8] 0.005767200 0.005786700 0.006099100 0.005587100 0.005751200 0.005647300 0.005317800 0.005456300 0.005952200 0.005763900 
[9] 0.005225900 0.005459400 0.005893700 0.005534600 0.005496300 0.005212300 0.006150900 0.005817600 0.005529800 0.005228300 
[AVERAGE] 0.005596827 s
[STANDARD DEVIATION] 0.000312046 s

FEN: 3r1r1k/p4q1n/1p5p/2p1bp1n/P2p3N/8/1PPQ1B1P/1K1R2R1 w - - 0 2
        [0]         [1]         [2]         [3]         [4]         [5]         [6]         [7]         [8]         [9]
[0] 0.061169400 0.061681000 0.059197000 0.060807500 0.060641600 0.059548600 0.061441700 0.060373200 0.058924800 0.058902500 
[1] 0.060118200 0.063502400 0.062363900 0.058983200 0.058394400 0.062550300 0.063567100 0.060097400 0.058897600 0.057487100 
[2] 0.058197300 0.058105800 0.058193800 0.058981700 0.057747600 0.058899000 0.058270400 0.058651700 0.057998900 0.058474700 
[3] 0.057798400 0.058402800 0.059042800 0.060013800 0.059749600 0.059639700 0.058833600 0.057899200 0.058092000 0.058001800 
[4] 0.058126500 0.058165500 0.057901600 0.058617100 0.058323300 0.058510600 0.058650000 0.058607300 0.057776800 0.058407800 
[5] 0.059438700 0.060085600 0.058288900 0.058265200 0.057778200 0.058633100 0.058379200 0.059911800 0.059393100 0.059258700 
[6] 0.059566100 0.058681700 0.058939900 0.058269100 0.057843100 0.058472200 0.057995100 0.057510900 0.061970500 0.058859300 
[7] 0.058281100 0.057946500 0.057652700 0.058825500 0.059307700 0.058766600 0.059968800 0.058628600 0.059494200 0.057951300 
[8] 0.058090600 0.058135100 0.057966400 0.059701400 0.058404000 0.061892300 0.060626000 0.064889300 0.064868200 0.065842500 
[9] 0.063543100 0.062868100 0.060260100 0.059403200 0.058275500 0.057997900 0.058363000 0.059703000 0.059743000 0.059371400 
[AVERAGE] 0.059370375 s
[STANDARD DEVIATION] 0.001725382 s

FEN: r7/6kp/3pp1p1/8/4P3/5P2/5BPP/rR4K1 w - - 0 2
        [0]         [1]         [2]         [3]         [4]         [5]         [6]         [7]         [8]         [9]
[0] 0.009450300 0.009545200 0.009464500 0.009656200 0.009446900 0.009620000 0.009521400 0.009457200 0.009638500 0.010510200 
[1] 0.009828200 0.009501100 0.009636800 0.009511300 0.009703200 0.009588000 0.009469200 0.009153300 0.009659800 0.009316000 
[2] 0.009357300 0.009485300 0.009276800 0.009417900 0.009311700 0.009382100 0.009332900 0.009331800 0.009267600 0.009435800 
[3] 0.009370400 0.009320200 0.009606000 0.009208500 0.009482300 0.009291200 0.009242900 0.009548400 0.009436300 0.009292900 
[4] 0.009522600 0.009248000 0.009348700 0.009241000 0.009289700 0.009226700 0.009342400 0.009190300 0.009285400 0.009294700 
[5] 0.009380000 0.009395500 0.009245200 0.009463000 0.009292400 0.009476500 0.009299400 0.009422000 0.009282100 0.009466100 
[6] 0.009540800 0.009767600 0.009495800 0.009550200 0.009190400 0.009500000 0.009217800 0.009649900 0.009276000 0.009457400 
[7] 0.009420000 0.009308700 0.009434000 0.009259200 0.009409200 0.009297900 0.009498300 0.009287500 0.009626800 0.009520100 
[8] 0.009267700 0.009191500 0.009231100 0.009391900 0.009500500 0.009318200 0.009400500 0.009395500 0.009416600 0.009273300 
[9] 0.009706900 0.009347000 0.010486700 0.009376700 0.009722600 0.009379800 0.009565100 0.009470600 0.009391200 0.009380000 
[AVERAGE] 0.009437083 s
[STANDARD DEVIATION] 0.000208440 s

FEN: 2r1n1k1/1bq2pp1/p3p2p/8/1P1R1Q2/2N2P1P/1P3P2/1B4K1 b - - 0 2
        [0]         [1]         [2]         [3]         [4]         [5]         [6]         [7]         [8]         [9]
[0] 0.037365400 0.037526300 0.039709300 0.040920100 0.039773000 0.038781300 0.038280500 0.038473000 0.037623900 0.039169000 
[1] 0.039555200 0.039173400 0.038602400 0.037807000 0.037597300 0.038755800 0.038723900 0.038393700 0.038477700 0.037979400 
[2] 0.037688700 0.038345900 0.038331000 0.037942400 0.037935400 0.038335900 0.038913800 0.039598500 0.038064900 0.040542600 
[3] 0.038591600 0.038217800 0.038443700 0.038729600 0.044165200 0.040444600 0.039417900 0.040459000 0.038241400 0.039925700 
[4] 0.040886700 0.039199300 0.038762200 0.037717200 0.037403700 0.038426200 0.038119300 0.037998100 0.038149000 0.038279100 
[5] 0.038021600 0.037759200 0.038399400 0.039652900 0.045768500 0.046131900 0.040275200 0.041822700 0.041357500 0.039919800 
[6] 0.039347800 0.037547600 0.037792700 0.037602000 0.037893600 0.038125000 0.039515100 0.041778900 0.041821600 0.041212300 
[7] 0.037586300 0.037520900 0.037423100 0.037612100 0.037625000 0.037500900 0.037964500 0.037941700 0.037823200 0.037711900 
[8] 0.041212700 0.040645900 0.040554500 0.040243300 0.040729000 0.039622500 0.038829700 0.041565600 0.039482200 0.038273900 
[9] 0.038741800 0.039024400 0.039438000 0.038684100 0.039011400 0.038165000 0.038492900 0.038946300 0.039264600 0.039329200 
[AVERAGE] 0.039086759 s
[STANDARD DEVIATION] 0.001604178 s

FEN: 4rb2/5kp1/1p2p2p/5p2/1PP5/2Bq1NP1/5P1P/4R1K1 w - - 0 2
        [0]         [1]         [2]         [3]         [4]         [5]         [6]         [7]         [8]         [9]
[0] 0.018717500 0.019419100 0.018594400 0.018709800 0.018659600 0.018418600 0.019389900 0.019036100 0.019031300 0.018843500 
[1] 0.019090900 0.018696000 0.020865400 0.018823400 0.018731600 0.018603300 0.018473100 0.018863900 0.019684300 0.019170500 
[2] 0.019717900 0.019803100 0.019019700 0.020421600 0.020915100 0.020643700 0.020772700 0.020166000 0.019871700 0.019593400 
[3] 0.020086600 0.019675400 0.020089500 0.019756500 0.019692700 0.019976800 0.020715900 0.020554000 0.020543800 0.020531200 
[4] 0.020152200 0.019745200 0.020020400 0.020462700 0.019755700 0.019649300 0.018704900 0.018453800 0.018742900 0.018332800 
[5] 0.018540500 0.018229900 0.018450700 0.018232100 0.018241900 0.018201600 0.018357300 0.018431200 0.018419200 0.018096400 
[6] 0.018452800 0.018342600 0.018917100 0.019717400 0.019641000 0.018825400 0.018719900 0.018912300 0.018274100 0.018687000 
[7] 0.018530700 0.018401600 0.018347300 0.018894900 0.018616200 0.018153900 0.018274900 0.018331100 0.018257900 0.018512800 
[8] 0.018825200 0.019088200 0.018362000 0.019182900 0.018577100 0.018564000 0.018412200 0.019078800 0.018657000 0.018446700 
[9] 0.018791300 0.019163700 0.018714400 0.018719900 0.018518800 0.019390900 0.018948300 0.018327000 0.019114700 0.019059500 
[AVERAGE] 0.019083437 s
[STANDARD DEVIATION] 0.000746085 s

FEN: 6k1/5p2/6p1/8/7p/8/6PP/6K1 b - - 0 0
        [0]         [1]         [2]         [3]         [4]         [5]         [6]         [7]         [8]         [9]
[0] 0.000127400 0.000120500 0.000118700 0.000117400 0.000117700 0.000303100 0.000180300 0.000118000 0.000118300 0.000117100 
[1] 0.000132100 0.000217100 0.000116500 0.000128700 0.000114200 0.000175200 0.000114300 0.000114100 0.000113700 0.000114400 
[2] 0.000114000 0.000113600 0.000114000 0.000113800 0.000113700 0.000114100 0.000114400 0.000113400 0.000113500 0.000113400 
[3] 0.000113900 0.000114000 0.000131000 0.000157500 0.000113700 0.000113800 0.000113600 0.000113500 0.000113800 0.000114000 
[4] 0.000113900 0.000114000 0.000113700 0.000113500 0.000113800 0.000113600 0.000113500 0.000113700 0.000113600 0.000113700 
[5] 0.000113900 0.000113800 0.000113700 0.000114100 0.000128800 0.000141400 0.000114100 0.000113300 0.000113400 0.000113700 
[6] 0.000113400 0.000113500 0.000113700 0.000113600 0.000113600 0.000114000 0.000113900 0.000113800 0.000113700 0.000113700 
[7] 0.000113600 0.000113500 0.000113600 0.000114400 0.000113600 0.000113500 0.000113400 0.000114000 0.000113700 0.000113900 
[8] 0.000113800 0.000113700 0.000114000 0.000113600 0.000113600 0.000113700 0.000113900 0.000114000 0.000113900 0.000182200 
[9] 0.000113800 0.000113800 0.000113900 0.000113400 0.000146100 0.000244100 0.000175700 0.000130700 0.000116600 0.000116700 
[AVERAGE] 0.000122980 s
[STANDARD DEVIATION] 0.000027784 s

FEN: 3k4/2n2B2/1KP5/2B2p2/5b1p/7P/8/8 b - - 0 0
        [0]         [1]         [2]         [3]         [4]         [5]         [6]         [7]         [8]         [9]
[0] 0.003232500 0.002940700 0.003476100 0.003212400 0.003108600 0.003115500 0.003159900 0.003055100 0.002934300 0.003469600 
[1] 0.003000400 0.002979800 0.003153500 0.003125500 0.002936400 0.003516700 0.003167300 0.003139900 0.003197200 0.002998900 
[2] 0.003158000 0.003061700 0.003225000 0.002996900 0.002966800 0.003142700 0.003115300 0.003025900 0.003220500 0.003015700 
[3] 0.003066900 0.003357900 0.003075900 0.003111100 0.003168000 0.002939900 0.003187200 0.003006900 0.003106700 0.003053100 
[4] 0.003008200 0.003171400 0.003077600 0.003111100 0.003196200 0.002965600 0.003020800 0.003358200 0.002943000 0.003055600 
[5] 0.003057100 0.003107300 0.002973400 0.003164800 0.003187900 0.002967000 0.003289400 0.003318700 0.003146100 0.003074700 
[6] 0.003237500 0.002978200 0.003101400 0.003168800 0.002981300 0.003353700 0.003395200 0.003068800 0.003016800 0.003104300 
[7] 0.003210700 0.003032300 0.003023800 0.003421600 0.003207900 0.003193500 0.003233700 0.003057700 0.003129000 0.003140800 
[8] 0.002941200 0.002939500 0.003207100 0.003088600 0.002939600 0.003024800 0.003222500 0.002936000 0.002935500 0.003262600 
[9] 0.002937200 0.002938800 0.003211800 0.002974200 0.002937100 0.003680200 0.003080000 0.002939900 0.003058000 0.003115800 
[AVERAGE] 0.003115439 s
[STANDARD DEVIATION] 0.000145236 s

FEN: r7/4R2P/3p4/3k1K2/2p5/8/8/8 b - - 0 0
        [0]         [1]         [2]         [3]         [4]         [5]         [6]         [7]         [8]         [9]
[0] 0.003405500 0.003535300 0.003782900 0.004283000 0.004021000 0.003680000 0.003646200 0.003729100 0.003507800 0.003469600 
[1] 0.003705500 0.003442800 0.003661600 0.003395300 0.003392800 0.003605300 0.003433700 0.003553600 0.003675400 0.003486900 
[2] 0.003351900 0.003741800 0.003401800 0.003453000 0.003775600 0.003354300 0.003420000 0.003583200 0.003434000 0.003644300 
[3] 0.003485700 0.003354300 0.003574900 0.003503300 0.003351700 0.003695500 0.003788900 0.003394400 0.003586600 0.003673600 
[4] 0.003368300 0.003546700 0.003494400 0.003423900 0.003665400 0.003425700 0.003752100 0.003467100 0.003424200 0.003651700 
[5] 0.003435800 0.003483400 0.003575400 0.003427500 0.003501200 0.003582500 0.003431400 0.003410200 0.003571800 0.003571800 
[6] 0.003485400 0.003503400 0.003441500 0.003561000 0.003491100 0.003438700 0.003634400 0.003356400 0.003925800 0.003750700 
[7] 0.003750800 0.003880600 0.003986000 0.003656400 0.003838300 0.003634500 0.003755600 0.003916900 0.003700600 0.003920200 
[8] 0.003644200 0.003714500 0.003750200 0.003480300 0.003735300 0.003698600 0.003439400 0.003443500 0.003807100 0.003383700 
[9] 0.003480200 0.003655900 0.003354400 0.003604600 0.003610200 0.003451500 0.003638700 0.003432800 0.003349900 0.003640400 
[AVERAGE] 0.003581363 s
[STANDARD DEVIATION] 0.000174219 s

FEN: 8/8/5p2/1P1K1k2/8/2r5/8/7R w - - 0 0
        [0]         [1]         [2]         [3]         [4]         [5]         [6]         [7]         [8]         [9]
[0] 0.002829200 0.002698300 0.002696900 0.003004900 0.002696100 0.002696300 0.003166000 0.002760600 0.002803500 0.002697700 
[1] 0.003139300 0.002698500 0.003131800 0.003079500 0.002829900 0.002693600 0.002961500 0.002944000 0.002797800 0.002698600 
[2] 0.003138400 0.002765300 0.002727800 0.002770800 0.002957300 0.002800200 0.002697000 0.003002700 0.002865400 0.002795900 
[3] 0.002759300 0.002980000 0.002764400 0.002695700 0.003047300 0.002788900 0.002760000 0.002694600 0.002979700 0.002978900 
[4] 0.002695100 0.002915900 0.002786600 0.002755100 0.002697400 0.002935900 0.003094700 0.002736000 0.002897700 0.002699000 
[5] 0.002760400 0.002695700 0.003194700 0.002742800 0.002725600 0.002805500 0.002787200 0.002851200 0.002738300 0.002910500 
[6] 0.002738600 0.002729200 0.002728500 0.002869300 0.002864000 0.002730400 0.002919200 0.002693500 0.002961200 0.002853500 
[7] 0.002865100 0.002725300 0.002837200 0.002900100 0.002689800 0.002961000 0.002695800 0.002876600 0.002733200 0.002731200 
[8] 0.002906600 0.002692900 0.002863900 0.002994600 0.002900200 0.002863100 0.002729200 0.003116200 0.002694700 0.002744200 
[9] 0.002729000 0.002956800 0.002833500 0.002893200 0.002925000 0.002739400 0.002823600 0.002812900 0.002928300 0.002839000 
[AVERAGE] 0.002835079 s
[STANDARD DEVIATION] 0.000129736 s

FEN: 5n2/R7/4pk2/8/5PK1/8/8/8 b - - 0 0
        [0]         [1]         [2]         [3]         [4]         [5]         [6]         [7]         [8]         [9]
[0] 0.000759100 0.000907500 0.000753300 0.000833800 0.000752100 0.000779800 0.000914100 0.000749700 0.000748500 0.000749300 
[1] 0.000750100 0.000779500 0.000750100 0.000749700 0.000856000 0.000749800 0.000749800 0.000837000 0.000809600 0.000893900 
[2] 0.000749300 0.000749800 0.000749000 0.000749400 0.000750200 0.000922500 0.000750300 0.000811600 0.000749400 0.000750000 
[3] 0.000822000 0.000809800 0.000848400 0.000835200 0.000749700 0.000750700 0.000750400 0.000778800 0.000748300 0.000751900 
[4] 0.000810500 0.000750700 0.000749700 0.000852100 0.000794000 0.000864600 0.000751000 0.000748600 0.000748400 0.000749900 
[5] 0.000934500 0.000751500 0.000748200 0.000812100 0.000750500 0.000750500 0.000810900 0.001010000 0.000763400 0.000750600 
[6] 0.000750500 0.000749300 0.000749200 0.000748600 0.000750400 0.000749200 0.000748800 0.000843000 0.000750400 0.000909800 
[7] 0.000940900 0.000748900 0.000748200 0.000749400 0.000748500 0.000779400 0.000750000 0.000748800 0.000749000 0.000749500 
[8] 0.000832600 0.000748300 0.000823400 0.000928000 0.000749300 0.000748900 0.000750000 0.000749800 0.000778700 0.000752100 
[9] 0.000748900 0.000749000 0.000748900 0.000872500 0.000766800 0.000879800 0.000882200 0.000749500 0.000750800 0.000750300 
[AVERAGE] 0.000785727 s
[STANDARD DEVIATION] 0.000058355 s

FEN: 3Q4/8/1k6/7p/p1p4P/2q3PB/7K/8 b - - 0 0
        [0]         [1]         [2]         [3]         [4]         [5]         [6]         [7]         [8]         [9]
[0] 0.003376400 0.003665500 0.003436700 0.003369200 0.003751800 0.003454500 0.003364900 0.003681300 0.003368500 0.003364900 
[1] 0.003824800 0.003384200 0.003366500 0.003781700 0.003364900 0.003364200 0.003832500 0.003367900 0.003438200 0.003653500 
[2] 0.003364500 0.003843600 0.003428500 0.003367100 0.003700600 0.003447800 0.003367100 0.004303900 0.003404400 0.003441000 
[3] 0.003692100 0.003411600 0.003528800 0.003559900 0.003465700 0.003570700 0.003432100 0.003408500 0.003714000 0.003484100 
[4] 0.003408700 0.003569900 0.003570900 0.003363300 0.003733900 0.003366200 0.003367600 0.003607800 0.003528000 0.003520600 
[5] 0.003672100 0.003407100 0.003571000 0.003498500 0.003401500 0.003575200 0.003397200 0.003580700 0.003567800 0.003408500 
[6] 0.003411400 0.003569300 0.003567900 0.003364400 0.003581300 0.003446700 0.003366700 0.003718700 0.003457100 0.003412700 
[7] 0.003537300 0.003550200 0.003495300 0.003489400 0.003399600 0.003584200 0.003698300 0.004248200 0.004400300 0.003801000 
[8] 0.003811100 0.003537200 0.003524800 0.003636700 0.003383800 0.003450400 0.003734700 0.003530900 0.003407300 0.003630600 
[9] 0.003411300 0.003456200 0.003506000 0.003649400 0.003402500 0.003669800 0.003370600 0.003691400 0.003367000 0.003507100 
[AVERAGE] 0.003540434 s
[STANDARD DEVIATION] 0.000191849 s

FEN: 4q3/2R4P/5R2/1p6/p3k3/P7/KP6/8 b - - 0 0
        [0]         [1]         [2]         [3]         [4]         [5]         [6]         [7]         [8]         [9]
[0] 0.009958200 0.010069800 0.009943300 0.010217800 0.009993700 0.010146500 0.010008600 0.010147900 0.010642300 0.010547600 
[1] 0.011134300 0.010562800 0.010680500 0.010537800 0.011459200 0.010469700 0.010752900 0.010932800 0.010748300 0.010991300 
[2] 0.010826300 0.010827300 0.010849800 0.011361400 0.011897200 0.011372100 0.011198200 0.011312100 0.011294400 0.011179300 
[3] 0.011020800 0.011070500 0.011448700 0.011204700 0.011243000 0.011091600 0.011148500 0.011031400 0.011686700 0.010932500 
[4] 0.011151600 0.011283100 0.011234500 0.010759600 0.010757500 0.010708200 0.010833600 0.010343700 0.010100600 0.010292600 
[5] 0.010749200 0.010774000 0.010248700 0.010438200 0.010221500 0.010094200 0.010142600 0.009985800 0.010975600 0.010144600 
[6] 0.010487700 0.010097800 0.010467100 0.010137000 0.010219400 0.010097500 0.010301600 0.010275900 0.010567500 0.010200000 
[7] 0.010100600 0.010100500 0.010333200 0.010535900 0.010256400 0.010074300 0.010526600 0.010662300 0.010718100 0.010324200 
[8] 0.010285100 0.010110300 0.009998900 0.011295100 0.010040600 0.010547800 0.010089900 0.010443500 0.011769200 0.011159100 
[9] 0.010907500 0.010158600 0.010060400 0.010695700 0.010159900 0.010256200 0.009982900 0.010276400 0.010209700 0.010118000 
[AVERAGE] 0.010602296 s
[STANDARD DEVIATION] 0.000481416 s

FEN: R7/8/5rk1/5p2/1p5P/5KP1/P7/8 b - - 0 0
        [0]         [1]         [2]         [3]         [4]         [5]         [6]         [7]         [8]         [9]
[0] 0.002668500 0.002423500 0.002550600 0.002425800 0.002614100 0.002422900 0.002427300 0.002422400 0.002628700 0.002423000 
[1] 0.002592300 0.002421700 0.002625300 0.002419800 0.002420200 0.002418000 0.002633800 0.002421900 0.002614700 0.002424400 
[2] 0.002626800 0.002421700 0.002430700 0.002419600 0.002624900 0.002420400 0.002585700 0.002422900 0.002722400 0.002421900 
[3] 0.002456100 0.002423700 0.002733200 0.002420000 0.002433900 0.002419900 0.002567600 0.002482400 0.002421400 0.002419100 
[4] 0.002770900 0.002419900 0.002425900 0.002423600 0.002639500 0.002425000 0.002431300 0.002420800 0.002741200 0.002421000 
[5] 0.002422400 0.002421000 0.002631600 0.002421500 0.002428500 0.002424100 0.002742400 0.002423500 0.002432400 0.002422900 
[6] 0.002626200 0.002423400 0.002425200 0.002420100 0.002752300 0.002423400 0.002423800 0.002422500 0.002643100 0.002418800 
[7] 0.002679800 0.002421600 0.002625700 0.002423300 0.002424100 0.002425600 0.003011100 0.002544500 0.002598000 0.002499800 
[8] 0.002647500 0.002421900 0.002472200 0.002420700 0.002682700 0.002421200 0.002570900 0.002422000 0.002648800 0.002467100 
[9] 0.002430200 0.002464900 0.002626700 0.002464500 0.002610700 0.002421900 0.002741600 0.002420100 0.002568800 0.002420800 
[AVERAGE] 0.002507401 s
[STANDARD DEVIATION] 0.000119570 s

FEN: 3k4/5ppp/2q5/3p2r1/8/1Q3P2/P4P1P/3R3K w - - 0 1
        [0]         [1]         [2]         [3]         [4]         [5]         [6]         [7]         [8]         [9]
[0] 0.022939300 0.022781300 0.022665000 0.023160500 0.022705400 0.023475700 0.022836400 0.022939300 0.022775200 0.022683400 
[1] 0.022686500 0.022537800 0.022598100 0.022483500 0.023108900 0.023087200 0.022826000 0.023005600 0.022816500 0.022787800 
[2] 0.023152900 0.023497100 0.023026300 0.022860400 0.023221200 0.022965100 0.024744400 0.023280800 0.023195300 0.023142900 
[3] 0.023541400 0.023214800 0.023812200 0.023377200 0.022951000 0.022774100 0.023383000 0.022970800 0.022936900 0.023357600 
[4] 0.023008600 0.022571300 0.022816900 0.022723900 0.022677000 0.022747400 0.023182400 0.022831200 0.023095700 0.023439100 
[5] 0.023118800 0.023198100 0.022760500 0.022864900 0.022631300 0.022820800 0.023041800 0.022858300 0.022810600 0.022915600 
[6] 0.023058400 0.023271700 0.023052900 0.023158400 0.022674000 0.022745100 0.023295600 0.022684800 0.022584400 0.022717200 
[7] 0.024419200 0.023271200 0.023113300 0.023803400 0.023090700 0.023412800 0.023144900 0.022873800 0.022967000 0.022940400 
[8] 0.022671900 0.022812300 0.022533100 0.023010200 0.022566800 0.022630600 0.023001000 0.022812500 0.022760000 0.022841400 
[9] 0.022849600 0.023051000 0.022949600 0.022927200 0.022702400 0.022644900 0.022788500 0.022788500 0.022998200 0.022807000 
[AVERAGE] 0.022988449 s
[STANDARD DEVIATION] 0.000353285 s

FEN: 4R3/1k6/1p2P1p1/p7/4r3/1P1r4/1K6/2R5 w - - 0 0
        [0]         [1]         [2]         [3]         [4]         [5]         [6]         [7]         [8]         [9]
[0] 0.015326700 0.016479000 0.014965300 0.015312800 0.015225300 0.015323400 0.017741400 0.015395900 0.014844000 0.015338100 
[1] 0.015043400 0.015427600 0.015044400 0.015876200 0.017008000 0.017253100 0.017915600 0.017571700 0.015432100 0.016684900 
[2] 0.015789000 0.014983900 0.017548500 0.024059200 0.021031700 0.017120500 0.015620600 0.015125500 0.015205300 0.014873700 
[3] 0.015044900 0.014800300 0.015531400 0.015064600 0.015017300 0.014871300 0.016051800 0.015482700 0.015236500 0.015284200 
[4] 0.015120000 0.015143300 0.015027400 0.016730200 0.017791900 0.015450400 0.015496700 0.015228900 0.015346300 0.014988600 
[5] 0.015355400 0.014933700 0.015271700 0.014805600 0.015511800 0.014911200 0.015220700 0.014861200 0.015379400 0.015046100 
[6] 0.015182000 0.015189100 0.015267100 0.015033500 0.015157700 0.015074300 0.015580600 0.015333400 0.015208600 0.015528500 
[7] 0.014958000 0.015275700 0.014881400 0.015078300 0.014772300 0.015359100 0.014901600 0.015714600 0.015602200 0.016843200 
[8] 0.015486000 0.015206500 0.015439200 0.016050600 0.016295300 0.015252800 0.015289000 0.015590000 0.015268700 0.015018800 
[9] 0.015234100 0.014875000 0.015746700 0.015341200 0.015050700 0.015126500 0.014967800 0.015141600 0.014912300 0.014978400 
[AVERAGE] 0.015627847 s
[STANDARD DEVIATION] 0.001240063 s

FEN: 5k2/R7/3K4/4p3/5P2/8/8/5r2 w - - 0 0
        [0]         [1]         [2]         [3]         [4]         [5]         [6]         [7]         [8]         [9]
[0] 0.003072000 0.002892500 0.003162300 0.002893800 0.002981100 0.002953100 0.003229400 0.003189500 0.002974900 0.003184800 
[1] 0.002921700 0.003153800 0.003108500 0.002948600 0.003008900 0.003169300 0.003153700 0.003179300 0.003111200 0.003064700 
[2] 0.002969200 0.002953600 0.003486900 0.002938300 0.003055900 0.003194000 0.002892800 0.002993700 0.003113500 0.002920200 
[3] 0.002921500 0.002977000 0.003130600 0.003292200 0.003013100 0.003179400 0.002928500 0.002888200 0.003222800 0.002899100 
[4] 0.002924200 0.003017800 0.003046600 0.002928800 0.003068500 0.003194900 0.002891400 0.002896800 0.003216000 0.002964700 
[5] 0.002891900 0.003139300 0.003811400 0.003005300 0.002978900 0.003127000 0.002889300 0.002891400 0.003264900 0.002994200 
[6] 0.002891000 0.003226100 0.002963600 0.002889500 0.004055700 0.003759000 0.003197900 0.003118700 0.002989300 0.002890300 
[7] 0.003122800 0.003077500 0.002921800 0.002892400 0.003216700 0.002996800 0.002933700 0.003268000 0.002995400 0.002892200 
[8] 0.003184000 0.003071800 0.002895800 0.003136000 0.003173800 0.002895000 0.002889600 0.003133500 0.002927100 0.002892600 
[9] 0.003313900 0.002985500 0.002894400 0.002920900 0.003092400 0.002943800 0.002889100 0.003427800 0.002974000 0.002999700 
[AVERAGE] 0.003064060 s
[STANDARD DEVIATION] 0.000196536 s

FEN: 5k2/1R6/4p1p1/1pr3Pp/7P/1K6/8/8 w - - 0 0
        [0]         [1]         [2]         [3]         [4]         [5]         [6]         [7]         [8]         [9]
[0] 0.001604000 0.001726300 0.001589000 0.001601700 0.001555800 0.001684400 0.001738300 0.001745900 0.001628600 0.001554500 
[1] 0.001553900 0.001551900 0.001643800 0.001796300 0.001639600 0.001555800 0.001723400 0.001556100 0.001912900 0.001742800 
[2] 0.001712600 0.001553400 0.001554200 0.001625400 0.001555800 0.001749700 0.001553900 0.001758800 0.001619900 0.001552200 
[3] 0.001552900 0.001802900 0.001552600 0.001588700 0.001630100 0.001553900 0.001554500 0.001899300 0.001599700 0.001707900 
[4] 0.001600700 0.001596400 0.001554500 0.001658100 0.001653900 0.001631500 0.001555300 0.001647300 0.001558100 0.001628800 
[5] 0.001728500 0.001555400 0.001687700 0.001589700 0.001553700 0.001595200 0.001722900 0.001554300 0.001678500 0.001590700 
[6] 0.001558000 0.001598900 0.001707500 0.001553900 0.001591000 0.001587600 0.001551500 0.001553500 0.001765300 0.001634200 
[7] 0.001588500 0.001556900 0.001589700 0.001550800 0.001680000 0.001612500 0.001550600 0.001585300 0.001664800 0.001555000 
[8] 0.001588200 0.001725600 0.001556700 0.001593300 0.001603900 0.001555900 0.001585100 0.001725700 0.001552200 0.001706400 
[9] 0.001579500 0.001617600 0.001555000 0.001783100 0.001551900 0.001555400 0.001638600 0.001611600 0.001558100 0.001801300 
[AVERAGE] 0.001626052 s
[STANDARD DEVIATION] 0.000082412 s

FEN: 5k2/8/p7/4K1P1/P4R2/6r1/8/8 b - - 0 0
        [0]         [1]         [2]         [3]         [4]         [5]         [6]         [7]         [8]         [9]
[0] 0.001520300 0.001507600 0.001748800 0.001580300 0.001523500 0.001652500 0.001670300 0.001506900 0.001524200 0.001553400 
[1] 0.001566700 0.001606200 0.001676100 0.001506800 0.001690800 0.001627500 0.001593300 0.001586600 0.001678800 0.001504100 
[2] 0.001506100 0.001549000 0.001596200 0.001584300 0.001783300 0.001511500 0.001508300 0.001538000 0.001588800 0.001589100 
[3] 0.001568000 0.001666700 0.001504000 0.001539000 0.001506700 0.001674500 0.001667700 0.001679400 0.001506500 0.001504800 
[4] 0.001546200 0.001570100 0.001507900 0.001717400 0.001589000 0.001506100 0.001603500 0.001506100 0.001595400 0.001603800 
[5] 0.001677000 0.001507000 0.001538900 0.001506800 0.001570900 0.001505100 0.001850000 0.001506900 0.001505600 0.001623400 
[6] 0.001552400 0.001597500 0.001828400 0.001554200 0.001508600 0.001540400 0.001538100 0.001763600 0.001832900 0.001531600 
[7] 0.001550100 0.001537800 0.001507800 0.001509200 0.001676500 0.001690300 0.001509100 0.001567200 0.001510700 0.001509300 
[8] 0.001937800 0.001757900 0.001506100 0.001506400 0.001506900 0.001552500 0.001506600 0.001705200 0.001612100 0.001504400 
[9] 0.001505400 0.001505400 0.001608600 0.001678900 0.001725800 0.001532300 0.001908300 0.001527500 0.001506200 0.001662600 
[AVERAGE] 0.001590063 s
[STANDARD DEVIATION] 0.000098035 s

FEN: 8/8/8/p2r1k2/7p/PP1RK3/6P1/8 b - - 0 0
        [0]         [1]         [2]         [3]         [4]         [5]         [6]         [7]         [8]         [9]
[0] 0.002553100 0.002012800 0.002457300 0.002036400 0.002587200 0.002477900 0.002421800 0.002306000 0.002638900 0.002591000 
[1] 0.002560600 0.002771300 0.002568700 0.002455700 0.002372900 0.002408100 0.002607600 0.002620900 0.002409600 0.002329400 
[2] 0.002585800 0.002547500 0.002529300 0.002724300 0.002339000 0.002350600 0.002436200 0.002295900 0.002594100 0.002329200 
[3] 0.002442800 0.002289000 0.002306000 0.002474800 0.002312100 0.002274600 0.002491200 0.002366500 0.002458000 0.002444800 
[4] 0.002320300 0.002418900 0.002226900 0.002371400 0.002511800 0.002709800 0.002523000 0.002558900 0.002546100 0.002430900 
[5] 0.002363900 0.002374600 0.002504900 0.002434600 0.002552300 0.002942800 0.002365600 0.002759200 0.002481700 0.002399700 
[6] 0.002430800 0.002508900 0.002503400 0.002522700 0.002344200 0.002422200 0.002363300 0.002280600 0.002462900 0.002330500 
[7] 0.002341500 0.002576400 0.002578900 0.002406900 0.002358200 0.002542700 0.002363300 0.002579700 0.002444500 0.002566700 
[8] 0.002405200 0.002470200 0.002355200 0.002439000 0.002428100 0.002425500 0.002467700 0.002343200 0.002389200 0.002319200 
[9] 0.002283900 0.002489900 0.002267400 0.002317100 0.002515000 0.002307300 0.002507000 0.002404500 0.002374500 0.002508300 
[AVERAGE] 0.002445219 s
[STANDARD DEVIATION] 0.000136366 s

FEN: 8/8/8/1P4p1/5k2/5p2/P6K/8 b - - 0 0
        [0]         [1]         [2]         [3]         [4]         [5]         [6]         [7]         [8]         [9]
[0] 0.000153100 0.000148500 0.000146400 0.000227000 0.000186600 0.000145400 0.000145500 0.000145600 0.000144900 0.000144900 
[1] 0.000144800 0.000144800 0.000144900 0.000145100 0.000146800 0.000145300 0.000232800 0.000204900 0.000145000 0.000145100 
[2] 0.000144700 0.000172200 0.000236000 0.000172700 0.000144700 0.000145100 0.000145200 0.000213100 0.000301800 0.000163200 
[3] 0.000146800 0.000146600 0.000162500 0.000178000 0.000145800 0.000145300 0.000145100 0.000145200 0.000145000 0.000233300 
[4] 0.000227800 0.000145600 0.000145000 0.000145100 0.000145100 0.000243200 0.000159200 0.000173600 0.000175400 0.000145700 
[5] 0.000177900 0.000260400 0.000144700 0.000144600 0.000144900 0.000145000 0.000206100 0.000230200 0.000144800 0.000144500 
[6] 0.000144700 0.000144800 0.000232800 0.000205000 0.000144700 0.000144700 0.000144800 0.000144900 0.000144700 0.000144900 
[7] 0.000144500 0.000144400 0.000145000 0.000144700 0.000145000 0.000259200 0.000212100 0.000144900 0.000144800 0.000144500 
[8] 0.000178100 0.000226200 0.000188200 0.000160300 0.000144800 0.000144600 0.000229900 0.000179700 0.000145200 0.000145100 
[9] 0.000144900 0.000144300 0.000177300 0.000160100 0.000144700 0.000144600 0.000144400 0.000144500 0.000173000 0.000223500 
[AVERAGE] 0.000166370 s
[STANDARD DEVIATION] 0.000034903 s

FEN: 3b2k1/1p3p2/p1p5/2P4p/1P2P1p1/5p2/5P2/4RK2 w - - 0 0
        [0]         [1]         [2]         [3]         [4]         [5]         [6]         [7]         [8]         [9]
[0] 0.001211500 0.001070900 0.001264100 0.001383100 0.001157400 0.001068000 0.001375000 0.001472100 0.001187900 0.001069000 
[1] 0.001198100 0.001142200 0.001207000 0.001211800 0.001222900 0.001104200 0.001216100 0.001235100 0.001171200 0.001124700 
[2] 0.001165900 0.001208700 0.001140600 0.001330800 0.001190200 0.001227300 0.001075600 0.001225600 0.001146900 0.001147400 
[3] 0.001226800 0.001087500 0.001190900 0.001068900 0.001198100 0.001066800 0.001220600 0.001258400 0.001068800 0.001197100 
[4] 0.001164000 0.001274400 0.001142000 0.001064700 0.001210600 0.001066600 0.001069200 0.001069900 0.001226900 0.001103600 
[5] 0.001067600 0.001202800 0.001070100 0.001068400 0.001066300 0.001066200 0.001065400 0.001260100 0.001119800 0.001056000 
[6] 0.001039300 0.001037100 0.001300200 0.001118300 0.001042200 0.001043900 0.001039500 0.001174600 0.001186900 0.001039200 
[7] 0.001069900 0.001040800 0.001348300 0.001098500 0.001038400 0.001039300 0.001402500 0.001360800 0.001099400 0.001039200 
[8] 0.001053600 0.001358400 0.001039700 0.001081400 0.001396800 0.001187900 0.001041200 0.001038600 0.001273500 0.001180300 
[9] 0.001039800 0.001040100 0.001411700 0.001320200 0.001039600 0.001360400 0.001040100 0.001046900 0.001040000 0.001253700 
[AVERAGE] 0.001157720 s
[STANDARD DEVIATION] 0.000109574 s

FEN: 5k2/3R4/2K1p1p1/4P1P1/5P2/8/3r4/8 b - - 0 0
        [0]         [1]         [2]         [3]         [4]         [5]         [6]         [7]         [8]         [9]
[0] 0.002294000 0.002622800 0.002129600 0.002132400 0.002565500 0.002408200 0.002517300 0.002141800 0.002123900 0.002323200 
[1] 0.002129100 0.002378800 0.002234500 0.002239200 0.002285800 0.002126800 0.002536400 0.002191300 0.002312800 0.002124500 
[2] 0.002306200 0.002406800 0.002313700 0.002201900 0.002131300 0.002167800 0.002520700 0.002427200 0.002497600 0.002128500 
[3] 0.002184800 0.002458900 0.002200700 0.002131600 0.002420300 0.002389700 0.002667600 0.002191000 0.002549000 0.002190100 
[4] 0.002299400 0.002474000 0.002380600 0.002124800 0.002425800 0.002248500 0.002336300 0.002436800 0.002273100 0.002129100 
[5] 0.002483900 0.002128500 0.002164200 0.002338300 0.002297100 0.002247000 0.002129000 0.002332300 0.002147300 0.002340200 
[6] 0.002483000 0.002233300 0.002198700 0.002147200 0.002133700 0.002128500 0.002367600 0.002398400 0.002399900 0.002073400 
[7] 0.002286500 0.002180300 0.002138400 0.002120000 0.002073700 0.002441200 0.002254700 0.002105600 0.002076700 0.002810900 
[8] 0.002128800 0.002291700 0.002128800 0.002126400 0.002280000 0.002077500 0.002226100 0.002118100 0.002312600 0.002201000 
[9] 0.002106900 0.002073500 0.002117100 0.002321000 0.002073300 0.002168000 0.002078200 0.002186800 0.002678800 0.002102600 
[AVERAGE] 0.002268884 s
[STANDARD DEVIATION] 0.000159464 s

FEN: 6k1/6pp/5p2/8/5P2/P7/2K4P/8 b - - 0 0
        [0]         [1]         [2]         [3]         [4]         [5]         [6]         [7]         [8]         [9]
[0] 0.000269500 0.000263900 0.000262600 0.000262000 0.000353900 0.000274700 0.000261200 0.000261300 0.000260900 0.000261300 
[1] 0.000261000 0.000261000 0.000261100 0.000261200 0.000261100 0.000261000 0.000260800 0.000260900 0.000371000 0.000261600 
[2] 0.000345500 0.000349100 0.000261200 0.000261400 0.000260800 0.000334000 0.000261200 0.000261000 0.000260900 0.000260100 
[3] 0.000261500 0.000261200 0.000261100 0.000260500 0.000261000 0.000261200 0.000429100 0.000269000 0.000282100 0.000260400 
[4] 0.000260700 0.000261200 0.000260900 0.000260300 0.000260600 0.000260800 0.000316300 0.000261200 0.000264900 0.000261100 
[5] 0.000260700 0.000260500 0.000260700 0.000261000 0.000320700 0.000260400 0.000318300 0.000372600 0.000260500 0.000260300 
[6] 0.000260600 0.000260800 0.000260600 0.000260900 0.000261000 0.000261100 0.000261400 0.000261200 0.000317000 0.000260400 
[7] 0.000260200 0.000312500 0.000263900 0.000261200 0.000261500 0.000260100 0.000260300 0.000260900 0.000261100 0.000260900 
[8] 0.000260600 0.000260500 0.000260700 0.000260500 0.000260800 0.000260900 0.000260900 0.000261000 0.000260900 0.000305100 
[9] 0.000317900 0.000261500 0.000260700 0.000361500 0.000267200 0.000283100 0.000315400 0.000261100 0.000260600 0.000260900 
[AVERAGE] 0.000274474 s
[STANDARD DEVIATION] 0.000031432 s

FEN: 8/3R4/8/r3N2p/P1Pp1P2/2k2K1P/3r4/8 w - - 0 0
        [0]         [1]         [2]         [3]         [4]         [5]         [6]         [7]         [8]         [9]
[0] 0.008783800 0.008348100 0.008344600 0.008025400 0.008355600 0.008076300 0.007852400 0.007728800 0.008166700 0.007854900 
[1] 0.007949900 0.007615800 0.007946000 0.007864600 0.007892000 0.007934900 0.011103400 0.008103100 0.007752500 0.007947800 
[2] 0.008281600 0.010642100 0.008200100 0.008404100 0.007823300 0.008275200 0.008182800 0.007897500 0.007997000 0.007827100 
[3] 0.009272200 0.009696800 0.009978000 0.009707900 0.009069900 0.009509900 0.010064600 0.008445800 0.008050100 0.008346200 
[4] 0.008195100 0.008058600 0.008554600 0.008038300 0.008462200 0.008093200 0.008024000 0.008414100 0.008336300 0.009229900 
[5] 0.008177400 0.010233700 0.011744800 0.009999900 0.010783400 0.009025900 0.010631000 0.008363300 0.008524200 0.008169300 
[6] 0.008161900 0.008344800 0.008273000 0.008663600 0.008414800 0.008401800 0.008592000 0.008917700 0.008864700 0.009962700 
[7] 0.008037900 0.008195600 0.008227500 0.007951900 0.008636400 0.008300500 0.008422800 0.008116000 0.008081400 0.008405000 
[8] 0.008083900 0.008465700 0.008314500 0.008381800 0.008193500 0.008016600 0.008394800 0.009883600 0.010300700 0.009970700 
[9] 0.008368500 0.008275600 0.008122900 0.008260800 0.008123100 0.008237100 0.008332400 0.009471300 0.010530300 0.009648300 
[AVERAGE] 0.008627261 s
[STANDARD DEVIATION] 0.000853908 s

FEN: 6k1/8/6r1/8/5b2/2PR4/4K3/8 w - - 0 0        [0]         [1]         [2]         [3]         [4]         [5]         [6]         [7]         [8]         [9]
[0] 0.005625900 0.004549100 0.004585000 0.004606700 0.004548400 0.004567100 0.004573000 0.004586800 0.004498800 0.004747900 
[1] 0.004931500 0.005747800 0.005273600 0.005285200 0.005337900 0.005772600 0.004914900 0.004527300 0.004474700 0.004387200 
[2] 0.004534700 0.004638400 0.004431300 0.004546700 0.004998100 0.005668700 0.004466200 0.005284800 0.005337100 0.005061400 
[3] 0.004895500 0.005165000 0.004676900 0.004511300 0.004532900 0.004346700 0.004678600 0.004577100 0.004760200 0.005655600 
[4] 0.005698300 0.006178400 0.005636000 0.004677300 0.004385800 0.004635200 0.004454700 0.004453200 0.004455600 0.004614300 
[5] 0.004608200 0.004682400 0.006264200 0.004858500 0.005656300 0.006042800 0.005399900 0.004412300 0.004598300 0.004416900 
[6] 0.004443400 0.004356800 0.004568800 0.004633900 0.005218800 0.005347000 0.004526900 0.005209100 0.005159100 0.004819400 
[7] 0.004558800 0.004478200 0.004912900 0.005533600 0.004883900 0.004582300 0.004574600 0.004248800 0.004766800 0.005260300 
[8] 0.005785000 0.004823900 0.004432100 0.004401200 0.004515700 0.004511000 0.004287600 0.004386600 0.004242900 0.004504000 
[9] 0.004395600 0.004539500 0.004348000 0.004266000 0.004352200 0.004160500 0.004615800 0.004364100 0.005074400 0.004433400 
[AVERAGE] 0.004809601 s
[STANDARD DEVIATION] 0.000479656 s

----------------------------------- AVERAGES ------------------------------------------


---------- REGULAR POSITIONS ----------

    [AVERAGE (s)]    [STANDARD DEVIATION (s)]
 [0] 0.025854716          0.001304412
 [1] 0.019955397          0.001213595
 [2] 0.030435979          0.001231194
 [3] 0.020779121          0.000991573
 [4] 0.030191456          0.001453157
 [5] 0.065075567          0.001831221
 [6] 0.071442739          0.003952104
 [7] 0.037700745          0.002696341
 [8] 0.041780637          0.002395819
 [9] 0.030184666          0.000623567
[10] 0.036685111          0.000662126
[11] 0.016127312          0.000310754
[12] 0.023381723          0.002615099
[13] 0.011640758          0.001204398
[14] 0.057906006          0.003909691
[15] 0.024437258          0.000914071
[16] 0.084081761          0.002951833
[17] 0.032808098          0.003782239
[18] 0.051258020          0.001892224
[19] 0.029511930          0.000503074

---------- TACTICAL POSITINOS ----------

    [AVERAGE (s)]    [STANDARD DEVIATION (s)]
 [0] 0.009195802          0.000252719
 [1] 0.023893609          0.000832341
 [2] 0.009824712          0.000155887
 [3] 0.072987149          0.005238384
 [4] 0.052185638          0.002684270
 [5] 0.010780697          0.001618514
 [6] 0.039839473          0.000831705
 [7] 0.093111036          0.002090272
 [8] 0.030389959          0.001757364
 [9] 0.044585928          0.001761835
[10] 0.041667049          0.001725889
[11] 0.002143289          0.000138227
[12] 0.025085536          0.001095794
[13] 0.004457391          0.000243056
[14] 0.043234703          0.001576095
[15] 0.005596827          0.000312046
[16] 0.059370375          0.001725382
[17] 0.009437083          0.000208440
[18] 0.039086759          0.001604178
[19] 0.019083437          0.000746085

---------- SMALL POSITIONS ----------

    [AVERAGE (s)]    [STANDARD DEVIATION (s)]
 [0] 0.000122980          0.000027784
 [1] 0.003115439          0.000145236
 [2] 0.003581363          0.000174219
 [3] 0.002835079          0.000129736
 [4] 0.000785727          0.000058355
 [5] 0.003540434          0.000191849
 [6] 0.010602296          0.000481416
 [7] 0.002507401          0.000119570
 [8] 0.022988449          0.000353285
 [9] 0.015627847          0.001240063
[10] 0.003064060          0.000196536
[11] 0.001626052          0.000082412
[12] 0.001590063          0.000098035
[13] 0.002445219          0.000136366
[14] 0.000166370          0.000034903
[15] 0.001157720          0.000109574
[16] 0.002268884          0.000159464
[17] 0.000274474          0.000031432
[18] 0.008627261          0.000853908
[19] 0.004809601          0.000479656


----------------------------------- AVERAGES ------------------------------------------





---------- SUMMARY ----------

0.025854716 0.019955397 0.030435979 0.020779121 0.030191456 0.065075567 0.071442739 0.037700745 0.041780637 0.030184666 0.036685111 0.016127312 0.023381723 0.011640758 0.057906006 0.024437258 0.084081761 0.032808098 0.051258020 0.029511930 
0.009195802 0.023893609 0.009824712 0.072987149 0.052185638 0.010780697 0.039839473 0.093111036 0.030389959 0.044585928 0.041667049 0.002143289 0.025085536 0.004457391 0.043234703 0.005596827 0.059370375 0.009437083 0.039086759 0.019083437 
0.000122980 0.003115439 0.003581363 0.002835079 0.000785727 0.003540434 0.010602296 0.002507401 0.022988449 0.015627847 0.003064060 0.001626052 0.001590063 0.002445219 0.000166370 0.001157720 0.002268884 0.000274474 0.008627261 0.004809601 

