FEN: rn1q1rk1/pbp2pp1/1p2pb1p/3p4/2PP4/2N1PN2/PP2BPPP/R2QK2R w KQ - 0 10
        [0]         [1]         [2]         [3]         [4]         [5]         [6]         [7]         [8]         [9]
[0] 0.036043647 0.034715626 0.034853760 0.034906765 0.034689150 0.034918741 0.034681858 0.034447723 0.034503425 0.034425996 
[1] 0.034474872 0.034624050 0.034405105 0.034388043 0.034853471 0.034427934 0.034617596 0.035014782 0.034663826 0.034668267 
[2] 0.034943626 0.034700625 0.034819122 0.034790710 0.034714390 0.034856361 0.034734106 0.034754427 0.034856386 0.034785034 
[3] 0.034652164 0.034882053 0.035409604 0.034652628 0.034982640 0.034864536 0.034664682 0.034946646 0.034788097 0.034662162 
[4] 0.035030310 0.034804429 0.034715351 0.034864309 0.034765477 0.034903167 0.034731586 0.034692378 0.034989131 0.034774241 
[5] 0.034635873 0.034896742 0.034707039 0.034670168 0.034883269 0.034704218 0.034665139 0.034870714 0.034770205 0.034649658 
[6] 0.034891461 0.035013221 0.034763082 0.034908925 0.035268154 0.034823466 0.035767608 0.037774395 0.036542562 0.036695354 
[7] 0.036564429 0.036570508 0.036927405 0.036472752 0.036549303 0.036759281 0.036810530 0.035879835 0.034992706 0.034783759 
[8] 0.034429734 0.034445379 0.034567091 0.034463615 0.034419116 0.034569174 0.034404347 0.034350188 0.034565005 0.034580292 
[9] 0.034390038 0.034546784 0.034459992 0.034326260 0.034636547 0.034391373 0.034328608 0.034716393 0.034676372 0.034714941 
[AVERAGE] 0.034952480 s
[STANDARD DEVIATION] 0.000676028 s

FEN: rn1q1rk1/pp2ppbp/2p3p1/3p1b2/2PPn3/1P3NP1/P2NPPBP/R1BQ1RK1 w - - 1 9
        [0]         [1]         [2]         [3]         [4]         [5]         [6]         [7]         [8]         [9]
[0] 0.027097846 0.027033772 0.026667448 0.026879077 0.026730549 0.026675884 0.026750039 0.026829968 0.026770121 0.026695242 
[1] 0.026651832 0.026867948 0.026794973 0.026681731 0.026848433 0.027170772 0.027066603 0.026767824 0.027002336 0.026992223 
[2] 0.026805046 0.026843628 0.027566269 0.026949389 0.026828930 0.026836334 0.027019469 0.026979611 0.026860875 0.026978621 
[3] 0.026968785 0.027752488 0.026913254 0.027051764 0.027997242 0.026877457 0.027117154 0.026988280 0.026944077 0.026808390 
[4] 0.026960827 0.027066815 0.026820742 0.026859496 0.027052117 0.026879338 0.026791531 0.026801037 0.027003972 0.026861658 
[5] 0.026838042 0.026839226 0.026997142 0.026797290 0.026896545 0.027013710 0.026875746 0.026865686 0.026816231 0.027038157 
[6] 0.027896058 0.026860600 0.026829713 0.027057415 0.027043568 0.026801971 0.027006717 0.027891509 0.026975061 0.026818912 
[7] 0.027092870 0.026983757 0.026878625 0.026910610 0.027142289 0.026967320 0.026829046 0.026904602 0.027070844 0.028571755 
[8] 0.028315193 0.028658390 0.029035731 0.028757759 0.028485306 0.028959243 0.030324772 0.028556930 0.028220551 0.028833831 
[9] 0.028362485 0.027903775 0.028430369 0.028631055 0.027779235 0.028931515 0.028570318 0.028430034 0.027439205 0.027037792 
[AVERAGE] 0.027283337 s
[STANDARD DEVIATION] 0.000722296 s

FEN: 1rbq1rk1/pp2ppbp/2n2np1/2pp4/5P2/N1PP1NP1/PP2P1BP/R1BQ1RK1 w - - 3 9
        [0]         [1]         [2]         [3]         [4]         [5]         [6]         [7]         [8]         [9]
[0] 0.040936115 0.041252480 0.041020406 0.040786177 0.041279661 0.041050966 0.041222758 0.040601174 0.040534776 0.040861321 
[1] 0.040596010 0.040617475 0.040658793 0.040558211 0.040800487 0.040580082 0.040674339 0.041242849 0.040510842 0.040831596 
[2] 0.040624361 0.040873740 0.040728848 0.040794244 0.040630677 0.040557379 0.041170565 0.040917259 0.041048795 0.041036163 
[3] 0.040843026 0.042249374 0.041152671 0.041085987 0.041206777 0.041553191 0.041327793 0.041189831 0.041158654 0.041013970 
[4] 0.041103565 0.040917176 0.040928389 0.041181498 0.042005529 0.041925375 0.041026740 0.040862704 0.041671766 0.040810892 
[5] 0.041167706 0.041003063 0.040880248 0.040957849 0.040492234 0.040763221 0.040631189 0.040543304 0.040823357 0.040548796 
[6] 0.040707895 0.040569402 0.040679269 0.040699071 0.040542593 0.040766717 0.041046465 0.041160088 0.040969544 0.040861914 
[7] 0.041358652 0.040949923 0.042429927 0.041067306 0.041026048 0.041404824 0.041005233 0.041220783 0.042479144 0.041204485 
[8] 0.041393716 0.041027546 0.041079351 0.040842156 0.041137631 0.041025905 0.040598493 0.041040994 0.040768137 0.040931653 
[9] 0.040763641 0.040939302 0.041149812 0.040666356 0.040960758 0.040884539 0.040681101 0.040994001 0.040901951 0.041414550 
[AVERAGE] 0.040993753 s
[STANDARD DEVIATION] 0.000379069 s

FEN: r2qkb1r/pp1n1ppp/2p2n2/3pp3/6b1/3P1NP1/PPPNPPBP/R1BQ1RK1 w kq - 0 7
        [0]         [1]         [2]         [3]         [4]         [5]         [6]         [7]         [8]         [9]
[0] 0.027761105 0.027675094 0.027835310 0.027710139 0.027667226 0.027615375 0.028323971 0.027815266 0.027599441 0.027624069 
[1] 0.027909115 0.027694366 0.027614189 0.027924268 0.027723436 0.027609679 0.027633342 0.027787395 0.027705394 0.027651641 
[2] 0.027828678 0.027743198 0.027628390 0.027663282 0.027866353 0.027738158 0.027575982 0.027642390 0.027918972 0.027791068 
[3] 0.027649382 0.027874132 0.027785320 0.027610374 0.027409375 0.027591042 0.027580142 0.027407706 0.027362623 0.027672612 
[4] 0.027430780 0.027319389 0.027899449 0.027714830 0.028287326 0.028041209 0.028003748 0.028014888 0.027668515 0.027658858 
[5] 0.027538238 0.027401184 0.027326028 0.027592501 0.027507353 0.027407305 0.027494237 0.027605214 0.027420949 0.027376764 
[6] 0.027617330 0.027539660 0.027419028 0.027414520 0.027813244 0.027759381 0.027632398 0.027646738 0.027844497 0.027667598 
[7] 0.027628210 0.027850847 0.027734395 0.027666956 0.027746702 0.027892486 0.027765618 0.027604846 0.027801108 0.027728392 
[8] 0.027788925 0.027623247 0.027778309 0.027715183 0.028205290 0.028033089 0.027946205 0.027887024 0.027483057 0.027571559 
[9] 0.027481442 0.027423022 0.027542691 0.027583420 0.027478930 0.027490650 0.027689384 0.027742804 0.027592309 0.027689322 
[AVERAGE] 0.027684476 s
[STANDARD DEVIATION] 0.000192905 s

FEN: rnbqkb1r/pp3pp1/2p1pn1p/8/2pP3B/2N2N2/PP2PPPP/R2QKB1R w KQkq - 0 7
        [0]         [1]         [2]         [3]         [4]         [5]         [6]         [7]         [8]         [9]
[0] 0.040083917 0.039929526 0.040004475 0.039894328 0.039710589 0.040072835 0.039946820 0.040200720 0.039819424 0.039792049 
[1] 0.040179037 0.039757664 0.040030966 0.040171242 0.039762292 0.040348095 0.039744415 0.039957392 0.039901223 0.039758603 
[2] 0.039951918 0.039883490 0.039958100 0.040338529 0.039811893 0.040118626 0.040195527 0.040042087 0.039827190 0.039545106 
[3] 0.039672711 0.039710789 0.039865233 0.040006446 0.039581432 0.039714841 0.039468974 0.039610936 0.039805066 0.039404917 
[4] 0.039723485 0.039487361 0.039468724 0.039734829 0.039471776 0.039691311 0.039465157 0.039477591 0.039705222 0.039556379 
[5] 0.039772297 0.040010796 0.039805331 0.039990921 0.039803872 0.039946793 0.039897461 0.039719463 0.040049644 0.039821938 
[6] 0.040252351 0.039897017 0.039814414 0.040103775 0.039746262 0.040083449 0.040182999 0.039774407 0.040147864 0.039825549 
[7] 0.039988964 0.039979186 0.039709126 0.039695690 0.040725590 0.040904092 0.040830566 0.040749981 0.041051976 0.040780841 
[8] 0.040927680 0.040495173 0.039836544 0.040039468 0.039889672 0.039906107 0.039937036 0.039938284 0.040219002 0.039711051 
[9] 0.040481153 0.040074162 0.039771496 0.040092626 0.039769989 0.039985525 0.039931763 0.039768618 0.040275146 0.039897147 
[AVERAGE] 0.039953715 s
[STANDARD DEVIATION] 0.000331229 s

FEN: r3k2r/pppqb1pp/2np1n2/4p2b/P1B1P3/2N1BN1P/1PP2PP1/R2Q1RK1 b kq - 0 11
        [0]         [1]         [2]         [3]         [4]         [5]         [6]         [7]         [8]         [9]
[0] 0.089591264 0.089399754 0.089401082 0.088741303 0.089320119 0.089060049 0.089895465 0.089412579 0.089433165 0.089127772 
[1] 0.089490318 0.089321489 0.089334761 0.088830685 0.088869427 0.089969193 0.090395171 0.089451561 0.089270040 0.089283192 
[2] 0.089460391 0.089426302 0.089735259 0.089472879 0.094839031 0.090337683 0.089395117 0.090349445 0.089335764 0.089274405 
[3] 0.089262161 0.093258797 0.089357550 0.089210621 0.089396997 0.089260629 0.089252916 0.089481254 0.092472551 0.090432319 
[4] 0.089384854 0.089010787 0.088933773 0.088936125 0.089216460 0.089019996 0.089678172 0.089081905 0.089375423 0.089353729 
[5] 0.088952621 0.088960877 0.088867268 0.088867008 0.088471836 0.088859695 0.089070350 0.089262249 0.089076665 0.089207224 
[6] 0.089349285 0.089603293 0.090989056 0.090020568 0.089361550 0.089160269 0.088739675 0.088743238 0.088673028 0.089236296 
[7] 0.089298287 0.089528874 0.089557506 0.089054387 0.089305409 0.089338120 0.089347425 0.089350020 0.089142033 0.088657337 
[8] 0.088343875 0.088656746 0.088772323 0.088806709 0.088673470 0.088510317 0.088545127 0.088603266 0.088418942 0.089274104 
[9] 0.089309432 0.089043476 0.089300562 0.089305222 0.090460887 0.089363707 0.088799021 0.088617745 0.088427932 0.088498766 
[AVERAGE] 0.089363848 s
[STANDARD DEVIATION] 0.000885548 s

FEN: r3k2r/1ppqb1pp/p1np1n2/4p2b/P1B1P3/2N1BN1P/1PP2PP1/R2QR1K1 b kq - 1 12
        [0]         [1]         [2]         [3]         [4]         [5]         [6]         [7]         [8]         [9]
[0] 0.096112538 0.095555311 0.095846764 0.095932414 0.095585655 0.095738640 0.095791278 0.097503630 0.096571919 0.096424421 
[1] 0.096590011 0.096805498 0.096528600 0.097601897 0.095588962 0.096046542 0.095780629 0.096668037 0.096423868 0.095764114 
[2] 0.095705947 0.095673482 0.095860428 0.095968719 0.096665935 0.096544751 0.096627498 0.096145436 0.096463980 0.096666942 
[3] 0.096681398 0.096442854 0.096423803 0.096363761 0.096431873 0.096224653 0.096722280 0.096411152 0.096444238 0.096514012 
[4] 0.096012865 0.096395816 0.096770787 0.096384970 0.096515929 0.096427834 0.096250600 0.095764542 0.095793689 0.095819735 
[5] 0.095746887 0.096088871 0.095916542 0.096471343 0.096463697 0.096475182 0.096633626 0.096542525 0.096532110 0.096443649 
[6] 0.096456862 0.096468006 0.096422878 0.095781333 0.096133217 0.096476296 0.096569422 0.096004401 0.095682176 0.096651253 
[7] 0.095689237 0.095723105 0.095600892 0.096027168 0.096506257 0.096529304 0.107487384 0.107473597 0.108565996 0.109087966 
[8] 0.109540180 0.109263360 0.099147106 0.095858625 0.095763342 0.095811665 0.096058891 0.095900337 0.095787354 0.095619959 
[9] 0.103105636 0.101398947 0.102545642 0.109381233 0.110213068 0.108725795 0.107444608 0.102016161 0.098288750 0.100572574 
[AVERAGE] 0.097810751 s
[STANDARD DEVIATION] 0.003888075 s

FEN: rn1qkb1r/1pp2ppp/p3bn2/3p2B1/3P4/2N1PN2/PP3PPP/R2QKB1R b KQkq - 0 7
        [0]         [1]         [2]         [3]         [4]         [5]         [6]         [7]         [8]         [9]
[0] 0.049392940 0.048077559 0.047759886 0.048651011 0.049625552 0.049822620 0.048099527 0.048050176 0.047979565 0.051629405 
[1] 0.053309034 0.051661010 0.048687658 0.047898985 0.048523597 0.048244727 0.049206269 0.048871771 0.047632821 0.047889785 
[2] 0.048558858 0.049758521 0.049238593 0.052759580 0.053298839 0.051087470 0.049036314 0.048724340 0.048903468 0.050774406 
[3] 0.049318410 0.048179894 0.047855645 0.050136769 0.053577568 0.054073761 0.055187852 0.051605472 0.049462714 0.055408717 
[4] 0.054290281 0.050063542 0.049105278 0.050059345 0.048864943 0.050428821 0.049362334 0.048013404 0.048063039 0.048070685 
[5] 0.048492383 0.052703227 0.056644165 0.054093778 0.054586072 0.053810518 0.054855427 0.053662033 0.055200600 0.054704072 
[6] 0.054931139 0.055047860 0.054235927 0.055450036 0.054844970 0.052380442 0.051814519 0.050321973 0.049602047 0.050553602 
[7] 0.053732064 0.055315455 0.053948797 0.054103477 0.052544426 0.052719527 0.052742020 0.054117259 0.051520784 0.051638665 
[8] 0.051743170 0.048964328 0.048543221 0.048738013 0.050076042 0.049483030 0.048636461 0.047909940 0.048219485 0.049083327 
[9] 0.050396723 0.048523942 0.048625281 0.048370503 0.048190633 0.047796682 0.047464779 0.047723136 0.047454772 0.047716504 
[AVERAGE] 0.050682600 s
[STANDARD DEVIATION] 0.002586562 s

FEN: r2qkb1r/1p1n1p1p/p1bpp3/2p5/4P3/2N3QP/PPP2PP1/R1B1RBK1 b kq - 1 13
        [0]         [1]         [2]         [3]         [4]         [5]         [6]         [7]         [8]         [9]
[0] 0.054619125 0.054903856 0.054711244 0.054740571 0.054954260 0.054667090 0.058487767 0.054687200 0.055301647 0.055073564 
[1] 0.055260453 0.056305967 0.055038737 0.055257227 0.055123238 0.055224679 0.055175088 0.055222187 0.055018850 0.055291752 
[2] 0.059904613 0.061156921 0.062977318 0.060862232 0.057291444 0.059557921 0.059406623 0.057865446 0.055477464 0.056127677 
[3] 0.061917708 0.061565723 0.063989008 0.057360550 0.055296690 0.055232110 0.055288496 0.055128498 0.055675546 0.064210002 
[4] 0.066726223 0.064230721 0.064009389 0.062828919 0.061286287 0.059208578 0.055554006 0.055227263 0.054998025 0.060096844 
[5] 0.063852821 0.056263262 0.054970705 0.055319991 0.063972336 0.062168529 0.065097836 0.070041187 0.063734911 0.064321803 
[6] 0.064792916 0.064471236 0.066898636 0.069367516 0.068067325 0.063496048 0.055827268 0.066985117 0.060402797 0.061100731 
[7] 0.060067948 0.068821928 0.089558598 0.067855667 0.064142043 0.067272066 0.070344094 0.066938225 0.062880199 0.063788073 
[8] 0.057305681 0.055241375 0.055544208 0.055385601 0.055385654 0.055176625 0.055297775 0.058241380 0.061422679 0.064180076 
[9] 0.065102132 0.073905782 0.067076774 0.063627239 0.067318345 0.067980972 0.066959593 0.061320208 0.055853709 0.055242900 
[AVERAGE] 0.060459133 s
[STANDARD DEVIATION] 0.005749481 s

FEN: rn1q1rk1/p1p2ppp/bp3n2/3p4/1b1P4/2N1PN2/PPBB1PPP/R2QK2R b KQ - 3 9
        [0]         [1]         [2]         [3]         [4]         [5]         [6]         [7]         [8]         [9]
[0] 0.040111624 0.039583836 0.039795443 0.039612720 0.039478515 0.040238996 0.039719326 0.039656442 0.040494087 0.039751727 
[1] 0.039834306 0.039701456 0.039675564 0.039673724 0.040297638 0.039997654 0.039605137 0.040466278 0.040066712 0.040084569 
[2] 0.041030541 0.041508797 0.039916557 0.040003618 0.039870809 0.040066140 0.039926803 0.040124707 0.039954653 0.039906933 
[3] 0.040232801 0.039981561 0.040076853 0.040531577 0.039833462 0.039966576 0.039867862 0.040102937 0.040117497 0.039845363 
[4] 0.039863147 0.040110380 0.039813764 0.039575660 0.039476549 0.040455706 0.039651619 0.039542537 0.039750641 0.039497543 
[5] 0.039796997 0.039682294 0.039846877 0.039681883 0.039522383 0.039838903 0.039587232 0.039696181 0.040350684 0.039895522 
[6] 0.039990672 0.039532920 0.039506964 0.040058047 0.040749428 0.040249555 0.039836735 0.039868581 0.040012363 0.039845285 
[7] 0.040423695 0.039988026 0.040062601 0.040107321 0.039786924 0.039915786 0.039903871 0.039816379 0.039992806 0.039945262 
[8] 0.040136537 0.040088451 0.040019663 0.040810984 0.040193784 0.040213481 0.040240839 0.040015292 0.040324654 0.040123483 
[9] 0.040247580 0.040139410 0.040386528 0.040067353 0.039724649 0.040608337 0.039757089 0.039825158 0.039871838 0.039692513 
[AVERAGE] 0.039984291 s
[STANDARD DEVIATION] 0.000337491 s

FEN: rnbq1rk1/pp2bppp/4pn2/3p4/2PN4/6P1/PPQ1PPBP/RNB2RK1 b - - 0 8
        [0]         [1]         [2]         [3]         [4]         [5]         [6]         [7]         [8]         [9]
[0] 0.050132851 0.049839228 0.050052665 0.049892063 0.050337767 0.050035409 0.051040864 0.052979691 0.050809451 0.051030280 
[1] 0.050534455 0.050438660 0.050558524 0.051728257 0.053520610 0.055455652 0.058383554 0.056791855 0.054863493 0.053675716 
[2] 0.050854622 0.050371177 0.050308517 0.050502998 0.052003926 0.054632736 0.054384496 0.055387607 0.055527486 0.057039634 
[3] 0.059118938 0.058765004 0.059027380 0.059545071 0.059877700 0.060167796 0.060432158 0.059925987 0.059932033 0.060770202 
[4] 0.056976109 0.055706011 0.055402265 0.055204921 0.056029676 0.055377158 0.055820826 0.056610946 0.061672645 0.061883337 
[5] 0.056753256 0.055106338 0.054871515 0.054757018 0.054777019 0.053752469 0.053268580 0.054282422 0.054933505 0.054076268 
[6] 0.053093176 0.051586999 0.051158356 0.054917200 0.055282388 0.055111103 0.054700395 0.052875449 0.053036056 0.052191182 
[7] 0.053733519 0.051081726 0.049833341 0.049930040 0.054416966 0.052085058 0.052106873 0.051828693 0.050880214 0.050325238 
[8] 0.050104096 0.052523014 0.056934181 0.056350102 0.056478414 0.059964663 0.059447237 0.056742981 0.052526852 0.050240369 
[9] 0.050374707 0.054373078 0.059566461 0.056309540 0.056784632 0.057742407 0.052650927 0.055070308 0.054367829 0.052175765 
[AVERAGE] 0.054388403 s
[STANDARD DEVIATION] 0.003244824 s

FEN: rnbqkb1r/pp1p1ppp/4pn2/2p5/2PP4/4PN2/PP3PPP/RNBQKB1R b KQkq - 0 4
        [0]         [1]         [2]         [3]         [4]         [5]         [6]         [7]         [8]         [9]
[0] 0.023006652 0.022021838 0.021178598 0.021418082 0.025028219 0.022434904 0.024696312 0.025534080 0.024648557 0.025408809 
[1] 0.025686983 0.026422497 0.027346725 0.029762594 0.026657418 0.028294287 0.029523077 0.025415120 0.025609696 0.024006030 
[2] 0.024095065 0.025058595 0.026185385 0.026393525 0.026285347 0.024514167 0.023314391 0.022495620 0.022111915 0.021100495 
[3] 0.021743859 0.023759194 0.023052636 0.023868870 0.023148356 0.024607451 0.024103491 0.024632848 0.024270201 0.023998510 
[4] 0.025207502 0.024830940 0.024948610 0.024956660 0.023174640 0.024993615 0.026078306 0.025394480 0.023887423 0.023739745 
[5] 0.025702998 0.023628727 0.025684259 0.024638379 0.023456474 0.023584467 0.023640119 0.024384391 0.023140856 0.025253274 
[6] 0.026354924 0.026532607 0.025281112 0.025406537 0.025645342 0.025485532 0.023403315 0.025137816 0.024912185 0.026578580 
[7] 0.024780858 0.026631949 0.025789321 0.025827115 0.027226634 0.024015898 0.023573498 0.024325466 0.023566702 0.024622921 
[8] 0.023669549 0.023181507 0.023483170 0.023197001 0.024250432 0.023843002 0.023786387 0.023676901 0.023325694 0.023663839 
[9] 0.023456100 0.023672742 0.023392695 0.023782822 0.023601420 0.023642636 0.024247417 0.025319728 0.026411148 0.024466289 
[AVERAGE] 0.024563351 s
[STANDARD DEVIATION] 0.001540966 s

FEN: rnbqk2r/ppp2ppp/4pn2/3p4/1bPP4/2N2P2/PP2P1PP/R1BQKBNR w KQkq - 0 5
        [0]         [1]         [2]         [3]         [4]         [5]         [6]         [7]         [8]         [9]
[0] 0.034610591 0.034577837 0.034395263 0.034708825 0.033494891 0.033059603 0.033347531 0.032047638 0.031432638 0.033595242 
[1] 0.032184903 0.032774637 0.031768365 0.030764497 0.029287389 0.029226496 0.029290372 0.029388730 0.029858234 0.033595596 
[2] 0.032264676 0.033229512 0.032397552 0.032316590 0.030840782 0.030635694 0.029696068 0.029099357 0.029123602 0.029605993 
[3] 0.030335627 0.031923753 0.032821266 0.032644537 0.031506031 0.031739193 0.031709246 0.030538955 0.031121890 0.029827242 
[4] 0.029179263 0.031985054 0.030538588 0.030292119 0.030796293 0.030761020 0.029753444 0.029846151 0.029388604 0.029184781 
[5] 0.030491969 0.029264441 0.029354676 0.030221075 0.030059814 0.030211097 0.030231691 0.030243478 0.030218476 0.030239229 
[6] 0.030228237 0.029624370 0.029347294 0.029591201 0.029503982 0.029387630 0.029476917 0.029736581 0.029359441 0.029549925 
[7] 0.029129753 0.029222477 0.029362434 0.029247172 0.029519531 0.029600991 0.029299398 0.029189260 0.029135284 0.029402388 
[8] 0.029259720 0.029231550 0.029546340 0.029309040 0.029146742 0.029265044 0.029475032 0.029234472 0.029864878 0.029444048 
[9] 0.029300985 0.029091730 0.029266379 0.028978502 0.028992121 0.028902234 0.029211849 0.029106229 0.028906159 0.029177261 
[AVERAGE] 0.030426727 s
[STANDARD DEVIATION] 0.001534944 s

FEN: rnbqr1k1/pp1p1ppp/2p2n2/4p3/2P1P3/2P2PP1/P2P1K1P/R1BQ1BNR w - - 0 8
        [0]         [1]         [2]         [3]         [4]         [5]         [6]         [7]         [8]         [9]
[0] 0.014386300 0.014400686 0.014374624 0.014929147 0.014453794 0.014391234 0.014538723 0.014348667 0.014416006 0.015616211 
[1] 0.014488281 0.014470439 0.014814115 0.014713721 0.014513292 0.014506864 0.014457685 0.014506637 0.014602195 0.014561191 
[2] 0.014593587 0.014542060 0.014485129 0.014435248 0.014453571 0.015881665 0.015956896 0.015083773 0.015164967 0.015403390 
[3] 0.015200421 0.015027424 0.015329572 0.015095891 0.015068509 0.015246503 0.015209275 0.015329418 0.015088311 0.015126057 
[4] 0.015418072 0.015221210 0.015410804 0.015253290 0.015845993 0.015275508 0.015296623 0.015118118 0.015146346 0.015314828 
[5] 0.015343492 0.015370666 0.015226890 0.015147649 0.015909757 0.015203123 0.016374837 0.015720610 0.015888791 0.015780411 
[6] 0.021031340 0.017340089 0.017763301 0.026872057 0.022269093 0.021069605 0.020972430 0.016601552 0.018475430 0.016690899 
[7] 0.016536361 0.016815503 0.016288672 0.016954113 0.016196808 0.017491825 0.016147787 0.016194532 0.015539001 0.016406323 
[8] 0.016480951 0.016210655 0.015548337 0.015102835 0.020060512 0.015419899 0.015224460 0.016357197 0.015324150 0.015645518 
[9] 0.015603963 0.015169121 0.015495745 0.015416403 0.015127847 0.014787776 0.014708412 0.014880737 0.018658271 0.015556874 
[AVERAGE] 0.015829149 s
[STANDARD DEVIATION] 0.001871828 s

FEN: r1bq1rk1/1p2bppp/p1n1pn2/8/P1BP4/2N1BN2/1P3PPP/R2Q1RK1 w - - 3 11
        [0]         [1]         [2]         [3]         [4]         [5]         [6]         [7]         [8]         [9]
[0] 0.089206184 0.089211522 0.088648318 0.098533703 0.084359190 0.081282369 0.082881601 0.090078608 0.085450110 0.086112093 
[1] 0.079537044 0.076921628 0.083129553 0.090021350 0.078017526 0.078758558 0.075134184 0.079841868 0.085858696 0.086186213 
[2] 0.087307668 0.082154058 0.076013924 0.081017107 0.076488667 0.075530088 0.081005188 0.086094003 0.086984216 0.086231365 
[3] 0.085205141 0.086718171 0.083032857 0.085118822 0.083047288 0.083224320 0.082664583 0.080585257 0.075249166 0.075094608 
[4] 0.074991004 0.081273113 0.086899170 0.088409346 0.087615164 0.085611442 0.089689720 0.087893298 0.084658558 0.086271471 
[5] 0.082662894 0.085817031 0.086002416 0.092367211 0.089422128 0.082631670 0.081413193 0.083196380 0.089151908 0.090223305 
[6] 0.083903038 0.081420604 0.082768555 0.083570115 0.085537894 0.085735806 0.080162260 0.078474038 0.084474086 0.088701270 
[7] 0.084907157 0.085582938 0.084996401 0.085355423 0.081508579 0.077566589 0.082936476 0.080033199 0.082640121 0.077644082 
[8] 0.083277177 0.082038859 0.082246037 0.079245486 0.078449645 0.078497780 0.080512788 0.076706959 0.087218463 0.081956134 
[9] 0.078777738 0.077658603 0.087585334 0.083591162 0.082957068 0.077187815 0.082952669 0.081531069 0.082540681 0.091549881 
[AVERAGE] 0.083385372 s
[STANDARD DEVIATION] 0.004390990 s

FEN: rn1q1rk1/pbpp1ppp/8/3nP3/2BP4/5PP1/P6P/R1BQK1NR w KQ - 1 11
        [0]         [1]         [2]         [3]         [4]         [5]         [6]         [7]         [8]         [9]
[0] 0.035936738 0.034997632 0.036058469 0.036184174 0.037334372 0.038588875 0.038336256 0.036200781 0.037028950 0.037142322 
[1] 0.036346916 0.035712512 0.036172969 0.036484513 0.036685239 0.035905223 0.039662713 0.038965850 0.036814117 0.035954516 
[2] 0.037394687 0.036392412 0.036374572 0.036178713 0.043399508 0.037705302 0.037443867 0.037328817 0.035515169 0.035689081 
[3] 0.036335873 0.036833823 0.035680306 0.036059184 0.036299590 0.036323552 0.036476237 0.037692207 0.037994328 0.035795587 
[4] 0.036951143 0.036330094 0.035919354 0.034521163 0.034338107 0.034158720 0.032076590 0.035495909 0.034195632 0.039591999 
[5] 0.040004990 0.044286277 0.042088528 0.038581579 0.039716808 0.041149704 0.038694546 0.038570123 0.045831541 0.038385563 
[6] 0.039020823 0.038175353 0.037919295 0.039296611 0.036839452 0.037151317 0.036872513 0.038051993 0.038173636 0.039804705 
[7] 0.039778719 0.038150767 0.047459422 0.038639877 0.044074175 0.047629336 0.046473513 0.036611004 0.036978815 0.038706003 
[8] 0.037577152 0.036884999 0.034915604 0.034581766 0.034763945 0.034190490 0.032801344 0.033300233 0.034252635 0.032418862 
[9] 0.032384243 0.032055138 0.032093363 0.032333821 0.032110476 0.032267267 0.032475246 0.032121969 0.032896744 0.032327029 
[AVERAGE] 0.037008740 s
[STANDARD DEVIATION] 0.003240632 s

FEN: r2qk2r/1p1n1ppp/p1pbbn2/3p2B1/3P4/2NBPN1P/PP3PP1/R2QK2R w KQkq - 0 10
        [0]         [1]         [2]         [3]         [4]         [5]         [6]         [7]         [8]         [9]
[0] 0.116310630 0.122126503 0.127530016 0.129619221 0.132447119 0.132196846 0.134551368 0.134843049 0.132479179 0.132403765 
[1] 0.133380499 0.123910248 0.117160906 0.121830537 0.125305548 0.124246185 0.128097994 0.127403499 0.127459948 0.127724481 
[2] 0.125351945 0.124617771 0.125545558 0.127855132 0.147722632 0.133402498 0.125359371 0.135493312 0.134236853 0.131784456 
[3] 0.124933961 0.120540608 0.120193728 0.116287792 0.117585203 0.127003177 0.127500767 0.120448214 0.115924232 0.115825795 
[4] 0.119306354 0.128294795 0.130251913 0.134889069 0.129307965 0.118849386 0.126345863 0.125345134 0.138098591 0.125502527 
[5] 0.126008720 0.120854410 0.128697218 0.122927233 0.118052143 0.116734004 0.118815120 0.117064057 0.119462627 0.122954596 
[6] 0.122168176 0.125071642 0.121912329 0.120538290 0.120278233 0.121901886 0.119548975 0.116227798 0.116399001 0.118797657 
[7] 0.115739757 0.124733177 0.127345594 0.128350919 0.125197098 0.121999140 0.122714176 0.126957999 0.126006604 0.121864298 
[8] 0.116678781 0.120957010 0.131488848 0.139305371 0.124290880 0.121467446 0.116717505 0.118894762 0.114766068 0.116903264 
[9] 0.115375435 0.116451503 0.115804382 0.117305190 0.115826491 0.114801220 0.116714535 0.116293751 0.117531847 0.116083461 
[AVERAGE] 0.123838128 s
[STANDARD DEVIATION] 0.006534634 s

FEN: r1bq1rk1/pp2bppp/2n1pn2/2pp4/P3PB2/3P1NP1/1PP2PBP/RN1Q1RK1 b - - 2 8
        [0]         [1]         [2]         [3]         [4]         [5]         [6]         [7]         [8]         [9]
[0] 0.041939435 0.041562819 0.041830358 0.041636661 0.042476150 0.041788514 0.041826969 0.043791094 0.041885594 0.042062515 
[1] 0.041749320 0.041856434 0.041967437 0.041752145 0.041917673 0.041821423 0.041850498 0.042057544 0.043875310 0.042519248 
[2] 0.041615682 0.042052639 0.043737177 0.042057420 0.041777784 0.041771057 0.042161110 0.041631281 0.041950075 0.041947124 
[3] 0.043639270 0.042275226 0.042553409 0.041964543 0.041909087 0.042031336 0.041599453 0.041630775 0.042102286 0.042825191 
[4] 0.042049476 0.042032059 0.043777144 0.042087031 0.041854503 0.042078858 0.042562762 0.042039391 0.042111542 0.041827078 
[5] 0.041739119 0.041776192 0.042177646 0.041998970 0.043984510 0.042021433 0.041795191 0.042366767 0.041896387 0.041977411 
[6] 0.041989239 0.042570171 0.041778016 0.041499987 0.043895929 0.041621559 0.043768183 0.041952919 0.042225856 0.041624822 
[7] 0.041560413 0.042773257 0.043142404 0.044977001 0.045178960 0.045227281 0.042464384 0.044419662 0.042659080 0.041996206 
[8] 0.041938852 0.041792483 0.041899160 0.041682893 0.041516575 0.041886582 0.041795401 0.041864505 0.041952757 0.044351619 
[9] 0.044179463 0.044590440 0.042525100 0.042047993 0.042256538 0.042106138 0.042187327 0.042149103 0.041814404 0.042339688 
[AVERAGE] 0.042337549 s
[STANDARD DEVIATION] 0.000868985 s

FEN: r1bqr1k1/ppp2ppp/2n5/2bnp3/8/2NP1NP1/PP2PPBP/R1BQ1RK1 w - - 1 9
        [0]         [1]         [2]         [3]         [4]         [5]         [6]         [7]         [8]         [9]
[0] 0.074988646 0.073930483 0.072871939 0.072992657 0.072834123 0.073183924 0.075093765 0.075250915 0.074366103 0.078895200 
[1] 0.077895538 0.077138923 0.075469339 0.079532043 0.088226313 0.088659312 0.089416038 0.088454279 0.082098025 0.084101919 
[2] 0.081282574 0.082394107 0.081844275 0.082944687 0.081287855 0.080898262 0.078757220 0.080217485 0.082439892 0.082624564 
[3] 0.083542726 0.082757220 0.082953537 0.080758021 0.082537698 0.084382130 0.080591352 0.080153343 0.079071427 0.082276792 
[4] 0.080329115 0.079799805 0.080353736 0.081068007 0.084673412 0.083248184 0.086372058 0.089721130 0.084640436 0.079938798 
[5] 0.080202866 0.072918451 0.074214322 0.073901883 0.075421804 0.077461438 0.079748100 0.074152974 0.073583163 0.072850282 
[6] 0.072938061 0.073480816 0.074707392 0.074696259 0.072195785 0.072358202 0.072365989 0.072245405 0.073951356 0.073807415 
[7] 0.075960619 0.073538650 0.073228478 0.073216920 0.073506654 0.074592536 0.076229851 0.077210480 0.073990347 0.072867184 
[8] 0.073480768 0.074233616 0.073481558 0.075427832 0.073411516 0.073145406 0.073781621 0.073194017 0.073155904 0.073171506 
[9] 0.075548126 0.072632493 0.072619351 0.072632912 0.073409692 0.073995806 0.076367715 0.088743198 0.086366145 0.082567724 
[AVERAGE] 0.077821699 s
[STANDARD DEVIATION] 0.004882437 s

FEN: rnbqk2r/ppp2pp1/5n1p/3p4/1b1P3B/2N2N2/PP2PPPP/R2QKB1R b KQkq - 1 7
        [0]         [1]         [2]         [3]         [4]         [5]         [6]         [7]         [8]         [9]
[0] 0.046122511 0.046682843 0.045871295 0.043918786 0.044126180 0.042543936 0.044945670 0.046111852 0.045558082 0.042716398 
[1] 0.043132163 0.040132057 0.041572368 0.044984501 0.040458789 0.039673827 0.042166124 0.045105739 0.046836148 0.045926666 
[2] 0.043665216 0.044984829 0.046180681 0.047520199 0.045566672 0.043955381 0.051914661 0.042417630 0.042142450 0.044833483 
[3] 0.044007024 0.043212491 0.041932576 0.040206096 0.038778270 0.045217654 0.039995829 0.041644763 0.043217596 0.044994759 
[4] 0.043127167 0.042070580 0.038945923 0.039170081 0.038949842 0.038733950 0.040577549 0.041191057 0.038992223 0.043821154 
[5] 0.039065231 0.040165007 0.043267092 0.043585789 0.043453483 0.042358945 0.039366239 0.038973430 0.039060607 0.038906310 
[6] 0.042303139 0.040382085 0.039439410 0.039373513 0.041909274 0.043632487 0.044459490 0.043246147 0.042112488 0.041344334 
[7] 0.040049293 0.039087728 0.041614583 0.041555533 0.040955431 0.039270187 0.040064185 0.039485856 0.044712658 0.044631525 
[8] 0.044043130 0.042652657 0.041446926 0.041491791 0.042477021 0.043801019 0.042127994 0.042484433 0.040457234 0.042180296 
[9] 0.039228141 0.039841188 0.039265064 0.039472580 0.039078164 0.041434444 0.040547377 0.045321273 0.045992710 0.046284704 
[AVERAGE] 0.042380133 s
[STANDARD DEVIATION] 0.002561416 s

FEN: 2r5/1p2kp2/p3pn1P/6R1/6p1/2P3P1/2PR4/6K1 b - - 4 31
        [0]         [1]         [2]         [3]         [4]         [5]         [6]         [7]         [8]         [9]
[0] 0.013502005 0.013633389 0.013402340 0.014156520 0.013635231 0.013352998 0.013210760 0.013319224 0.013195193 0.013489475 
[1] 0.013359022 0.014673141 0.014826851 0.014772984 0.014098912 0.013402396 0.013574579 0.013674746 0.013750415 0.013588416 
[2] 0.013259073 0.013460209 0.014441645 0.014119290 0.013599583 0.013427891 0.013315882 0.013889878 0.014684582 0.014145840 
[3] 0.013703811 0.013681262 0.013407904 0.013630479 0.013593077 0.013599312 0.014031124 0.014019215 0.013434910 0.013655411 
[4] 0.013585927 0.013692665 0.013807920 0.013580777 0.013623400 0.013594472 0.013434048 0.013589251 0.013754713 0.013547093 
[5] 0.013624935 0.013488580 0.013546983 0.013356486 0.013655568 0.013448313 0.013085110 0.013309383 0.013471179 0.013315892 
[6] 0.013474614 0.013300883 0.013374057 0.013270358 0.013197403 0.013292940 0.013641435 0.013209422 0.013437296 0.013601484 
[7] 0.013233367 0.013482959 0.013433691 0.013530681 0.013545679 0.013535101 0.013499835 0.013444987 0.013187253 0.013180542 
[8] 0.013211313 0.013405005 0.013309843 0.013430786 0.013119852 0.013592520 0.013131876 0.013438743 0.013397462 0.013330337 
[9] 0.012774654 0.012550126 0.012262107 0.012486505 0.012309487 0.012351494 0.012286698 0.012387421 0.012276302 0.013414085 
[AVERAGE] 0.013465723 s
[STANDARD DEVIATION] 0.000474329 s

FEN: 1r4k1/p5p1/5p1p/q2p4/2rPn3/b1PQRN1P/P1RB1PP1/6K1 w - - 1 2
        [0]         [1]         [2]         [3]         [4]         [5]         [6]         [7]         [8]         [9]
[0] 0.036163663 0.036116075 0.036140122 0.035414951 0.035687282 0.037304621 0.035837132 0.034479118 0.034244779 0.034030308 
[1] 0.033956181 0.034279815 0.034056827 0.033972503 0.034339438 0.033999700 0.034002287 0.034429230 0.034414731 0.033997741 
[2] 0.036556456 0.034441740 0.034528422 0.034369667 0.034040715 0.033819415 0.034193593 0.034144865 0.034087256 0.034596830 
[3] 0.034494406 0.034204935 0.034556400 0.034348100 0.036004469 0.034804062 0.034212374 0.034401038 0.034554860 0.034204376 
[4] 0.034940904 0.034435271 0.034322373 0.034473126 0.034405813 0.034213228 0.034424513 0.034351514 0.034227507 0.036579261 
[5] 0.034295656 0.034204445 0.034504661 0.034327494 0.034127727 0.034268671 0.033976994 0.034629470 0.034471246 0.035247306 
[6] 0.034319506 0.034353866 0.033879662 0.035927236 0.034439491 0.033828088 0.034352492 0.034544871 0.034165673 0.034131351 
[7] 0.033932737 0.033861161 0.034042183 0.033857233 0.034145632 0.034728213 0.034218312 0.034073159 0.036228888 0.034202459 
[8] 0.034104162 0.034279755 0.034141585 0.034169108 0.034340012 0.036029061 0.034159417 0.034267815 0.034263664 0.034086702 
[9] 0.034258165 0.034430099 0.036135311 0.034494537 0.034184259 0.034045624 0.034163171 0.033728630 0.033868772 0.034605779 
[AVERAGE] 0.034528455 s
[STANDARD DEVIATION] 0.000715148 s

FEN: 5rk1/rNR2ppp/P3p3/3p4/2p5/2n1P3/R4PPP/6K1 w - - 0 1
        [0]         [1]         [2]         [3]         [4]         [5]         [6]         [7]         [8]         [9]
[0] 0.013139636 0.013022235 0.013164093 0.013091583 0.013041873 0.013308187 0.012964241 0.013099939 0.012983900 0.013043352 
[1] 0.012987177 0.013028057 0.013167000 0.012983942 0.013006160 0.012968428 0.012974696 0.012884669 0.012888799 0.014689319 
[2] 0.013472209 0.013143645 0.013121323 0.012983924 0.013024486 0.013363711 0.013237463 0.013119904 0.013065473 0.012855879 
[3] 0.012985044 0.012886308 0.012953191 0.012821801 0.012935885 0.013103950 0.012899629 0.012950696 0.012958760 0.012904617 
[4] 0.012852931 0.012944287 0.012975352 0.013190065 0.012877417 0.013348052 0.012943164 0.012875307 0.012884433 0.012969066 
[5] 0.012915870 0.013173790 0.012878669 0.012999191 0.012911082 0.012884246 0.012820977 0.014396369 0.013709518 0.013070838 
[6] 0.013169193 0.013012583 0.013013690 0.012999835 0.013021540 0.013021518 0.013310043 0.012956643 0.013110807 0.012977885 
[7] 0.013053685 0.013479328 0.013270968 0.013041562 0.013277224 0.012981525 0.013230691 0.013015795 0.013040138 0.012991274 
[8] 0.013026814 0.013269691 0.012999919 0.013088044 0.012963219 0.013009588 0.013001844 0.013025801 0.012984569 0.013321095 
[9] 0.013008264 0.013190224 0.013000593 0.013079923 0.012952685 0.014252366 0.013641724 0.013152896 0.013150579 0.013195812 
[AVERAGE] 0.013101374 s
[STANDARD DEVIATION] 0.000287958 s

FEN: r1bk2r1/ppp1n2p/3q3Q/1B2Np2/4n3/2P5/PP3PPP/RN3RK1 b - - 2 16
        [0]         [1]         [2]         [3]         [4]         [5]         [6]         [7]         [8]         [9]
[0] 0.099560627 0.100675493 0.100340028 0.099560215 0.100972686 0.098777052 0.098697707 0.098883785 0.099656210 0.101079480 
[1] 0.099167964 0.099290309 0.099751170 0.099536345 0.101317723 0.098916579 0.098817109 0.098641010 0.099243970 0.100861055 
[2] 0.100165611 0.099709383 0.099650727 0.099451211 0.100994023 0.099799990 0.100239758 0.098798622 0.099523736 0.101282130 
[3] 0.099851888 0.099818218 0.100164363 0.099939192 0.101229714 0.098921372 0.098786356 0.099022642 0.099726736 0.101190078 
[4] 0.098784597 0.098717359 0.099186967 0.099921108 0.101633738 0.099593840 0.099575484 0.099538551 0.099495676 0.101846611 
[5] 0.100076875 0.099554095 0.099496942 0.099078595 0.101026966 0.099081250 0.099839300 0.099620830 0.099289695 0.100697694 
[6] 0.099709159 0.099580570 0.100176202 0.099521216 0.100780564 0.098925711 0.098755763 0.098892341 0.099605318 0.110817232 
[7] 0.113794680 0.107031552 0.109102482 0.100851566 0.104504499 0.110810504 0.110244149 0.109424744 0.109384052 0.109787911 
[8] 0.108899138 0.109587514 0.102186022 0.098858699 0.100932231 0.099383334 0.099068663 0.099321931 0.100512090 0.111804220 
[9] 0.119058726 0.117304366 0.121871680 0.116530489 0.114126357 0.119790940 0.120701665 0.115761971 0.113372107 0.112213894 
[AVERAGE] 0.102810547 s
[STANDARD DEVIATION] 0.005952773 s

FEN: r2qkb1r/pp2nppp/3p4/2pNN1B1/2BnP3/3P4/PPP2PPP/R2bK2R w KQkq - 1 0
        [0]         [1]         [2]         [3]         [4]         [5]         [6]         [7]         [8]         [9]
[0] 0.077940468 0.081239190 0.081097567 0.080761887 0.076779164 0.079039172 0.079377998 0.088647639 0.081946721 0.077810581 
[1] 0.081626577 0.083957766 0.079564916 0.073795730 0.078047687 0.081932437 0.082853510 0.082538713 0.074449466 0.072785592 
[2] 0.071250553 0.079678479 0.078873491 0.078527499 0.078069828 0.077783622 0.078254473 0.078604705 0.080126377 0.079576058 
[3] 0.079477857 0.075384823 0.071044924 0.078679517 0.078642283 0.077896944 0.081937576 0.076746918 0.081222178 0.081082475 
[4] 0.078059298 0.077648069 0.086412805 0.077001416 0.078250635 0.086073025 0.080994525 0.077109493 0.074894495 0.077855364 
[5] 0.083505777 0.084687487 0.081581569 0.080527985 0.080444094 0.081258976 0.077532114 0.071882047 0.081211359 0.077231666 
[6] 0.079471005 0.073525537 0.071177414 0.072207070 0.072561571 0.072811713 0.071830634 0.071392364 0.073775321 0.078104774 
[7] 0.076705495 0.078617945 0.077382821 0.080292664 0.077865633 0.073562000 0.081230521 0.086088008 0.076008088 0.076096420 
[8] 0.077750109 0.075155025 0.072553952 0.074447410 0.071761413 0.071358057 0.070710383 0.073848531 0.079807770 0.078722167 
[9] 0.075389223 0.072371569 0.071737273 0.071935691 0.075387751 0.071406298 0.072908668 0.074113456 0.076058219 0.077072758 
[AVERAGE] 0.077584183 s
[STANDARD DEVIATION] 0.003959142 s

FEN: 1rb4r/pkPp3p/1b1P3n/1Q6/N3Pp2/8/P1P3PP/7K w - - 1 0
        [0]         [1]         [2]         [3]         [4]         [5]         [6]         [7]         [8]         [9]
[0] 0.014332800 0.013978311 0.014727513 0.014428289 0.014954967 0.015721462 0.014217581 0.014330884 0.013779989 0.013857997 
[1] 0.014571903 0.015304805 0.015489083 0.014423998 0.014117693 0.013916136 0.014696885 0.014139263 0.014030019 0.015229342 
[2] 0.020853750 0.016916202 0.014331598 0.014139548 0.015047093 0.015940562 0.014084022 0.014794365 0.016925760 0.014815086 
[3] 0.015764099 0.015849887 0.014070935 0.013732183 0.013664908 0.013768244 0.013778874 0.013730174 0.013846895 0.013682048 
[4] 0.013647921 0.013763128 0.013637948 0.013931341 0.014539299 0.015619122 0.015342427 0.014931213 0.014079127 0.014303509 
[5] 0.013801227 0.013573227 0.013688731 0.013573535 0.013612759 0.013583877 0.013653980 0.014279474 0.016665920 0.014004695 
[6] 0.015334161 0.014433478 0.014204925 0.014831978 0.014556434 0.014906048 0.014097965 0.013952164 0.013483351 0.015109255 
[7] 0.014329372 0.013971620 0.013777838 0.013699334 0.013578835 0.014845543 0.014501468 0.013898931 0.013790695 0.013506967 
[8] 0.013608172 0.013651364 0.013579459 0.013459088 0.013490887 0.014131876 0.013918601 0.013847078 0.013662409 0.013689616 
[9] 0.013563141 0.013726529 0.013785190 0.014215967 0.014584750 0.015255396 0.015282975 0.015852231 0.016229008 0.015240214 
[AVERAGE] 0.014438019 s
[STANDARD DEVIATION] 0.001028768 s

FEN: 4kb1r/p2n1ppp/4q3/4p1B1/4P3/1Q6/PPP2PPP/2KR4 w k - 1 0
        [0]         [1]         [2]         [3]         [4]         [5]         [6]         [7]         [8]         [9]
[0] 0.061688310 0.063933391 0.064631377 0.063768929 0.061638865 0.062804302 0.061756930 0.060688227 0.057134940 0.055857146 
[1] 0.054785778 0.057053817 0.054746841 0.055513477 0.054634942 0.054968991 0.057952212 0.054633464 0.061222169 0.062390204 
[2] 0.066480797 0.063155805 0.065513259 0.065008204 0.059497414 0.063616640 0.068240362 0.058906203 0.056899375 0.062462795 
[3] 0.066044467 0.057832054 0.062501582 0.079002701 0.060579580 0.058961582 0.066329348 0.058881007 0.058653897 0.072439335 
[4] 0.065643361 0.056786180 0.055249762 0.054795124 0.058155363 0.057540186 0.058622238 0.058695230 0.060865471 0.059918673 
[5] 0.056878699 0.055285539 0.061810899 0.060181961 0.059902719 0.054688416 0.058089034 0.055703105 0.054749242 0.057078715 
[6] 0.054834296 0.056979254 0.056168291 0.057399111 0.054887231 0.057249413 0.056584031 0.054600117 0.055345718 0.054599407 
[7] 0.054970605 0.055461873 0.055005973 0.055195775 0.055059582 0.055479631 0.054706861 0.055207165 0.054901822 0.054911614 
[8] 0.054876127 0.055047183 0.057515590 0.068263793 0.062718636 0.055781183 0.055093556 0.054737082 0.054913957 0.054592468 
[9] 0.059459836 0.065724424 0.060635323 0.063487241 0.058107709 0.054852854 0.055019138 0.054393865 0.055673267 0.054948073 
[AVERAGE] 0.058788397 s
[STANDARD DEVIATION] 0.004497858 s

FEN: r1b2k1r/ppp1bppp/8/1B1Q4/5q2/2P5/PPP2PPP/R3R1K1 w - - 1 0
        [0]         [1]         [2]         [3]         [4]         [5]         [6]         [7]         [8]         [9]
[0] 0.131579015 0.132330656 0.130858233 0.132672645 0.133011232 0.157259091 0.158739670 0.159249032 0.154227505 0.151490970 
[1] 0.148366818 0.138592796 0.131524659 0.132213865 0.136581719 0.132696407 0.132888482 0.142938742 0.135431186 0.140576606 
[2] 0.144483462 0.141622652 0.133102616 0.149118045 0.150550084 0.146536273 0.151800961 0.152944300 0.149526846 0.148953029 
[3] 0.149532569 0.147503945 0.132974510 0.143199858 0.148008258 0.153550040 0.141162146 0.137146274 0.134610655 0.135256634 
[4] 0.135281105 0.138167297 0.153559382 0.147073758 0.134373909 0.135093398 0.136495258 0.134458436 0.131693162 0.135996597 
[5] 0.138390972 0.140746442 0.143332463 0.144927564 0.139449141 0.133839568 0.132549655 0.131291242 0.133161502 0.131247573 
[6] 0.130705567 0.131372306 0.132957999 0.136420721 0.135627600 0.137753655 0.137179960 0.137898715 0.135197613 0.134208644 
[7] 0.132708255 0.131499105 0.131251539 0.132855483 0.131526616 0.130416232 0.131164972 0.134398807 0.130861109 0.130090226 
[8] 0.130874511 0.131881105 0.131185281 0.132229704 0.133339128 0.132201309 0.134152778 0.138579522 0.138391308 0.132927294 
[9] 0.131320724 0.130554539 0.132394294 0.130919354 0.130784254 0.130851624 0.131671080 0.130889847 0.131485983 0.131825604 
[AVERAGE] 0.137704953 s
[STANDARD DEVIATION] 0.007641448 s

FEN: 5rkr/pp2Rp2/1b1p1Pb1/3P2Q1/2n3P1/2p5/P4P2/4R1K1 w - - 1 0
        [0]         [1]         [2]         [3]         [4]         [5]         [6]         [7]         [8]         [9]
[0] 0.040719700 0.040904035 0.040852599 0.041083549 0.040812063 0.041838342 0.040974039 0.040728905 0.040947757 0.040754712 
[1] 0.040692407 0.042462471 0.040752216 0.040869668 0.040753383 0.040718663 0.041014306 0.040705665 0.041043341 0.040892981 
[2] 0.041476779 0.040779806 0.040783394 0.042056606 0.041416900 0.040911216 0.040810139 0.040879289 0.040984318 0.040669154 
[3] 0.040900060 0.040882824 0.040715996 0.041040363 0.040901099 0.040533630 0.042282579 0.040685178 0.040992834 0.040657488 
[4] 0.040847795 0.040794011 0.040946803 0.040989744 0.040734944 0.040889382 0.040759767 0.040850860 0.042415714 0.041119597 
[5] 0.041071391 0.040793442 0.041169073 0.040809537 0.040709687 0.041053792 0.040704693 0.040887109 0.040727886 0.040696962 
[6] 0.042612196 0.040695297 0.040855150 0.040938513 0.041220818 0.040846094 0.040783142 0.041056119 0.040721836 0.040925968 
[7] 0.040774241 0.040719906 0.042488446 0.040844873 0.040822257 0.040892860 0.040795789 0.040908260 0.041225068 0.040796609 
[8] 0.040804711 0.040717341 0.040933156 0.040674304 0.042603439 0.041247563 0.040823466 0.040874882 0.040735809 0.041008706 
[9] 0.040671909 0.040932321 0.040924927 0.041229252 0.041002695 0.040726750 0.040862761 0.042220043 0.040706752 0.040962058 
[AVERAGE] 0.041004389 s
[STANDARD DEVIATION] 0.000453064 s

FEN: rnbqk2r/p4p2/2pbpn1p/1p4p1/2pPP3/2N2NB1/PP2BPPP/R2QK2R w KQkq - 2 10
        [0]         [1]         [2]         [3]         [4]         [5]         [6]         [7]         [8]         [9]
[0] 0.061029321 0.061083397 0.061488447 0.061190768 0.061039292 0.062307762 0.062291391 0.061485229 0.060177834 0.060540176 
[1] 0.060695233 0.060480351 0.060559791 0.060320232 0.062214194 0.061533726 0.060997949 0.061198868 0.060794401 0.061091064 
[2] 0.061011415 0.060845401 0.062400497 0.060956240 0.061308866 0.061094780 0.060798071 0.061317530 0.060949428 0.060839122 
[3] 0.062377728 0.060841273 0.061036680 0.061735727 0.061291431 0.062237845 0.061335867 0.060860265 0.062040667 0.061227600 
[4] 0.061085950 0.061066522 0.061549533 0.061058691 0.061187931 0.061814226 0.061058634 0.062510428 0.061455812 0.066495612 
[5] 0.075027972 0.071057605 0.063655421 0.075453446 0.075175267 0.070482500 0.066837263 0.061306012 0.061175816 0.060923717 
[6] 0.061287192 0.061892329 0.063615970 0.061100496 0.062281123 0.061580550 0.062358668 0.061703396 0.060957829 0.062252861 
[7] 0.063899341 0.061523522 0.061692782 0.065126074 0.066753017 0.063419208 0.063160378 0.062457631 0.063164005 0.061328387 
[8] 0.062888854 0.069841221 0.066187023 0.070211731 0.072057481 0.068892592 0.068646921 0.068330808 0.072197351 0.073109497 
[9] 0.069685392 0.067733398 0.067638499 0.066772881 0.069481073 0.085730046 0.066970292 0.065411028 0.066847863 0.064614767 
[AVERAGE] 0.063842077 s
[STANDARD DEVIATION] 0.004378197 s

FEN: r1bqk2r/ppp1nppp/2np4/2b1p1N1/2B1P3/3P4/PPP2PPP/RNBQK2R w KQkq - 2 6
        [0]         [1]         [2]         [3]         [4]         [5]         [6]         [7]         [8]         [9]
[0] 0.059332485 0.055826019 0.058332486 0.059397404 0.059982603 0.059515982 0.060058981 0.060552248 0.061218134 0.060342633 
[1] 0.061213952 0.059840773 0.059445571 0.058814654 0.059396713 0.059315297 0.059632447 0.055876341 0.057053938 0.055125539 
[2] 0.057399104 0.056862857 0.056722473 0.056267249 0.056840403 0.056932931 0.054779878 0.056608261 0.057348956 0.056613384 
[3] 0.055767733 0.057121353 0.058353613 0.056979744 0.056706685 0.055373162 0.055651838 0.057104179 0.055129900 0.055238400 
[4] 0.055746520 0.056423559 0.060103582 0.060749846 0.061759640 0.061044004 0.062521057 0.062522294 0.061707204 0.060916455 
[5] 0.060963055 0.060749463 0.062197625 0.062771457 0.063582875 0.063289439 0.060985713 0.060067015 0.056311235 0.055541568 
[6] 0.055167184 0.058926145 0.057000412 0.055520372 0.059221200 0.057411037 0.057474810 0.055007761 0.055538773 0.059859545 
[7] 0.063570285 0.061327490 0.055230487 0.057937574 0.055160377 0.055384448 0.055877094 0.055375737 0.055356417 0.055072699 
[8] 0.055290807 0.054698582 0.058123367 0.055175954 0.055675090 0.055363127 0.055193533 0.055887950 0.055187163 0.058775567 
[9] 0.061460059 0.061908158 0.062049577 0.071912560 0.071216667 0.065274308 0.065125087 0.065437956 0.064209578 0.059171918 
[AVERAGE] 0.058685868 s
[STANDARD DEVIATION] 0.003368211 s

FEN: 8/pK1p3p/7p/1P4N1/8/6k1/5r2/8 w - - 0 2
        [0]         [1]         [2]         [3]         [4]         [5]         [6]         [7]         [8]         [9]
[0] 0.002945957 0.003076845 0.002899711 0.003194313 0.003091597 0.002781464 0.003212145 0.002811592 0.003174503 0.003256701 
[1] 0.003363572 0.003194140 0.002965436 0.003028213 0.004384092 0.004520253 0.003683947 0.004388699 0.003522878 0.003011317 
[2] 0.003111401 0.002928779 0.003042354 0.003315031 0.003285522 0.003506063 0.004755766 0.004908158 0.004879087 0.004344487 
[3] 0.002900348 0.002999226 0.002899403 0.002942685 0.003088221 0.002885323 0.003053705 0.002852636 0.003093081 0.002887091 
[4] 0.002913252 0.003006616 0.002896781 0.003311363 0.002965209 0.003165167 0.002912868 0.003162931 0.002930266 0.002891206 
[5] 0.003016909 0.002861080 0.003029555 0.002864871 0.003122079 0.002927590 0.002875552 0.003188248 0.002854353 0.002968658 
[6] 0.003627373 0.003169806 0.002919117 0.002963746 0.003191991 0.003243041 0.003493063 0.003277642 0.002897810 0.003108361 
[7] 0.003019256 0.003551407 0.002995918 0.002973754 0.002898207 0.003037613 0.003081153 0.002860517 0.002881829 0.003064797 
[8] 0.003302688 0.002938970 0.003038057 0.002979524 0.003006602 0.002849436 0.003010442 0.002948146 0.003086234 0.002891523 
[9] 0.003143876 0.004005264 0.004511980 0.004499685 0.004536045 0.004485602 0.004035295 0.003768312 0.004042987 0.004254549 
[AVERAGE] 0.003276419 s
[STANDARD DEVIATION] 0.000533676 s

FEN: 8/1p4pk/p4b1p/4p3/1P2P1q1/P1R2NPn/7P/3Q1B1K b - - 0 2
        [0]         [1]         [2]         [3]         [4]         [5]         [6]         [7]         [8]         [9]
[0] 0.040809693 0.038769444 0.038657217 0.038162916 0.038512926 0.038079174 0.042568217 0.036782803 0.038586378 0.036417566 
[1] 0.038586739 0.037094346 0.039176950 0.037225961 0.038646518 0.040166142 0.038516846 0.038781868 0.039510135 0.037892683 
[2] 0.037416932 0.038453242 0.042098771 0.038298602 0.038873633 0.037999323 0.038407252 0.037529104 0.037854374 0.036811221 
[3] 0.036141997 0.034899857 0.034915829 0.035418446 0.040085404 0.041038886 0.040764147 0.040485610 0.039806481 0.036808670 
[4] 0.038797254 0.041095239 0.042760434 0.039310329 0.041226342 0.038666704 0.038424382 0.036829789 0.037603413 0.041368729 
[5] 0.041495692 0.036815910 0.036864073 0.035747785 0.036515957 0.035693900 0.038217341 0.036266191 0.038701471 0.038318386 
[6] 0.038825941 0.036764184 0.037524776 0.038062442 0.036783208 0.036749740 0.036595643 0.036948397 0.037806772 0.038705767 
[7] 0.039466768 0.040431470 0.038355856 0.037620784 0.035250984 0.038105557 0.039256487 0.037979650 0.038920492 0.037824265 
[8] 0.035083461 0.034891117 0.039459498 0.036977037 0.034586334 0.034179706 0.034463411 0.042021216 0.034452518 0.053382206 
[9] 0.036439112 0.035588557 0.037160995 0.037050088 0.038975884 0.038761099 0.038077818 0.037851326 0.036866020 0.042689194 
[AVERAGE] 0.038247074 s
[STANDARD DEVIATION] 0.002446131 s

FEN: 2r5/2P4R/p3kp1p/n3pNpP/4P1P1/8/3b1P2/6K1 w - - 0 2
        [0]         [1]         [2]         [3]         [4]         [5]         [6]         [7]         [8]         [9]
[0] 0.005954315 0.006231713 0.005893017 0.006405665 0.005873661 0.005728457 0.005656042 0.005742170 0.005626522 0.005715433 
[1] 0.006600761 0.005884230 0.005842201 0.005845367 0.005669372 0.005814309 0.005768179 0.005644303 0.005632216 0.005628514 
[2] 0.005644418 0.005645197 0.005703725 0.005634742 0.005659791 0.005569467 0.006439473 0.005780615 0.005766702 0.005768689 
[3] 0.005756419 0.005675952 0.005632550 0.005900891 0.005733737 0.005920975 0.005672196 0.005691529 0.005689404 0.005699324 
[4] 0.005661142 0.005690524 0.005730966 0.005599916 0.005688284 0.005690098 0.005726124 0.005786528 0.005723858 0.005657683 
[5] 0.006909785 0.006649071 0.006268086 0.006024893 0.006159622 0.005822456 0.005693821 0.005598688 0.005688241 0.005720182 
[6] 0.005644816 0.005690811 0.006799908 0.005870430 0.005827746 0.005747620 0.005764730 0.005980550 0.005753704 0.005675414 
[7] 0.005672941 0.005703391 0.005776176 0.005704888 0.005704752 0.005634460 0.005696214 0.006798839 0.007037812 0.006164642 
[8] 0.006175940 0.005962078 0.005910390 0.005932252 0.005827054 0.005758394 0.006340349 0.005962637 0.005827741 0.005733036 
[9] 0.006179519 0.005966655 0.006675189 0.006299721 0.006554561 0.006473357 0.006796133 0.006639635 0.006181175 0.006311193 
[AVERAGE] 0.005917891 s
[STANDARD DEVIATION] 0.000345651 s

FEN: r3k2r/5ppp/p2q2b1/1p2p3/5BP1/7P/PPP1QP2/R5K1 w kq - 0 2
        [0]         [1]         [2]         [3]         [4]         [5]         [6]         [7]         [8]         [9]
[0] 0.065613450 0.063805593 0.062926088 0.062826777 0.060076987 0.066145600 0.060599346 0.062382501 0.063273810 0.071213926 
[1] 0.073214393 0.064797863 0.060851092 0.061082701 0.064542923 0.063543746 0.063440877 0.065159180 0.062611808 0.061129076 
[2] 0.059303250 0.058471912 0.059471125 0.058604025 0.058469122 0.061629383 0.060080156 0.066911161 0.070772876 0.066128002 
[3] 0.063153871 0.064471789 0.065233661 0.063212034 0.065963756 0.059021853 0.058728150 0.058457155 0.058907147 0.065175270 
[4] 0.067281810 0.063417389 0.063226615 0.066494366 0.064314322 0.059089126 0.062114846 0.061337273 0.058915630 0.058820167 
[5] 0.064394261 0.061993498 0.063688503 0.058685430 0.060887516 0.061685385 0.061432252 0.058293079 0.064099023 0.063626779 
[6] 0.065056789 0.063051886 0.065092806 0.066039082 0.067132146 0.063832201 0.064201504 0.058931694 0.059018688 0.058228228 
[7] 0.059257171 0.060166063 0.058188495 0.060121302 0.060539508 0.060660773 0.059641655 0.059327888 0.059407343 0.058503980 
[8] 0.059523769 0.058959399 0.059356433 0.059197723 0.058424255 0.058649706 0.058968206 0.059415039 0.065352663 0.067348589 
[9] 0.066708281 0.067556681 0.063548082 0.062612240 0.064646481 0.065713965 0.060915569 0.061157270 0.062134938 0.063241643 
[AVERAGE] 0.062350308 s
[STANDARD DEVIATION] 0.003189465 s

FEN: 5bk1/pp3Qpn/3q4/4NpP1/2p2P2/7P/4K3/8 b - - 0 2
        [0]         [1]         [2]         [3]         [4]         [5]         [6]         [7]         [8]         [9]
[0] 0.006657099 0.006853558 0.006733715 0.007000136 0.006468961 0.006937856 0.006945754 0.006556416 0.007197009 0.006545269 
[1] 0.007263476 0.006574692 0.007584691 0.006555349 0.007028377 0.006959842 0.007120634 0.006781177 0.006996875 0.007322825 
[2] 0.007214997 0.007071727 0.006995901 0.007371149 0.007588026 0.007711775 0.007635588 0.007729177 0.008543647 0.010503842 
[3] 0.009704295 0.008108834 0.006867253 0.006879453 0.006885614 0.006900430 0.006940838 0.007039207 0.006705266 0.006809309 
[4] 0.006849321 0.006860781 0.006806805 0.006872685 0.006776465 0.006813753 0.006905947 0.007033624 0.006841347 0.006942299 
[5] 0.006980693 0.006962148 0.007247521 0.007611535 0.007231140 0.006819017 0.006775731 0.006833895 0.006750615 0.006788747 
[6] 0.006783577 0.006827235 0.006988787 0.006930956 0.007004665 0.007030249 0.007150454 0.007228469 0.007428344 0.007392366 
[7] 0.007432737 0.007833327 0.007549598 0.007400667 0.007440490 0.007635932 0.007330123 0.007457308 0.007549882 0.007699841 
[8] 0.007677370 0.007517441 0.007220984 0.007988127 0.006976762 0.007479580 0.006904426 0.007228525 0.007163656 0.007125941 
[9] 0.007155501 0.007111628 0.007143829 0.007157058 0.007286614 0.007219233 0.007127248 0.007192172 0.007002203 0.007522177 
[AVERAGE] 0.007192896 s
[STANDARD DEVIATION] 0.000553544 s

FEN: 3r1r1k/p4q1n/1p5p/2p1bp1n/P2p3N/8/1PPQ1B1P/1K1R2R1 w - - 0 2
        [0]         [1]         [2]         [3]         [4]         [5]         [6]         [7]         [8]         [9]
[0] 0.090215573 0.097261667 0.089291151 0.089059973 0.089760305 0.090688564 0.094009144 0.095772731 0.092532847 0.097210410 
[1] 0.097681454 0.097228750 0.094851532 0.091534580 0.093310974 0.095786707 0.102879517 0.096366555 0.091057831 0.089488596 
[2] 0.094205829 0.093485140 0.091379194 0.086726949 0.091591029 0.089855321 0.089467017 0.089531574 0.090627257 0.091129787 
[3] 0.093775288 0.092757601 0.096958097 0.092228197 0.091193495 0.092505255 0.093844348 0.093309707 0.088386157 0.089940601 
[4] 0.083914592 0.083288685 0.083805091 0.085152151 0.089127856 0.085693290 0.098603047 0.102238741 0.094271258 0.093463349 
[5] 0.093313619 0.097595489 0.092792653 0.090710488 0.087828514 0.089973684 0.086092172 0.082977584 0.082769218 0.082971581 
[6] 0.082854434 0.082442585 0.085167623 0.083637328 0.082308275 0.082582186 0.082562452 0.083534631 0.084257867 0.081912681 
[7] 0.086315866 0.097791559 0.099559449 0.096827838 0.099353338 0.092841711 0.094469919 0.083804582 0.097047766 0.085377053 
[8] 0.090115643 0.101109054 0.097685405 0.089765759 0.100611669 0.084092834 0.094431610 0.087810545 0.083385231 0.087629157 
[9] 0.088401558 0.088194965 0.083907602 0.095254226 0.085277727 0.084557321 0.086534286 0.092253425 0.084613362 0.082077416 
[AVERAGE] 0.090478277 s
[STANDARD DEVIATION] 0.005391532 s

FEN: r7/6kp/3pp1p1/8/4P3/5P2/5BPP/rR4K1 w - - 0 2
        [0]         [1]         [2]         [3]         [4]         [5]         [6]         [7]         [8]         [9]
[0] 0.013056728 0.012978217 0.012923223 0.012873570 0.012916207 0.012902693 0.012889353 0.012860488 0.014007009 0.012979698 
[1] 0.012827299 0.012724009 0.012822943 0.012853478 0.012885262 0.013076161 0.013207941 0.012877270 0.012905803 0.012988284 
[2] 0.012944434 0.012885514 0.012969497 0.013005612 0.013815608 0.015263016 0.014786170 0.014953230 0.014250301 0.014354279 
[3] 0.014449843 0.014947293 0.015629927 0.015864702 0.015507411 0.014650095 0.015332671 0.016161305 0.014944455 0.014389593 
[4] 0.014469795 0.014192000 0.014466675 0.014252571 0.014820410 0.015188336 0.014722895 0.014800201 0.015157929 0.014960304 
[5] 0.014059969 0.014490213 0.014015208 0.014056162 0.013886894 0.013872052 0.013282972 0.012912752 0.013098156 0.014687389 
[6] 0.014466037 0.013985281 0.014239904 0.014095836 0.013863799 0.013568639 0.013826524 0.013483139 0.013922469 0.013077743 
[7] 0.013653522 0.012765071 0.013069151 0.012795700 0.012923261 0.013653561 0.012919313 0.012730106 0.014676746 0.013736267 
[8] 0.014321553 0.014281141 0.013115841 0.012831336 0.012884261 0.012960836 0.012877675 0.013063036 0.012942725 0.012775747 
[9] 0.012891404 0.012826830 0.012931899 0.012856898 0.012878790 0.013489384 0.014101804 0.013909954 0.013774439 0.014217807 
[AVERAGE] 0.013734389 s
[STANDARD DEVIATION] 0.000871405 s

FEN: 2r1n1k1/1bq2pp1/p3p2p/8/1P1R1Q2/2N2P1P/1P3P2/1B4K1 b - - 0 2
        [0]         [1]         [2]         [3]         [4]         [5]         [6]         [7]         [8]         [9]
[0] 0.059450189 0.060108609 0.060554645 0.059819610 0.056717416 0.057179813 0.053128570 0.053425086 0.053228370 0.053140458 
[1] 0.054344780 0.057628084 0.062747250 0.061629351 0.060590769 0.057186778 0.058786254 0.060649591 0.060034103 0.059040278 
[2] 0.057626169 0.060881887 0.057047641 0.060233255 0.058129473 0.064076326 0.064381663 0.062851303 0.062800154 0.060441606 
[3] 0.057808692 0.057021868 0.056669579 0.057636813 0.060353517 0.059759172 0.059849299 0.058439098 0.056998227 0.057966433 
[4] 0.055782164 0.055818533 0.053362266 0.054058276 0.052625116 0.052946666 0.052580286 0.053644791 0.053168509 0.053533696 
[5] 0.053093170 0.053278094 0.053230292 0.053013377 0.053365123 0.053042528 0.057801839 0.058789724 0.063933040 0.062284350 
[6] 0.059975476 0.058456673 0.058998598 0.058815001 0.059792517 0.059185111 0.059567662 0.059728229 0.060030232 0.061263359 
[7] 0.059081371 0.058751288 0.058796651 0.060023877 0.061901541 0.061438831 0.060528130 0.060658720 0.057143772 0.060130476 
[8] 0.055440583 0.058130052 0.057482721 0.055860378 0.058394240 0.059255950 0.056314773 0.058471091 0.058293371 0.059414988 
[9] 0.058135596 0.053609722 0.055845462 0.052639166 0.052955409 0.052967173 0.052546666 0.054394456 0.053127155 0.058321224 
[AVERAGE] 0.057655817 s
[STANDARD DEVIATION] 0.003140482 s

FEN: 4rb2/5kp1/1p2p2p/5p2/1PP5/2Bq1NP1/5P1P/4R1K1 w - - 0 2
        [0]         [1]         [2]         [3]         [4]         [5]         [6]         [7]         [8]         [9]
[0] 0.029755457 0.029276981 0.031008609 0.029613973 0.029920190 0.029675825 0.028556085 0.029650283 0.031430389 0.030390743 
[1] 0.030580619 0.028762654 0.028748723 0.029012720 0.026977876 0.026790742 0.028932949 0.026278183 0.025955519 0.026003918 
[2] 0.026274514 0.028203335 0.026559106 0.029640172 0.026686791 0.026816649 0.028629534 0.028999228 0.026020315 0.026705767 
[3] 0.026028519 0.026158439 0.026920827 0.027554388 0.027599668 0.025895722 0.025887100 0.025956075 0.026310792 0.025957158 
[4] 0.025934549 0.025905614 0.026123989 0.026003537 0.025850077 0.025903369 0.026176554 0.025797561 0.025922907 0.026794538 
[5] 0.026146539 0.026776996 0.025850696 0.026726312 0.029794097 0.025993731 0.025929857 0.026315177 0.025984645 0.025917964 
[6] 0.025968848 0.026141897 0.025902603 0.025885256 0.025946711 0.026297781 0.025821868 0.025933696 0.026070590 0.026144463 
[7] 0.027879933 0.025873725 0.026862078 0.026067906 0.026752668 0.030648041 0.030669207 0.029765502 0.029618509 0.030092974 
[8] 0.029310031 0.029011142 0.031185206 0.033947580 0.028319023 0.028346374 0.029205824 0.028095357 0.028287566 0.028235506 
[9] 0.029685229 0.026993900 0.028073249 0.026959048 0.028424044 0.027943886 0.026139584 0.026059811 0.025818927 0.025808756 
[AVERAGE] 0.027521695 s
[STANDARD DEVIATION] 0.001762936 s

FEN: 6k1/5p2/6p1/8/7p/8/6PP/6K1 b - - 0 0
        [0]         [1]         [2]         [3]         [4]         [5]         [6]         [7]         [8]         [9]
[0] 0.000142558 0.000135559 0.000133406 0.000132338 0.000132017 0.000131926 0.000131714 0.000131879 0.000131729 0.000131493 
[1] 0.000131417 0.000131442 0.000131853 0.000131405 0.000162492 0.000131583 0.000131622 0.000146701 0.000147868 0.000143892 
[2] 0.000131924 0.000131389 0.000131227 0.000131464 0.000131522 0.000131658 0.000131613 0.000131701 0.000131150 0.000131254 
[3] 0.000131211 0.000130947 0.000131152 0.000131646 0.000131539 0.000131248 0.000163140 0.000145218 0.000148580 0.000131273 
[4] 0.000159320 0.000131061 0.000131286 0.000131232 0.000131359 0.000131373 0.000131472 0.000131709 0.000131538 0.000131315 
[5] 0.000131425 0.000131229 0.000131470 0.000131744 0.000131812 0.000131691 0.000131444 0.000131071 0.000131587 0.000131691 
[6] 0.000131841 0.000131363 0.000131312 0.000161607 0.000131227 0.000131599 0.000131302 0.000131094 0.000131232 0.000161375 
[7] 0.000145562 0.000131457 0.000131561 0.000131229 0.000131838 0.000131089 0.000131567 0.000131572 0.000131455 0.000131081 
[8] 0.000131279 0.000131442 0.000131633 0.000131435 0.000131097 0.000131212 0.000131541 0.000131563 0.000161422 0.000131649 
[9] 0.000131480 0.000131188 0.000131669 0.000131235 0.000131236 0.000131283 0.000131366 0.000131339 0.000131141 0.000131149 
[AVERAGE] 0.000134323 s
[STANDARD DEVIATION] 0.000007817 s

FEN: 3k4/2n2B2/1KP5/2B2p2/5b1p/7P/8/8 b - - 0 0
        [0]         [1]         [2]         [3]         [4]         [5]         [6]         [7]         [8]         [9]
[0] 0.006504722 0.004843138 0.004247832 0.004151157 0.004113286 0.004069371 0.004092645 0.003980029 0.004041056 0.004031982 
[1] 0.004021035 0.004056728 0.003981731 0.004024927 0.003978991 0.004072122 0.004008790 0.004026402 0.004024653 0.004022421 
[2] 0.004037957 0.004036455 0.004052950 0.004094015 0.003984896 0.004050392 0.003978447 0.004263380 0.004104305 0.004052067 
[3] 0.004054773 0.003980735 0.004023523 0.004010027 0.004063260 0.004068032 0.003975396 0.004038512 0.003976661 0.004052006 
[4] 0.004012851 0.004039003 0.004022417 0.003984938 0.004054212 0.003980116 0.004062412 0.004009458 0.003994048 0.004071485 
[5] 0.004299960 0.004382206 0.004401165 0.004096018 0.004062452 0.004032818 0.004026517 0.004015819 0.004040771 0.004063017 
[6] 0.003992555 0.004037364 0.004013864 0.004023054 0.004036184 0.004007662 0.004023025 0.004023727 0.004647214 0.004307423 
[7] 0.004168801 0.004068503 0.003983600 0.004025256 0.003985222 0.004056471 0.004182189 0.004108989 0.004025300 0.004015220 
[8] 0.004040233 0.004027549 0.004004390 0.004073405 0.004010492 0.004080687 0.003982009 0.004022808 0.004024653 0.004040456 
[9] 0.004024120 0.003985231 0.004039499 0.004082356 0.004011298 0.004023341 0.004010688 0.004028037 0.004726748 0.004535854 
[AVERAGE] 0.004103480 s
[STANDARD DEVIATION] 0.000283473 s

FEN: r7/4R2P/3p4/3k1K2/2p5/8/8/8 b - - 0 0
        [0]         [1]         [2]         [3]         [4]         [5]         [6]         [7]         [8]         [9]
[0] 0.005606500 0.004757222 0.004708622 0.004614030 0.004611435 0.004625527 0.004650215 0.004641549 0.004567174 0.004596231 
[1] 0.004628863 0.004552458 0.004627509 0.004626706 0.004549379 0.004679502 0.004593808 0.004605562 0.004641660 0.004679818 
[2] 0.004666496 0.004804244 0.004750328 0.004699899 0.004700315 0.004743729 0.004621668 0.004594995 0.004663564 0.004550957 
[3] 0.004665114 0.004601133 0.004554306 0.004669117 0.004594625 0.004548235 0.004633419 0.004594920 0.004599165 0.004621986 
[4] 0.004593676 0.004638655 0.004608635 0.004754383 0.004699346 0.004602679 0.004628964 0.004562653 0.004636693 0.004594382 
[5] 0.004584300 0.004658571 0.004635165 0.004552123 0.004624087 0.004625939 0.004578411 0.004605372 0.004595481 0.004593485 
[6] 0.004595350 0.004651608 0.004552808 0.004595169 0.005215549 0.004877372 0.004796355 0.004635328 0.004550481 0.004689302 
[7] 0.004593465 0.004611591 0.004600085 0.004606727 0.006195296 0.005182305 0.004914444 0.004745540 0.004588280 0.004612038 
[8] 0.004623716 0.004555470 0.004678263 0.004596215 0.004554216 0.004635745 0.004863933 0.004679275 0.004614129 0.004604978 
[9] 0.004596191 0.004596503 0.004675976 0.004555313 0.004610587 0.004644795 0.004554964 0.004601740 0.004669738 0.004552655 
[AVERAGE] 0.004670885 s
[STANDARD DEVIATION] 0.000209229 s

FEN: 8/8/5p2/1P1K1k2/8/2r5/8/7R w - - 0 0
        [0]         [1]         [2]         [3]         [4]         [5]         [6]         [7]         [8]         [9]
[0] 0.003673101 0.003626158 0.003690625 0.003663888 0.003649043 0.003647457 0.003599443 0.003657834 0.003601610 0.003694673 
[1] 0.003804974 0.003737986 0.003643011 0.003651118 0.003600838 0.003646140 0.003605706 0.003646127 0.003642381 0.003643741 
[2] 0.003607307 0.003650362 0.003648103 0.003634206 0.003640649 0.003634827 0.003644756 0.003618643 0.003649328 0.003605197 
[3] 0.003653500 0.003674888 0.003691374 0.003604493 0.003679713 0.003657173 0.003992660 0.003960524 0.003758480 0.003781485 
[4] 0.003608895 0.003651005 0.003631847 0.003647767 0.003657951 0.003689378 0.003609804 0.003660510 0.003603742 0.003660447 
[5] 0.003615265 0.003662702 0.003678527 0.003650098 0.003611281 0.003648194 0.003633266 0.003619711 0.003661282 0.003649071 
[6] 0.003651626 0.003614935 0.003674296 0.003635436 0.003769931 0.003739025 0.003704932 0.003601615 0.003660771 0.003601827 
[7] 0.003658621 0.004251368 0.003699317 0.003755176 0.003667661 0.003714664 0.003602362 0.003664166 0.003579099 0.003636586 
[8] 0.003591955 0.003625783 0.003574428 0.003615189 0.003570748 0.003635034 0.003620845 0.004643825 0.004100040 0.003882116 
[9] 0.004008139 0.003931714 0.003730798 0.003818162 0.003664357 0.003667855 0.004393009 0.003821619 0.004122395 0.004309511 
[AVERAGE] 0.003709752 s
[STANDARD DEVIATION] 0.000176633 s

FEN: 5n2/R7/4pk2/8/5PK1/8/8/8 b - - 0 0
        [0]         [1]         [2]         [3]         [4]         [5]         [6]         [7]         [8]         [9]
[0] 0.001022188 0.001012998 0.001282050 0.001069892 0.001011853 0.001010412 0.001066176 0.001098316 0.001527268 0.001012836 
[1] 0.001011972 0.001015732 0.001047418 0.001220704 0.001012198 0.001254487 0.001153513 0.001017819 0.001253498 0.001013133 
[2] 0.001264239 0.001012381 0.001011049 0.001246111 0.001203854 0.001154277 0.001147389 0.001013011 0.001288913 0.001208726 
[3] 0.001012686 0.001154253 0.001203940 0.001011970 0.001400811 0.001065651 0.001135311 0.001125149 0.001180227 0.001427389 
[4] 0.001015514 0.001131408 0.001135658 0.001145544 0.001544537 0.001013541 0.001148470 0.001083532 0.001142674 0.001464535 
[5] 0.001070523 0.001069121 0.001101739 0.001080744 0.001475809 0.001121313 0.001094664 0.001096672 0.001252980 0.001312136 
[6] 0.001149170 0.001130817 0.001109389 0.001632619 0.001140599 0.001111485 0.001147467 0.001123270 0.001594966 0.001144310 
[7] 0.001123272 0.001182423 0.001295994 0.001416839 0.001173517 0.001138121 0.001106383 0.001561450 0.001098197 0.001145268 
[8] 0.001093608 0.001137922 0.001536804 0.001252816 0.001267572 0.001203593 0.001140474 0.001223889 0.001344140 0.001234510 
[9] 0.001211991 0.001095110 0.001444184 0.001232765 0.001164323 0.001166328 0.001125701 0.001606582 0.001161037 0.001108841 
[AVERAGE] 0.001181607 s
[STANDARD DEVIATION] 0.000151817 s

FEN: 3Q4/8/1k6/7p/p1p4P/2q3PB/7K/8 b - - 0 0
        [0]         [1]         [2]         [3]         [4]         [5]         [6]         [7]         [8]         [9]
[0] 0.005654787 0.005914946 0.005728919 0.005767078 0.005764940 0.005490159 0.005625447 0.005695737 0.005551869 0.005871033 
[1] 0.005820886 0.005721809 0.005156197 0.004970555 0.005585223 0.005680092 0.005644620 0.005539827 0.005702486 0.005408362 
[2] 0.005143925 0.005469929 0.005585818 0.005085566 0.005004074 0.005440039 0.005691798 0.005527508 0.005575533 0.005518707 
[3] 0.005626092 0.005458706 0.005423855 0.005441356 0.005566081 0.005637996 0.005335089 0.005604290 0.005582661 0.005489575 
[4] 0.005564113 0.005537444 0.005755404 0.005425181 0.006046653 0.005558895 0.005433618 0.005450817 0.005657359 0.005483573 
[5] 0.005630196 0.005698599 0.005544138 0.005818749 0.005763926 0.005164945 0.004931459 0.004836978 0.004852812 0.004733642 
[6] 0.004878027 0.004724966 0.005429473 0.005023551 0.004957988 0.004763166 0.004641678 0.004811164 0.004709649 0.004676968 
[7] 0.004735704 0.004753561 0.004776925 0.004643389 0.004753471 0.004833693 0.004665349 0.004749145 0.004770463 0.004641710 
[8] 0.004721496 0.004765013 0.004647963 0.004762750 0.004878715 0.004737755 0.004728567 0.004737205 0.004677125 0.004706469 
[9] 0.004734597 0.004628837 0.004678780 0.004695231 0.004610260 0.004688852 0.004694174 0.004649299 0.004700380 0.004684251 
[AVERAGE] 0.005204598 s
[STANDARD DEVIATION] 0.000434696 s

FEN: 4q3/2R4P/5R2/1p6/p3k3/P7/KP6/8 b - - 0 0
        [0]         [1]         [2]         [3]         [4]         [5]         [6]         [7]         [8]         [9]
[0] 0.014204809 0.014263167 0.014465909 0.014168250 0.014147376 0.014157302 0.014792577 0.016852558 0.016967390 0.016643167 
[1] 0.017058164 0.017108030 0.017202761 0.016807772 0.017022657 0.017514046 0.017836577 0.017725871 0.017689651 0.017369367 
[2] 0.015824110 0.015895396 0.016553974 0.016253681 0.017477672 0.017662400 0.016315890 0.016245708 0.016335079 0.016095574 
[3] 0.016084993 0.015955196 0.015326839 0.015097593 0.015890609 0.015441159 0.015517157 0.015622130 0.015803357 0.016071235 
[4] 0.015962404 0.015872079 0.015872259 0.015938868 0.015588047 0.015759475 0.016041706 0.015580332 0.015662579 0.015292841 
[5] 0.015609557 0.015670003 0.015245115 0.015904239 0.016593657 0.015691917 0.016215226 0.016233126 0.016447006 0.015963288 
[6] 0.016559828 0.017001590 0.016778562 0.016604802 0.016966266 0.016985818 0.016892503 0.016859155 0.016639904 0.016370659 
[7] 0.017360063 0.015758169 0.016413792 0.015455291 0.015221846 0.015451950 0.015357396 0.015820567 0.016020097 0.015936341 
[8] 0.015735865 0.015761366 0.016059056 0.015370100 0.015367562 0.016629876 0.016674875 0.017270147 0.016935917 0.016773605 
[9] 0.017308686 0.016958720 0.017003865 0.017470700 0.017596217 0.015608185 0.015382591 0.015470428 0.015508102 0.016676778 
[AVERAGE] 0.016166281 s
[STANDARD DEVIATION] 0.000857090 s

FEN: R7/8/5rk1/5p2/1p5P/5KP1/P7/8 b - - 0 0
        [0]         [1]         [2]         [3]         [4]         [5]         [6]         [7]         [8]         [9]
[0] 0.003867909 0.003724452 0.003499286 0.004048127 0.004154898 0.003734094 0.003577656 0.003611486 0.003791278 0.004178373 
[1] 0.004179735 0.004012708 0.004201798 0.003859339 0.003465239 0.003683295 0.004106787 0.003902235 0.004172980 0.004041597 
[2] 0.003995968 0.003977399 0.004196824 0.003839407 0.004024789 0.004166557 0.004094318 0.003910186 0.004342376 0.003969362 
[3] 0.003748217 0.003823414 0.003916678 0.003885167 0.004044118 0.003950389 0.003826186 0.003851498 0.004016229 0.003846646 
[4] 0.004174589 0.003680298 0.003496576 0.003673889 0.003563963 0.003957990 0.003938891 0.003728059 0.003838312 0.003634097 
[5] 0.003548691 0.003619417 0.003477876 0.003626986 0.003568585 0.003440667 0.003460745 0.003341809 0.003649360 0.003748764 
[6] 0.003405380 0.003944147 0.003576858 0.003645807 0.003728341 0.003406137 0.003454899 0.003549435 0.003394897 0.003966331 
[7] 0.003429026 0.003901471 0.004084632 0.003622064 0.003942000 0.003944584 0.003754140 0.003921715 0.003918413 0.003730804 
[8] 0.003947175 0.004025620 0.003733810 0.003968441 0.004013803 0.003568399 0.003826575 0.003881729 0.003579735 0.004113369 
[9] 0.003669216 0.003558057 0.003686973 0.003518559 0.003694970 0.003726225 0.003573421 0.003781123 0.003983902 0.003777710 
[AVERAGE] 0.003803585 s
[STANDARD DEVIATION] 0.000228148 s

FEN: 3k4/5ppp/2q5/3p2r1/8/1Q3P2/P4P1P/3R3K w - - 0 1
        [0]         [1]         [2]         [3]         [4]         [5]         [6]         [7]         [8]         [9]
[0] 0.036840591 0.035446433 0.035196398 0.035005210 0.035004041 0.035604647 0.035439208 0.035732552 0.035808004 0.033780274 
[1] 0.034755941 0.032591440 0.036969214 0.037747353 0.036895224 0.036372626 0.035280959 0.035716487 0.039429250 0.038776716 
[2] 0.037341596 0.034661775 0.034283042 0.033988064 0.033075298 0.032770819 0.032637381 0.035015812 0.033198337 0.034603889 
[3] 0.035165741 0.035952135 0.033608880 0.033784609 0.035200131 0.034510164 0.035163985 0.034662450 0.034064158 0.034870986 
[4] 0.034998295 0.034565082 0.035001471 0.035109521 0.035028964 0.035044050 0.035526830 0.035131029 0.034571456 0.035236392 
[5] 0.034829348 0.034550171 0.035779520 0.035004752 0.034398997 0.033599603 0.034611092 0.035039227 0.034517435 0.035194242 
[6] 0.035354807 0.035084720 0.034796121 0.034969685 0.035974438 0.035378924 0.035000296 0.035134628 0.035239746 0.035755864 
[7] 0.035363094 0.035761988 0.035150702 0.034608742 0.034249765 0.035554656 0.035163147 0.035444447 0.036465846 0.035844872 
[8] 0.036540238 0.036051469 0.036377001 0.035923129 0.035638736 0.035624564 0.042855495 0.034199280 0.033553181 0.032508714 
[9] 0.032394522 0.035006697 0.033179050 0.032368273 0.035819589 0.035421704 0.036322823 0.036978793 0.039147678 0.038835823 
[AVERAGE] 0.035257325 s
[STANDARD DEVIATION] 0.001523649 s

FEN: 4R3/1k6/1p2P1p1/p7/4r3/1P1r4/1K6/2R5 w - - 0 0
        [0]         [1]         [2]         [3]         [4]         [5]         [6]         [7]         [8]         [9]
[0] 0.025128267 0.024912098 0.025095297 0.025116321 0.024854090 0.025406112 0.025877112 0.024628297 0.022836489 0.023629686 
[1] 0.025580141 0.025270949 0.023512258 0.025161074 0.023298012 0.023730494 0.023757431 0.023244348 0.022804593 0.022542841 
[2] 0.023945258 0.023559480 0.024584433 0.026702672 0.026711884 0.022493375 0.023082361 0.023590916 0.024238474 0.023124044 
[3] 0.025009313 0.024604695 0.025311527 0.024443141 0.024108290 0.022962637 0.022895394 0.023335562 0.022758318 0.023118800 
[4] 0.022680498 0.022782168 0.024499095 0.024185552 0.024253213 0.022024269 0.021509729 0.020974593 0.024709834 0.024985585 
[5] 0.024892815 0.025174146 0.026176311 0.025394315 0.025293228 0.025503354 0.025402373 0.025072882 0.024625866 0.025065510 
[6] 0.024845660 0.023334500 0.022537973 0.021140995 0.021088082 0.022569976 0.021181977 0.022097148 0.023853390 0.024120248 
[7] 0.024436717 0.022673814 0.022938008 0.022221820 0.021616650 0.021620944 0.021529697 0.023518111 0.022927892 0.023239286 
[8] 0.022250198 0.021122931 0.022455274 0.022576579 0.024546971 0.020962779 0.020866276 0.021596746 0.021040303 0.021274642 
[9] 0.020968044 0.023408244 0.023318165 0.023289774 0.022976209 0.022823041 0.022165917 0.022280490 0.023315191 0.024483125 
[AVERAGE] 0.023533856 s
[STANDARD DEVIATION] 0.001438932 s

FEN: 5k2/R7/3K4/4p3/5P2/8/8/5r2 w - - 0 0
        [0]         [1]         [2]         [3]         [4]         [5]         [6]         [7]         [8]         [9]
[0] 0.004228506 0.004187336 0.004113900 0.003983248 0.004066462 0.004013154 0.004039587 0.004019907 0.003979152 0.004036114 
[1] 0.003938308 0.004021849 0.003993762 0.003991467 0.004303132 0.004890490 0.004135829 0.004253830 0.004530546 0.004558060 
[2] 0.004476738 0.004292452 0.004524505 0.004627506 0.004564709 0.004373665 0.004432502 0.004540059 0.004325213 0.004419421 
[3] 0.004560127 0.004475073 0.004475553 0.004593464 0.004209051 0.004487207 0.004448354 0.004466755 0.004342631 0.004278194 
[4] 0.004330202 0.004359226 0.004232067 0.004300675 0.004589382 0.004009101 0.004474399 0.004516811 0.004520806 0.004145330 
[5] 0.004273799 0.004497559 0.004129224 0.004033990 0.004589649 0.004247744 0.004103846 0.004089280 0.003965119 0.004101883 
[6] 0.004182170 0.004045323 0.004027265 0.003915668 0.003997537 0.003994943 0.003909400 0.004017271 0.003906510 0.003985144 
[7] 0.004943172 0.005042579 0.004490989 0.004217789 0.004180820 0.004193070 0.004119215 0.004117020 0.004115251 0.004110630 
[8] 0.004025970 0.003904007 0.004053941 0.003970130 0.004242482 0.004013438 0.003932188 0.004010995 0.003957645 0.003978699 
[9] 0.003907402 0.004109863 0.004014978 0.003945283 0.004096111 0.004436421 0.004036896 0.004694182 0.004158065 0.004537522 
[AVERAGE] 0.004232459 s
[STANDARD DEVIATION] 0.000251532 s

FEN: 5k2/1R6/4p1p1/1pr3Pp/7P/1K6/8/8 w - - 0 0
        [0]         [1]         [2]         [3]         [4]         [5]         [6]         [7]         [8]         [9]
[0] 0.002138421 0.002277316 0.002478603 0.002127885 0.002606483 0.002075272 0.002369145 0.002560753 0.002177384 0.002325510 
[1] 0.002326104 0.002183794 0.002341423 0.002340038 0.002376595 0.002190282 0.002270604 0.002419342 0.002188191 0.002587408 
[2] 0.002288414 0.002136178 0.002228396 0.002206303 0.002283463 0.002259381 0.002361223 0.002325410 0.002133270 0.002167350 
[3] 0.002206275 0.002129959 0.002222873 0.002175471 0.002131535 0.002253693 0.002162690 0.002128934 0.003008185 0.003264462 
[4] 0.003275586 0.003262398 0.003266004 0.003051585 0.002514998 0.002777639 0.002250570 0.002189750 0.002382976 0.002131551 
[5] 0.002203321 0.002338372 0.002158095 0.002243228 0.002188770 0.002162216 0.002322222 0.002194580 0.002131665 0.002288612 
[6] 0.002138415 0.002271529 0.002188562 0.002182964 0.002248110 0.002171848 0.002280105 0.002130574 0.002249022 0.002267235 
[7] 0.002160279 0.002185014 0.002243670 0.002202848 0.002214585 0.002201940 0.002184965 0.002209630 0.002131317 0.002170355 
[8] 0.002234596 0.002162641 0.002269637 0.002126454 0.002074760 0.002299466 0.002461655 0.002124319 0.002220098 0.002320166 
[9] 0.002278906 0.002145802 0.002205859 0.002172516 0.002140117 0.002197139 0.002130563 0.002132662 0.002134415 0.002127622 
[AVERAGE] 0.002297605 s
[STANDARD DEVIATION] 0.000255654 s

FEN: 5k2/8/p7/4K1P1/P4R2/6r1/8/8 b - - 0 0
        [0]         [1]         [2]         [3]         [4]         [5]         [6]         [7]         [8]         [9]
[0] 0.002036631 0.002098911 0.003190635 0.002990681 0.003079135 0.002369865 0.002039336 0.002127207 0.002332829 0.002065247 
[1] 0.002029891 0.002212262 0.002027057 0.002068311 0.002065758 0.002029903 0.002034800 0.002032133 0.002027716 0.002030719 
[2] 0.002029512 0.002030322 0.002030731 0.002026619 0.002030585 0.002066791 0.002036928 0.002030222 0.002028442 0.002036180 
[3] 0.002001460 0.001970501 0.001955148 0.002357841 0.002267049 0.002054374 0.001975641 0.001967888 0.001926646 0.002006991 
[4] 0.002174631 0.002497471 0.002183400 0.002026668 0.001980768 0.002435941 0.002024861 0.002368119 0.002196883 0.002089115 
[5] 0.002454552 0.002028359 0.002006857 0.002419755 0.002029195 0.002064399 0.002325259 0.002041354 0.002184784 0.002193551 
[6] 0.002121972 0.002202985 0.002185455 0.002038752 0.002402605 0.002028283 0.002224659 0.002271474 0.002139800 0.002265950 
[7] 0.002116331 0.002017796 0.002444985 0.002119738 0.002114553 0.002421522 0.001977310 0.002396390 0.002063676 0.002105818 
[8] 0.002272858 0.002189593 0.002003319 0.002361887 0.002149920 0.002252405 0.002162239 0.002263527 0.002238719 0.002153634 
[9] 0.002089651 0.002321719 0.002119711 0.002138779 0.002203885 0.002140517 0.002344935 0.002201572 0.002280222 0.002273806 
[AVERAGE] 0.002172678 s
[STANDARD DEVIATION] 0.000211767 s

FEN: 8/8/8/p2r1k2/7p/PP1RK3/6P1/8 b - - 0 0
        [0]         [1]         [2]         [3]         [4]         [5]         [6]         [7]         [8]         [9]
[0] 0.003144374 0.003258865 0.002799628 0.003269200 0.002748087 0.003329278 0.002803843 0.003242342 0.002862322 0.003308282 
[1] 0.002885568 0.002985595 0.003278300 0.002969919 0.003025736 0.002765451 0.003219323 0.002841755 0.003208183 0.002773861 
[2] 0.003315485 0.002988636 0.003224509 0.002899357 0.003114893 0.002940196 0.003183555 0.002803207 0.003197357 0.002881238 
[3] 0.003148336 0.002926885 0.003120467 0.002920618 0.003044653 0.003086965 0.003106480 0.002806356 0.003264991 0.002899514 
[4] 0.002777893 0.002831947 0.002716240 0.003277120 0.002905509 0.002885506 0.002747733 0.002718220 0.002715499 0.002743591 
[5] 0.002677763 0.003309860 0.002852211 0.002771770 0.002819182 0.002682345 0.002735001 0.002721704 0.003433157 0.002702651 
[6] 0.002869328 0.002776199 0.003411805 0.002914893 0.002875735 0.003550691 0.003099511 0.002714365 0.002800934 0.003203066 
[7] 0.002881551 0.002766229 0.002816355 0.003358008 0.002869111 0.002792753 0.003360812 0.002795625 0.002913274 0.002789508 
[8] 0.003328945 0.002769395 0.002819567 0.002710619 0.003134629 0.003044101 0.002949317 0.002720392 0.002839892 0.003044427 
[9] 0.003120788 0.002779755 0.002831305 0.002759478 0.002753892 0.002689184 0.002781299 0.003400048 0.004009672 0.002974399 
[AVERAGE] 0.002976394 s
[STANDARD DEVIATION] 0.000242899 s

FEN: 8/8/8/1P4p1/5k2/5p2/P6K/8 b - - 0 0
        [0]         [1]         [2]         [3]         [4]         [5]         [6]         [7]         [8]         [9]
[0] 0.000191838 0.000173974 0.000171697 0.000171418 0.000171515 0.000171321 0.000171219 0.000170838 0.000170659 0.000212917 
[1] 0.000170822 0.000170703 0.000202965 0.000223950 0.000179558 0.000179686 0.000171129 0.000170911 0.000170935 0.000171136 
[2] 0.000171127 0.000171185 0.000171227 0.000171201 0.000171145 0.000171309 0.000171085 0.000170860 0.000170967 0.000170976 
[3] 0.000171036 0.000203964 0.000171048 0.000170885 0.000170794 0.000171084 0.000171024 0.000170945 0.000170949 0.000170787 
[4] 0.000199764 0.000171109 0.000170690 0.000170930 0.000170863 0.000170623 0.000170267 0.000170676 0.000170496 0.000170886 
[5] 0.000204196 0.000170915 0.000171279 0.000170666 0.000170926 0.000170634 0.000170830 0.000171106 0.000171017 0.000170855 
[6] 0.000170607 0.000170901 0.000170916 0.000170662 0.000170622 0.000170932 0.000171013 0.000171087 0.000170901 0.000170872 
[7] 0.000204643 0.000170639 0.000170657 0.000181753 0.000166351 0.000166411 0.000166607 0.000166777 0.000166448 0.000166572 
[8] 0.000166601 0.000166650 0.000166554 0.000166200 0.000166563 0.000166490 0.000166570 0.000166636 0.000166868 0.000224727 
[9] 0.000166691 0.000166394 0.000166318 0.000196263 0.000192669 0.000166570 0.000166121 0.000166230 0.000166523 0.000166622 
[AVERAGE] 0.000174011 s
[STANDARD DEVIATION] 0.000011829 s

FEN: 3b2k1/1p3p2/p1p5/2P4p/1P2P1p1/5p2/5P2/4RK2 w - - 0 0
        [0]         [1]         [2]         [3]         [4]         [5]         [6]         [7]         [8]         [9]
[0] 0.001409466 0.001366780 0.001318616 0.001376795 0.001390966 0.001374476 0.001329526 0.001318772 0.001352662 0.001365378 
[1] 0.001350963 0.001319617 0.001320579 0.001348771 0.001376289 0.001369667 0.001320604 0.001321064 0.001363731 0.001363232 
[2] 0.001350090 0.001320800 0.001361547 0.001364061 0.001364519 0.001365450 0.001452297 0.001673762 0.001319832 0.001373730 
[3] 0.001515065 0.001361430 0.001393150 0.001316869 0.001527368 0.001347253 0.001319972 0.002251947 0.002262736 0.002047547 
[4] 0.001814693 0.001558248 0.001437161 0.001393422 0.001476167 0.001416501 0.001392153 0.001395120 0.001485916 0.001425723 
[5] 0.001419797 0.001508179 0.001431578 0.001412354 0.001392742 0.001386164 0.001387917 0.001386880 0.001389703 0.001386826 
[6] 0.001388776 0.001392728 0.001418036 0.001393024 0.001389506 0.001391131 0.001391525 0.001388662 0.001392161 0.001381472 
[7] 0.001408695 0.001318582 0.001438430 0.001366936 0.001346036 0.001359872 0.001330562 0.001390451 0.001346133 0.001314238 
[8] 0.001358368 0.001315554 0.001387362 0.001346053 0.001316271 0.001344866 0.001317068 0.001389390 0.001357630 0.001317379 
[9] 0.001346314 0.001316916 0.001408355 0.001364423 0.001319727 0.001351361 0.001320497 0.001391896 0.001350909 0.001320038 
[AVERAGE] 0.001407320 s
[STANDARD DEVIATION] 0.000155509 s

FEN: 5k2/3R4/2K1p1p1/4P1P1/5P2/8/3r4/8 b - - 0 0
        [0]         [1]         [2]         [3]         [4]         [5]         [6]         [7]         [8]         [9]
[0] 0.002737408 0.002826878 0.002725895 0.002811076 0.002724150 0.002755782 0.002824821 0.002743209 0.002786118 0.002747432 
[1] 0.002694996 0.002938598 0.002779308 0.002828084 0.002765023 0.002778851 0.002779169 0.003322696 0.003516989 0.002713042 
[2] 0.002801358 0.002759060 0.002754838 0.002894716 0.002740024 0.002752634 0.002765033 0.002771110 0.002810682 0.002740894 
[3] 0.002722182 0.002767588 0.002776780 0.002809979 0.002722742 0.002721978 0.002777044 0.002721010 0.002862358 0.002720249 
[4] 0.002723615 0.002874384 0.002762470 0.002926055 0.002745307 0.002785930 0.002812233 0.002890615 0.002856374 0.002695054 
[5] 0.002826385 0.002755719 0.003125089 0.004349516 0.003762752 0.002816895 0.002838115 0.002890002 0.002785816 0.002770928 
[6] 0.002694180 0.002738613 0.002824350 0.002741377 0.002837100 0.002738737 0.002696680 0.002866842 0.002737544 0.002797380 
[7] 0.002767913 0.002767323 0.002791900 0.002865932 0.002814517 0.002725989 0.002750897 0.002822963 0.002692713 0.002795031 
[8] 0.002723000 0.002767895 0.002886101 0.002755054 0.002769487 0.002780545 0.002751606 0.002812048 0.002726741 0.002795785 
[9] 0.002691332 0.002722089 0.002808071 0.002722836 0.002822391 0.002726973 0.002691417 0.002809039 0.002723739 0.002798896 
[AVERAGE] 0.002819381 s
[STANDARD DEVIATION] 0.000212626 s

FEN: 6k1/6pp/5p2/8/5P2/P7/2K4P/8 b - - 0 0
        [0]         [1]         [2]         [3]         [4]         [5]         [6]         [7]         [8]         [9]
[0] 0.000330968 0.000324026 0.000323448 0.000322236 0.000322569 0.000322290 0.000378888 0.000322320 0.000322233 0.000321425 
[1] 0.000322017 0.000322051 0.000321305 0.000322031 0.000322321 0.000322514 0.000366205 0.000322467 0.000321654 0.000321875 
[2] 0.000395594 0.000321937 0.000321720 0.000321922 0.000321615 0.000321782 0.000352144 0.000322191 0.000322163 0.000350320 
[3] 0.000322200 0.000322449 0.000321846 0.000322421 0.000322029 0.000322194 0.000352219 0.000322680 0.000323310 0.000322058 
[4] 0.000322105 0.000396731 0.000321622 0.000321783 0.000321774 0.000322138 0.000365454 0.000322557 0.000322397 0.000322495 
[5] 0.000321766 0.000321980 0.000321738 0.000322355 0.000322073 0.000321444 0.000351509 0.000321804 0.000321905 0.000322260 
[6] 0.000321629 0.000321825 0.000408856 0.000334674 0.000321662 0.000321323 0.000351229 0.000322350 0.000321551 0.000322375 
[7] 0.000321710 0.000321698 0.000410851 0.000321223 0.000321049 0.000322435 0.000365065 0.000321531 0.000321622 0.000321816 
[8] 0.000321955 0.000321405 0.000321941 0.000408125 0.000321845 0.000322204 0.000351723 0.000321567 0.000321870 0.000321835 
[9] 0.000321547 0.000321725 0.000322113 0.000321961 0.000321804 0.000322027 0.000365695 0.000321831 0.000322341 0.000321774 
[AVERAGE] 0.000330413 s
[STANDARD DEVIATION] 0.000020764 s

FEN: 8/3R4/8/r3N2p/P1Pp1P2/2k2K1P/3r4/8 w - - 0 0
        [0]         [1]         [2]         [3]         [4]         [5]         [6]         [7]         [8]         [9]
[0] 0.010555400 0.010688954 0.010595238 0.010442317 0.010549163 0.010518754 0.010578324 0.010451586 0.010521902 0.012638074 
[1] 0.011294241 0.010998411 0.010600876 0.010633535 0.010557594 0.010400842 0.010929254 0.010623594 0.010465392 0.010339078 
[2] 0.010688628 0.010390595 0.010478992 0.010369218 0.010420611 0.010398421 0.011451186 0.011499460 0.011851458 0.011778484 
[3] 0.012002287 0.011633985 0.011360704 0.011540485 0.011380977 0.011412688 0.011409466 0.011289444 0.011377013 0.011335287 
[4] 0.011389808 0.011340721 0.011466669 0.011179892 0.011568801 0.011228701 0.011390639 0.011476975 0.011356418 0.011199225 
[5] 0.011192591 0.011101285 0.010723657 0.010876955 0.011826980 0.011601054 0.011226312 0.011886746 0.011232213 0.011167330 
[6] 0.010965850 0.011221216 0.010613188 0.010472742 0.010627216 0.010668331 0.010545581 0.010415290 0.010542499 0.010412472 
[7] 0.010992593 0.010723082 0.010497525 0.010528350 0.010772304 0.010584863 0.010451906 0.010538627 0.010447994 0.010485057 
[8] 0.010557855 0.010447722 0.010398790 0.010652678 0.010540028 0.010417910 0.010349245 0.010471462 0.010339768 0.010449288 
[9] 0.010355488 0.010498618 0.010466069 0.010722635 0.010480427 0.010407816 0.010343986 0.010478457 0.010328929 0.010462432 
[AVERAGE] 0.010865612 s
[STANDARD DEVIATION] 0.000491541 s

FEN: 6k1/8/6r1/8/5b2/2PR4/4K3/8 w - - 0 0        [0]         [1]         [2]         [3]         [4]         [5]         [6]         [7]         [8]         [9]
[0] 0.005981705 0.006549597 0.007171948 0.006641670 0.006037196 0.006097532 0.006030394 0.006033452 0.005964769 0.005975200 
[1] 0.005943047 0.005935393 0.005975220 0.005958925 0.006046780 0.006010271 0.005971431 0.005979095 0.006932878 0.006122118 
[2] 0.005987543 0.006078038 0.006043667 0.006050354 0.005970094 0.005972369 0.005939094 0.005909787 0.005976321 0.005963086 
[3] 0.005962855 0.005955537 0.005959743 0.005999597 0.005929009 0.005966416 0.005966326 0.006033131 0.006101364 0.006001674 
[4] 0.006060011 0.005887554 0.006032736 0.005967159 0.006000436 0.006018040 0.006042748 0.005987750 0.006359083 0.006044176 
[5] 0.006092750 0.005930468 0.005987654 0.005973904 0.006078133 0.006077454 0.006030311 0.005875532 0.005980566 0.005987918 
[6] 0.006011475 0.005984964 0.005971470 0.005979009 0.005882610 0.006001536 0.005944767 0.005975038 0.005960323 0.006000598 
[7] 0.005931026 0.006016069 0.006053980 0.006032283 0.005974250 0.005985501 0.005941569 0.006010527 0.005887473 0.005962490 
[8] 0.005959449 0.006017291 0.006048427 0.005977555 0.006888016 0.006716831 0.006196111 0.006166946 0.005972623 0.005961377 
[9] 0.005946282 0.005903213 0.005905147 0.005903070 0.005863436 0.005939096 0.005901712 0.005945337 0.005945662 0.005916940 
[AVERAGE] 0.006041205 s
[STANDARD DEVIATION] 0.000213895 s

----------------------------------- AVERAGES ------------------------------------------


---------- REGULAR POSITIONS ----------

    [AVERAGE (s)]    [STANDARD DEVIATION (s)]
 [0] 0.034952480          0.000676028
 [1] 0.027283337          0.000722296
 [2] 0.040993753          0.000379069
 [3] 0.027684476          0.000192905
 [4] 0.039953715          0.000331229
 [5] 0.089363848          0.000885548
 [6] 0.097810751          0.003888075
 [7] 0.050682600          0.002586562
 [8] 0.060459133          0.005749481
 [9] 0.039984291          0.000337491
[10] 0.054388403          0.003244824
[11] 0.024563351          0.001540966
[12] 0.030426727          0.001534944
[13] 0.015829149          0.001871828
[14] 0.083385372          0.004390990
[15] 0.037008740          0.003240632
[16] 0.123838128          0.006534634
[17] 0.042337549          0.000868985
[18] 0.077821699          0.004882437
[19] 0.042380133          0.002561416

---------- TACTICAL POSITINOS ----------

    [AVERAGE (s)]    [STANDARD DEVIATION (s)]
 [0] 0.013465723          0.000474329
 [1] 0.034528455          0.000715148
 [2] 0.013101374          0.000287958
 [3] 0.102810547          0.005952773
 [4] 0.077584183          0.003959142
 [5] 0.014438019          0.001028768
 [6] 0.058788397          0.004497858
 [7] 0.137704953          0.007641448
 [8] 0.041004389          0.000453064
 [9] 0.063842077          0.004378197
[10] 0.058685868          0.003368211
[11] 0.003276419          0.000533676
[12] 0.038247074          0.002446131
[13] 0.005917891          0.000345651
[14] 0.062350308          0.003189465
[15] 0.007192896          0.000553544
[16] 0.090478277          0.005391532
[17] 0.013734389          0.000871405
[18] 0.057655817          0.003140482
[19] 0.027521695          0.001762936

---------- SMALL POSITIONS ----------

    [AVERAGE (s)]    [STANDARD DEVIATION (s)]
 [0] 0.000134323          0.000007817
 [1] 0.004103480          0.000283473
 [2] 0.004670885          0.000209229
 [3] 0.003709752          0.000176633
 [4] 0.001181607          0.000151817
 [5] 0.005204598          0.000434696
 [6] 0.016166281          0.000857090
 [7] 0.003803585          0.000228148
 [8] 0.035257325          0.001523649
 [9] 0.023533856          0.001438932
[10] 0.004232459          0.000251532
[11] 0.002297605          0.000255654
[12] 0.002172678          0.000211767
[13] 0.002976394          0.000242899
[14] 0.000174011          0.000011829
[15] 0.001407320          0.000155509
[16] 0.002819381          0.000212626
[17] 0.000330413          0.000020764
[18] 0.010865612          0.000491541
[19] 0.006041205          0.000213895


----------------------------------- AVERAGES ------------------------------------------





---------- SUMMARY ----------

0.034952480 0.027283337 0.040993753 0.027684476 0.039953715 0.089363848 0.097810751 0.050682600 0.060459133 0.039984291 0.054388403 0.024563351 0.030426727 0.015829149 0.083385372 0.037008740 0.123838128 0.042337549 0.077821699 0.042380133 
0.013465723 0.034528455 0.013101374 0.102810547 0.077584183 0.014438019 0.058788397 0.137704953 0.041004389 0.063842077 0.058685868 0.003276419 0.038247074 0.005917891 0.062350308 0.007192896 0.090478277 0.013734389 0.057655817 0.027521695 
0.000134323 0.004103480 0.004670885 0.003709752 0.001181607 0.005204598 0.016166281 0.003803585 0.035257325 0.023533856 0.004232459 0.002297605 0.002172678 0.002976394 0.000174011 0.001407320 0.002819381 0.000330413 0.010865612 0.006041205 
0.002995269 0.003331626 0.000553890 
