0.039202718 0.034035825 0.042539862 0.028426903 0.040980274 0.109174320 0.119663790 0.055507824 0.060126290 0.043159978 0.053655671 0.022288637 0.032061047 0.015630323 0.079801862 0.035627631 0.140932087 0.048753822 0.087158199 0.045529019 
0.013168528 0.036179227 0.014074439 0.109885848 0.076310213 0.016135855 0.057222280 0.137820658 0.042695240 0.064751328 0.059579052 0.002966687 0.037556786 0.005927463 0.063350218 0.006967219 0.087129467 0.014305259 0.056941810 0.027842318 
0.000145150 0.004491247 0.005176923 0.004193219 0.001169436 0.005236805 0.015563619 0.003852493 0.034856148 0.023320417 0.004248160 0.002167842 0.002120253 0.002891743 0.000186087 0.001575082 0.002987450 0.000354018 0.011484366 0.006194730 

0.025854716 0.019955397 0.030435979 0.020779121 0.030191456 0.065075567 0.071442739 0.037700745 0.041780637 0.030184666 0.036685111 0.016127312 0.023381723 0.011640758 0.057906006 0.024437258 0.084081761 0.032808098 0.051258020 0.029511930 
0.009195802 0.023893609 0.009824712 0.072987149 0.052185638 0.010780697 0.039839473 0.093111036 0.030389959 0.044585928 0.041667049 0.002143289 0.025085536 0.004457391 0.043234703 0.005596827 0.059370375 0.009437083 0.039086759 0.019083437 
0.000122980 0.003115439 0.003581363 0.002835079 0.000785727 0.003540434 0.010602296 0.002507401 0.022988449 0.015627847 0.003064060 0.001626052 0.001590063 0.002445219 0.000166370 0.001157720 0.002268884 0.000274474 0.008627261 0.004809601 

0.016983561 0.013801635 0.020809783 0.029071867 0.050437153 0.115322887 0.129295195 0.037347829 0.030467617 0.013013500 0.023773030 0.011397784 0.004745647 0.013157774 0.020660270 0.014322125 0.099045946 0.016197176 0.026969927 0.022404337 
0.003777220 0.017737803 0.003203175 0.033731878 0.017913222 0.001715048 0.005827039 0.044891728 0.008951702 0.048624021 0.015542178 0.003076808 0.012786731 0.001984469 0.012880268 0.017204000 0.019274683 0.004736409 0.015365951 0.010650754 
0.000046923 0.002796182 0.003251902 0.002312271 0.000645204 0.003969097 0.011685022 0.001132786 0.007623987 0.007751834 0.000615792 0.001771316 0.000884972 0.000865296 0.000173984 0.000467089 0.001087709 0.000086751 0.001848370 0.001765103 

0.003496467 0.002871953 0.006181385 0.005964762 0.014929244 0.011588364 0.013995460 0.013348330 0.009947852 0.004078663 0.005353956 0.004155950 0.006140951 0.005606905 0.008745912 0.009638910 0.025007681 0.005522731 0.010232395 0.006317944 
0.002496185 0.028566385 0.003554152 0.007603263 0.006362230 0.002051236 0.005152720 0.022188225 0.007087345 0.004867905 0.007444640 0.000465985 0.006198085 0.001242296 0.005638324 0.000475559 0.008332767 0.001198116 0.006833958 0.002523762 
0.000086853 0.002734245 0.002786867 0.001609057 0.000541227 0.000755980 0.002989349 0.001766587 0.012351544 0.004262339 0.000869616 0.000810626 0.000726973 0.000692496 0.000231542 0.001452415 0.001115799 0.000158083 0.004195209 0.002144184 

0.075187466 0.065912239 0.094749543 0.066725423 0.091179983 0.216991959 0.233224542 0.111382830 0.124322577 0.091085984 0.122187549 0.047895801 0.072421795 0.029210091 0.160310455 0.062020106 0.264074519 0.097596618 0.172887475 0.091405386 
0.018152323 0.065740964 0.021945489 0.205404082 0.168386538 0.023725592 0.090812370 0.271750735 0.067779159 0.142166785 0.129243818 0.002774889 0.057926380 0.008137156 0.107103194 0.006615915 0.153070745 0.022464996 0.092749717 0.040949849 
0.000079630 0.003955253 0.004382380 0.002963988 0.000703259 0.007844375 0.016135327 0.002857786 0.041535089 0.026225597 0.003133125 0.001860964 0.001261397 0.002691198 0.000095018 0.001548200 0.002401360 0.000253768 0.010758461 0.004923046 

0.076938358 0.070722098 0.098112868 0.068410974 0.096676036 0.228547572 0.243134712 0.119524084 0.127394604 0.097500820 0.123766993 0.051797057 0.075922599 0.032210607 0.168243416 0.063362811 0.278442514 0.106037827 0.183642453 0.094292525 
0.019545096 0.071425259 0.021753800 0.216649104 0.177813677 0.026702325 0.101563973 0.288047722 0.073883467 0.145293097 0.135907154 0.002931238 0.064006652 0.010081345 0.115409556 0.006638812 0.180791357 0.024415017 0.102701022 0.048639491 
0.000083376 0.004746660 0.004626307 0.003471080 0.000776695 0.008658214 0.019255607 0.003459944 0.048929635 0.029162471 0.003419130 0.001932717 0.001436812 0.002959427 0.000104104 0.001620104 0.002852314 0.000296603 0.011908509 0.005584585 

0.004569561 0.005321261 0.014882173 0.009380771 0.013139307 0.010032946 0.009064616 0.015854624 0.014665224 0.009143625 0.003782188 0.002193223 0.003987583 0.004680067 0.015176890 0.008927501 0.012964014 0.004297197 0.016809715 0.013237934 
0.001076895 0.007132586 0.007858941 0.030585186 0.016393337 0.001829848 0.018963943 0.027664796 0.002337204 0.010361072 0.009859591 0.000319457 0.004259224 0.000999993 0.007357634 0.005558147 0.003920967 0.007550056 0.013352002 0.005367700 
0.000012650 0.000578855 0.000617772 0.000700472 0.000209141 0.004362929 0.002247404 0.000525155 0.005851260 0.001693844 0.000202341 0.000663039 0.000738476 0.000344778 0.000041959 0.000324066 0.000365452 0.000037393 0.001083667 0.000907968 

0.000100330 0.000118955 0.000130184 0.000131428 0.000081939 0.001281837 0.001380839 0.000781631 0.000951497 0.000896435 0.000852773 0.000499288 0.000151675 0.000065996 0.000135463 0.000051029 0.000174002 0.000822111 0.000170517 0.000880779 
0.000217164 0.000145464 0.000042963 0.001196683 0.000124535 0.000026879 0.000013826 0.000125525 0.000016342 0.000097455 0.000140031 0.000034127 0.000571690 0.000034056 0.000101984 0.000022328 0.000166119 0.000028283 0.000667125 0.000088457 
0.000010289 0.000129218 0.000222352 0.000018354 0.000016885 0.000092034 0.000330420 0.000150707 0.000026978 0.000011597 0.000014965 0.000011606 0.000019833 0.000107334 0.000018271 0.000024913 0.000072644 0.000018136 0.000031474 0.000033544 

