FEN: rn1q1rk1/pbp2pp1/1p2pb1p/3p4/2PP4/2N1PN2/PP2BPPP/R2QK2R w KQ - 0 10
        [0]         [1]         [2]         [3]         [4]         [5]         [6]         [7]         [8]         [9]
[0] 0.003485199 0.003410879 0.003434328 0.003399359 0.003457748 0.003410831 0.003456590 0.003410248 0.003441158 0.003393362 
[1] 0.003450609 0.003435380 0.003430406 0.003391068 0.003453660 0.003373522 0.003432967 0.003427416 0.003435778 0.003382737 
[2] 0.003472890 0.003390981 0.003404518 0.003391298 0.003374943 0.003425982 0.003389919 0.003416115 0.003390979 0.003427547 
[3] 0.003375155 0.003428862 0.003443988 0.003438117 0.003385923 0.003430934 0.003387657 0.003431815 0.003409571 0.003425025 
[4] 0.003380623 0.003449465 0.003399276 0.003431406 0.003397085 0.003435690 0.003382933 0.003431611 0.003393004 0.003438487 
[5] 0.003383327 0.003438032 0.003390309 0.003470007 0.003387457 0.003426981 0.003400466 0.003426933 0.003378661 0.003448606 
[6] 0.003378216 0.003420758 0.003385298 0.003478122 0.003377494 0.003432496 0.003378404 0.003422485 0.003375349 0.003409371 
[7] 0.003376235 0.003419723 0.003379460 0.003446558 0.003382055 0.003432746 0.003385720 0.003411241 0.003402575 0.003387516 
[8] 0.003430225 0.003380252 0.003429491 0.003399311 0.003434395 0.003386019 0.003419821 0.003413193 0.003420140 0.003407610 
[9] 0.003416637 0.003382974 0.003425438 0.003377589 0.003437516 0.003501327 0.003429571 0.003397648 0.003437439 0.003397086 
[AVERAGE] 0.003414513 s
[STANDARD DEVIATION] 0.000028086 s

FEN: rn1q1rk1/pp2ppbp/2p3p1/3p1b2/2PPn3/1P3NP1/P2NPPBP/R1BQ1RK1 w - - 1 9
        [0]         [1]         [2]         [3]         [4]         [5]         [6]         [7]         [8]         [9]
[0] 0.002788836 0.002730107 0.002762743 0.002781313 0.002697899 0.002769798 0.002730990 0.002728595 0.002779020 0.002739356 
[1] 0.002757945 0.002741628 0.002732337 0.002780475 0.002726103 0.002775095 0.002702919 0.002726261 0.002780001 0.002728656 
[2] 0.002778665 0.002704045 0.002727788 0.002785811 0.002755732 0.002786673 0.002746598 0.002700421 0.002783524 0.002759208 
[3] 0.002777015 0.002729435 0.002740372 0.002744896 0.002726627 0.002771751 0.002755622 0.002727692 0.002768040 0.002697679 
[4] 0.002778313 0.002745322 0.002731907 0.002793743 0.002701114 0.002789080 0.002735448 0.002732042 0.002774313 0.002734515 
[5] 0.002732450 0.002758552 0.002735556 0.002780625 0.002733344 0.002737338 0.002764857 0.002772102 0.002796203 0.002734045 
[6] 0.002728346 0.002796633 0.002710577 0.002782480 0.002734573 0.002734719 0.002782230 0.002712440 0.002781661 0.002732283 
[7] 0.002727611 0.002826226 0.002729183 0.002740821 0.002731480 0.002727867 0.002787735 0.002738432 0.002776570 0.002698818 
[8] 0.002729530 0.002779516 0.002742219 0.002777435 0.002706349 0.002732738 0.002778697 0.002730581 0.002778655 0.002741465 
[9] 0.002711847 0.002777273 0.002737329 0.002783675 0.002749827 0.002736734 0.002747287 0.002729821 0.002775532 0.002768954 
[AVERAGE] 0.002749847 s
[STANDARD DEVIATION] 0.000027790 s

FEN: 1rbq1rk1/pp2ppbp/2n2np1/2pp4/5P2/N1PP1NP1/PP2P1BP/R1BQ1RK1 w - - 3 9
        [0]         [1]         [2]         [3]         [4]         [5]         [6]         [7]         [8]         [9]
[0] 0.005948037 0.005918157 0.005900351 0.005970548 0.005949380 0.005956622 0.005906968 0.005958103 0.005966672 0.005897446 
[1] 0.005921527 0.005946374 0.005940107 0.005949917 0.005989798 0.005921211 0.005946067 0.005972568 0.005951794 0.005953565 
[2] 0.005918980 0.005972326 0.005953631 0.005915965 0.005919335 0.005946348 0.005951452 0.005949788 0.005944959 0.005915749 
[3] 0.005908791 0.005996697 0.005954406 0.005921981 0.005932120 0.005941500 0.005937115 0.005921581 0.006006954 0.005946583 
[4] 0.005989001 0.005947163 0.005954204 0.005947269 0.005909754 0.005944924 0.005953764 0.005914125 0.005959750 0.005954524 
[5] 0.005931396 0.005896524 0.005906621 0.005940855 0.005950115 0.005939761 0.005923436 0.005971817 0.005917738 0.005957685 
[6] 0.005965925 0.005917163 0.005921346 0.005960726 0.005951619 0.005898720 0.005914417 0.005947629 0.005941200 0.005944903 
[7] 0.005932491 0.005939345 0.005920004 0.005981193 0.005945223 0.005909733 0.005970820 0.005953542 0.005985160 0.005885671 
[8] 0.005960224 0.006052665 0.006004472 0.005955757 0.005924984 0.005955377 0.005897018 0.005941861 0.005951569 0.005909436 
[9] 0.005916692 0.005950599 0.005901714 0.005912863 0.005982635 0.005954362 0.005938167 0.005951504 0.005911476 0.005918453 
[AVERAGE] 0.005942106 s
[STANDARD DEVIATION] 0.000027603 s

FEN: r2qkb1r/pp1n1ppp/2p2n2/3pp3/6b1/3P1NP1/PPPNPPBP/R1BQ1RK1 w kq - 0 7
        [0]         [1]         [2]         [3]         [4]         [5]         [6]         [7]         [8]         [9]
[0] 0.005843008 0.005831906 0.005804714 0.005826419 0.005836569 0.005805564 0.005787847 0.005820401 0.005845414 0.005855726 
[1] 0.005799200 0.005854775 0.005777612 0.005814630 0.005812512 0.005837112 0.005840607 0.005896546 0.005745572 0.005835529 
[2] 0.005835247 0.005872007 0.005786652 0.005829521 0.005778174 0.005824841 0.005827574 0.005832523 0.005826563 0.005827551 
[3] 0.005755896 0.005882936 0.005842749 0.005864553 0.005799083 0.005851868 0.005821873 0.005788912 0.005780431 0.005830655 
[4] 0.005847966 0.005859618 0.005807117 0.005811533 0.005824207 0.005850692 0.005799295 0.005824476 0.005844121 0.005807620 
[5] 0.005804595 0.005861155 0.005834519 0.005821908 0.005809612 0.005787184 0.005827270 0.005798248 0.005828070 0.005831099 
[6] 0.005847138 0.005773845 0.005836626 0.005835433 0.005847672 0.005794160 0.005839800 0.005826617 0.005829385 0.005781602 
[7] 0.005855856 0.005835539 0.005845102 0.005799659 0.005784954 0.005858519 0.005838395 0.005810387 0.005825175 0.005838470 
[8] 0.005800383 0.005811868 0.005833976 0.005888860 0.005823935 0.005821737 0.005785199 0.005830420 0.005825292 0.005796628 
[9] 0.005842642 0.005840906 0.005785428 0.005798082 0.005838839 0.005825789 0.005840413 0.005806188 0.005818736 0.005816669 
[AVERAGE] 0.005823479 s
[STANDARD DEVIATION] 0.000026938 s

FEN: rnbqkb1r/pp3pp1/2p1pn1p/8/2pP3B/2N2N2/PP2PPPP/R2QKB1R w KQkq - 0 7
        [0]         [1]         [2]         [3]         [4]         [5]         [6]         [7]         [8]         [9]
[0] 0.014555123 0.014553094 0.014463242 0.014547823 0.014514408 0.014464078 0.014474665 0.014546741 0.014496402 0.014495114 
[1] 0.014484151 0.014456533 0.014493228 0.014556681 0.014475552 0.014462325 0.014549901 0.014477529 0.014525391 0.014443358 
[2] 0.014447308 0.014538985 0.014456429 0.014498148 0.014594263 0.014481482 0.014492726 0.014496408 0.014471883 0.014487532 
[3] 0.014506849 0.014467292 0.014484654 0.014524060 0.014485063 0.014463456 0.014564583 0.014444011 0.014477759 0.014562306 
[4] 0.014526962 0.014516247 0.014499789 0.014495766 0.014511772 0.014585446 0.014507213 0.014535202 0.014484834 0.014489466 
[5] 0.014498110 0.014462496 0.014489718 0.014514241 0.014472952 0.014487381 0.014499441 0.014478513 0.014540184 0.014495183 
[6] 0.014483113 0.014482683 0.014508807 0.014477341 0.014513309 0.014502036 0.014464775 0.014526928 0.014456946 0.014535445 
[7] 0.014575977 0.014471179 0.014539072 0.014548969 0.014470977 0.014469374 0.014499128 0.014483508 0.014471655 0.014470260 
[8] 0.014487302 0.014548546 0.014503513 0.014477435 0.014509386 0.014456669 0.014465449 0.014481436 0.014465121 0.014528331 
[9] 0.014539312 0.014503064 0.014487368 0.014594883 0.014496734 0.014479511 0.014491886 0.014512294 0.014492622 0.014448741 
[AVERAGE] 0.014499925 s
[STANDARD DEVIATION] 0.000034327 s

FEN: r3k2r/pppqb1pp/2np1n2/4p2b/P1B1P3/2N1BN1P/1PP2PP1/R2Q1RK1 b kq - 0 11
        [0]         [1]         [2]         [3]         [4]         [5]         [6]         [7]         [8]         [9]
[0] 0.011183489 0.011119519 0.011118665 0.011129804 0.011144474 0.011121602 0.011073736 0.011136133 0.011187119 0.011106986 
[1] 0.011146622 0.011076770 0.011139877 0.011202094 0.011120907 0.011127572 0.011080557 0.011113825 0.011120602 0.011113577 
[2] 0.011102602 0.011047668 0.011144410 0.011121156 0.011118531 0.011245925 0.011097931 0.011113806 0.011154643 0.011060453 
[3] 0.011171377 0.011103680 0.011124608 0.011118512 0.011098345 0.011135988 0.011119105 0.011177597 0.011134361 0.011099085 
[4] 0.011173534 0.011110239 0.011123466 0.011141732 0.011114292 0.011127970 0.011116547 0.011160884 0.011229157 0.011184686 
[5] 0.011142899 0.011093631 0.011122823 0.011158580 0.011126868 0.011115575 0.011052709 0.011208891 0.011108609 0.011104537 
[6] 0.011165761 0.011103477 0.011098470 0.011146776 0.011060353 0.011093313 0.011107882 0.011134051 0.011126011 0.011107587 
[7] 0.011147504 0.011103034 0.011165438 0.011154983 0.011112560 0.011155821 0.011078604 0.011141134 0.011205963 0.011105278 
[8] 0.011197002 0.011100892 0.011112184 0.011129661 0.011100229 0.011133352 0.011105185 0.011105213 0.011122963 0.011082806 
[9] 0.011184724 0.011112576 0.011131426 0.011189916 0.011101235 0.011137911 0.011136672 0.011083875 0.011128914 0.011167243 
[AVERAGE] 0.011128493 s
[STANDARD DEVIATION] 0.000036640 s

FEN: r3k2r/1ppqb1pp/p1np1n2/4p2b/P1B1P3/2N1BN1P/1PP2PP1/R2QR1K1 b kq - 1 12
        [0]         [1]         [2]         [3]         [4]         [5]         [6]         [7]         [8]         [9]
[0] 0.012163583 0.012218029 0.012157673 0.012144416 0.012237512 0.012221514 0.012168129 0.012152812 0.012185378 0.012208749 
[1] 0.012216734 0.012156693 0.012183510 0.012204477 0.012182963 0.012125334 0.012239544 0.012228754 0.012220703 0.012313711 
[2] 0.012197605 0.012175944 0.012208086 0.012156782 0.012163474 0.012196344 0.012204172 0.012144290 0.012236213 0.012181109 
[3] 0.012199701 0.012203159 0.012133604 0.012202868 0.012208000 0.012180993 0.012185353 0.012246688 0.012167628 0.012289762 
[4] 0.012151286 0.012159310 0.012236757 0.012191729 0.012207843 0.012205521 0.012243797 0.012176245 0.012118117 0.012213567 
[5] 0.012191729 0.012181120 0.012176526 0.012164480 0.012245519 0.012237804 0.012148891 0.012254676 0.012243133 0.012146331 
[6] 0.012173545 0.012241961 0.012172247 0.012229040 0.012181022 0.012174454 0.012232031 0.012182942 0.012139830 0.012241216 
[7] 0.012190820 0.012304893 0.012639466 0.012456783 0.012172933 0.012178219 0.012143532 0.012085513 0.012206252 0.012232325 
[8] 0.012165875 0.012191569 0.012224613 0.012159995 0.012193434 0.012141366 0.012191686 0.012200891 0.012230069 0.012106976 
[9] 0.012176799 0.012179845 0.012196719 0.012157432 0.012156801 0.012202084 0.012197632 0.012175748 0.012219704 0.012189241 
[AVERAGE] 0.012199439 s
[STANDARD DEVIATION] 0.000064398 s

FEN: rn1qkb1r/1pp2ppp/p3bn2/3p2B1/3P4/2N1PN2/PP3PPP/R2QKB1R b KQkq - 0 7
        [0]         [1]         [2]         [3]         [4]         [5]         [6]         [7]         [8]         [9]
[0] 0.012939992 0.012861903 0.012900211 0.012861341 0.012905416 0.012942511 0.013023194 0.012887906 0.012903190 0.012879865 
[1] 0.012900768 0.012890449 0.012953430 0.012893023 0.012913407 0.012887584 0.012906884 0.012823556 0.012911885 0.012909434 
[2] 0.012975247 0.012939500 0.012958495 0.012888889 0.012849802 0.012896507 0.012944864 0.012920238 0.012891243 0.012905851 
[3] 0.012902016 0.012906527 0.012925272 0.012919082 0.012920371 0.012916516 0.012907997 0.012911809 0.012886122 0.012990846 
[4] 0.012901874 0.013004292 0.012922548 0.012928710 0.012930603 0.012893901 0.012890335 0.012926375 0.012896640 0.012908976 
[5] 0.012890913 0.012915491 0.012918813 0.012877546 0.012907078 0.012935570 0.012906220 0.012891675 0.012892952 0.012910239 
[6] 0.012882090 0.012940877 0.012892699 0.012962612 0.012920490 0.012879876 0.012937170 0.012995069 0.012904972 0.012926533 
[7] 0.012906667 0.012892023 0.012912878 0.012889777 0.012850357 0.012907972 0.012908759 0.012912169 0.012909399 0.012926205 
[8] 0.012914938 0.012812536 0.012892347 0.012911699 0.012957664 0.012944497 0.012961477 0.012974109 0.012971731 0.012956184 
[9] 0.012941988 0.012918499 0.012928413 0.012940908 0.012861502 0.012855621 0.012925689 0.012860060 0.012953149 0.012895990 
[AVERAGE] 0.012913415 s
[STANDARD DEVIATION] 0.000035007 s

FEN: r2qkb1r/1p1n1p1p/p1bpp3/2p5/4P3/2N3QP/PPP2PP1/R1B1RBK1 b kq - 1 13
        [0]         [1]         [2]         [3]         [4]         [5]         [6]         [7]         [8]         [9]
[0] 0.009443418 0.009508886 0.009440540 0.009457927 0.009448146 0.009488176 0.009451545 0.009489861 0.009455191 0.009484123 
[1] 0.009409426 0.009484240 0.009507470 0.009450928 0.009466193 0.009489758 0.009394884 0.009436418 0.009488016 0.009435683 
[2] 0.009500214 0.009473618 0.009420231 0.009495424 0.009492729 0.009438913 0.009493956 0.009427168 0.009440258 0.009491494 
[3] 0.009453693 0.009494706 0.009456596 0.009474728 0.009470630 0.009419921 0.009443669 0.009490670 0.009443539 0.009486611 
[4] 0.009482776 0.009442328 0.009524503 0.009454239 0.009448080 0.009500025 0.009494789 0.009423739 0.009512385 0.009437139 
[5] 0.009435158 0.009493021 0.009454128 0.009455545 0.009454711 0.009474024 0.009482909 0.009458613 0.009435378 0.009496134 
[6] 0.009410535 0.009446280 0.009485146 0.009457091 0.009461518 0.009491869 0.009407215 0.009518558 0.009442351 0.009455381 
[7] 0.009501263 0.009462823 0.009447360 0.009517322 0.009433201 0.009478105 0.009480199 0.009452547 0.009455420 0.009442182 
[8] 0.009469308 0.009477313 0.009466778 0.009465192 0.009497075 0.009423449 0.009452151 0.009504892 0.009429607 0.009519402 
[9] 0.009455287 0.009412377 0.009511593 0.009447146 0.009469506 0.009519819 0.009464631 0.009504193 0.009492167 0.009441097 
[AVERAGE] 0.009465686 s
[STANDARD DEVIATION] 0.000029449 s

FEN: rn1q1rk1/p1p2ppp/bp3n2/3p4/1b1P4/2N1PN2/PPBB1PPP/R2QK2R b KQ - 3 9
        [0]         [1]         [2]         [3]         [4]         [5]         [6]         [7]         [8]         [9]
[0] 0.003953260 0.003882660 0.003968345 0.003899356 0.003934467 0.003931508 0.003875875 0.003992433 0.003884758 0.003933606 
[1] 0.003884380 0.003948270 0.003931353 0.003908066 0.003935306 0.003896110 0.003922078 0.003891511 0.003970238 0.003913084 
[2] 0.003915301 0.003939990 0.003876847 0.003931454 0.003912463 0.003948217 0.003903884 0.003935226 0.003931982 0.003873437 
[3] 0.003969214 0.003889765 0.003926570 0.003880459 0.003926760 0.003937596 0.003910695 0.003923284 0.003882430 0.003947229 
[4] 0.003884343 0.003961622 0.003889750 0.003929201 0.003927600 0.003886650 0.003925840 0.003931136 0.003951747 0.003898360 
[5] 0.003930350 0.003958774 0.003905813 0.003965314 0.003882501 0.003930611 0.003898448 0.003937584 0.003952182 0.003897079 
[6] 0.003923123 0.003889998 0.003931831 0.003888821 0.003975628 0.003889800 0.003925766 0.003931960 0.003900373 0.003944158 
[7] 0.003907589 0.003919909 0.003878967 0.003920999 0.003931488 0.003924455 0.003920525 0.003874514 0.003942384 0.003882907 
[8] 0.003921137 0.003938829 0.003923209 0.003929470 0.003909934 0.003925505 0.003891917 0.003956844 0.003885284 0.003923546 
[9] 0.003929177 0.003896686 0.003968816 0.003874620 0.003919397 0.003889319 0.003927623 0.003914314 0.003938885 0.003915698 
[AVERAGE] 0.003919498 s
[STANDARD DEVIATION] 0.000026911 s

FEN: rnbq1rk1/pp2bppp/4pn2/3p4/2PN4/6P1/PPQ1PPBP/RNB2RK1 b - - 0 8
        [0]         [1]         [2]         [3]         [4]         [5]         [6]         [7]         [8]         [9]
[0] 0.004724805 0.004783540 0.004753737 0.004696934 0.004773836 0.004791232 0.004743043 0.004744495 0.004788486 0.004706374 
[1] 0.004737284 0.004755786 0.004731696 0.004727413 0.004751492 0.004781062 0.004695872 0.004720481 0.004760380 0.004705389 
[2] 0.004799192 0.004742179 0.004704586 0.004791934 0.004738839 0.004736066 0.004743024 0.004802586 0.004706928 0.004731170 
[3] 0.004772946 0.004734555 0.004754774 0.004749104 0.004772275 0.004705730 0.004740698 0.004787840 0.004702830 0.004794376 
[4] 0.004757973 0.004778647 0.004742911 0.004742036 0.004725894 0.004751599 0.004792746 0.004711959 0.004793576 0.004758405 
[5] 0.004728768 0.004735865 0.004746379 0.004782176 0.004716899 0.004804202 0.004758140 0.004713890 0.004766542 0.004750995 
[6] 0.004723651 0.004743699 0.004774626 0.004702934 0.004737524 0.004781500 0.004697860 0.004760265 0.004754426 0.004716624 
[7] 0.004779252 0.004761763 0.004810432 0.004698975 0.004766406 0.004747071 0.004694894 0.004794397 0.004742368 0.004723820 
[8] 0.004740301 0.004809266 0.004687181 0.004757796 0.004798310 0.004699758 0.004770146 0.004761854 0.004745960 0.004749603 
[9] 0.004743614 0.004789365 0.004689856 0.004782033 0.004747175 0.004733674 0.004760288 0.004765919 0.004721269 0.004759696 
[AVERAGE] 0.004748701 s
[STANDARD DEVIATION] 0.000030923 s

FEN: rnbqkb1r/pp1p1ppp/4pn2/2p5/2PP4/4PN2/PP3PPP/RNBQKB1R b KQkq - 0 4
        [0]         [1]         [2]         [3]         [4]         [5]         [6]         [7]         [8]         [9]
[0] 0.003820208 0.003764707 0.003827478 0.003771321 0.003831829 0.003768649 0.003811155 0.003763105 0.003806278 0.003789801 
[1] 0.003820012 0.003829371 0.003787162 0.003801927 0.003756880 0.003831540 0.003824360 0.003808072 0.003779687 0.003856839 
[2] 0.003842528 0.003767564 0.003811360 0.003836511 0.003827660 0.003776818 0.003812203 0.003790741 0.003830948 0.003777141 
[3] 0.003836891 0.003851964 0.003778772 0.003812235 0.003764756 0.003817395 0.003776281 0.003841432 0.003768410 0.003856934 
[4] 0.003781862 0.003803998 0.003911302 0.003787333 0.003858927 0.003782485 0.003857091 0.003767229 0.003825359 0.003777384 
[5] 0.003818675 0.003858226 0.003759994 0.003802523 0.003764103 0.003818651 0.003778219 0.003835806 0.003799139 0.003808562 
[6] 0.003765115 0.003815486 0.003803839 0.003772452 0.003804789 0.003790266 0.003809791 0.003787794 0.003809593 0.003773080 
[7] 0.003819133 0.003767245 0.003840615 0.003811594 0.003769356 0.003819027 0.003768101 0.003817810 0.003763282 0.003850473 
[8] 0.003774893 0.003815799 0.003774368 0.003822491 0.003824083 0.003769613 0.003856558 0.003767467 0.003813605 0.003764367 
[9] 0.003802739 0.003772642 0.003799431 0.003782191 0.003845830 0.003817404 0.003766550 0.003809297 0.003777537 0.003809500 
[AVERAGE] 0.003803510 s
[STANDARD DEVIATION] 0.000030488 s

FEN: rnbqk2r/ppp2ppp/4pn2/3p4/1bPP4/2N2P2/PP2P1PP/R1BQKBNR w KQkq - 0 5
        [0]         [1]         [2]         [3]         [4]         [5]         [6]         [7]         [8]         [9]
[0] 0.005864151 0.005809310 0.005889200 0.005832969 0.005854669 0.005874632 0.005894472 0.005838243 0.005827001 0.005872144 
[1] 0.005857945 0.005989310 0.005869496 0.005893771 0.005817793 0.005861034 0.005904272 0.005865957 0.005877438 0.005866643 
[2] 0.005828068 0.005846164 0.005877728 0.005879695 0.005848536 0.005860550 0.005862983 0.005835061 0.005834343 0.005857365 
[3] 0.005869441 0.005869237 0.005820572 0.005817878 0.005857185 0.005845875 0.005850069 0.005890287 0.005860337 0.005858872 
[4] 0.005787841 0.005874383 0.005868794 0.005873902 0.005824599 0.005877028 0.005817899 0.005892614 0.005818180 0.005888178 
[5] 0.005858187 0.005864345 0.005796144 0.005845107 0.005873292 0.005878161 0.005888419 0.005816731 0.005877991 0.005830979 
[6] 0.005892013 0.005856851 0.005904310 0.005874775 0.005855070 0.005811326 0.005869861 0.005864684 0.005866810 0.005848672 
[7] 0.005858693 0.005851612 0.005826869 0.005845542 0.005866063 0.005862464 0.005862339 0.005845609 0.005828037 0.005858328 
[8] 0.005863017 0.005847869 0.005909509 0.005872668 0.005821642 0.005865906 0.005878566 0.005862831 0.005867329 0.005857027 
[9] 0.005827682 0.005838298 0.005869800 0.005884472 0.005829048 0.005855252 0.005855769 0.005859208 0.005856502 0.005872549 
[AVERAGE] 0.005858283 s
[STANDARD DEVIATION] 0.000027400 s

FEN: rnbqr1k1/pp1p1ppp/2p2n2/4p3/2P1P3/2P2PP1/P2P1K1P/R1BQ1BNR w - - 0 8
        [0]         [1]         [2]         [3]         [4]         [5]         [6]         [7]         [8]         [9]
[0] 0.005067964 0.005010643 0.004991153 0.004999570 0.005022343 0.004954470 0.005031669 0.005004081 0.005068817 0.004977943 
[1] 0.005043428 0.004995699 0.005030781 0.004964398 0.005055615 0.005004372 0.004984573 0.004999271 0.005079848 0.005031773 
[2] 0.004988820 0.005001802 0.005055810 0.004964722 0.005027115 0.004999808 0.005032425 0.004963537 0.005053207 0.005024487 
[3] 0.005053577 0.004972484 0.005071276 0.005017677 0.005011378 0.005009797 0.005034005 0.004993376 0.004987875 0.005064260 
[4] 0.005017568 0.004950825 0.005042593 0.005020712 0.005031405 0.004959362 0.005058781 0.005014415 0.005035560 0.004949648 
[5] 0.005053945 0.005007004 0.005019102 0.005010846 0.005028916 0.005010446 0.005025591 0.005001491 0.005035765 0.004961396 
[6] 0.005049629 0.004999381 0.005042840 0.004955268 0.005032867 0.005019137 0.005049637 0.004958932 0.005039220 0.005020215 
[7] 0.005005252 0.005006092 0.005053802 0.005029974 0.004994976 0.004995035 0.005038147 0.004948074 0.005028118 0.004997397 
[8] 0.005043636 0.004974095 0.005046140 0.005007838 0.004999560 0.005011140 0.005064223 0.005010388 0.004969815 0.005026724 
[9] 0.005034541 0.005023291 0.004966115 0.005068904 0.005002974 0.005017479 0.005015726 0.005042095 0.005334072 0.005075491 
[AVERAGE] 0.005018795 s
[STANDARD DEVIATION] 0.000045001 s

FEN: r1bq1rk1/1p2bppp/p1n1pn2/8/P1BP4/2N1BN2/1P3PPP/R2Q1RK1 w - - 3 11
        [0]         [1]         [2]         [3]         [4]         [5]         [6]         [7]         [8]         [9]
[0] 0.008192012 0.008214598 0.008049743 0.008055633 0.008041082 0.008020120 0.008111015 0.008009278 0.008008221 0.008037487 
[1] 0.008013051 0.008068961 0.008013911 0.008111328 0.008001228 0.008011986 0.008049200 0.008004168 0.008017730 0.008056017 
[2] 0.007974691 0.008070024 0.008002712 0.008018308 0.007996929 0.008031627 0.008025552 0.007996990 0.008049315 0.008009156 
[3] 0.008019845 0.008045293 0.008064578 0.008035701 0.007999340 0.008134381 0.008042267 0.008016831 0.008103019 0.008015428 
[4] 0.008080507 0.008002961 0.007997722 0.008049345 0.008026253 0.008050997 0.008009988 0.007998831 0.008048361 0.008023000 
[5] 0.008048208 0.008070297 0.008087875 0.008076781 0.008031429 0.008050700 0.007999690 0.008095601 0.007975501 0.008009824 
[6] 0.008032773 0.008086281 0.008156783 0.008129337 0.008024211 0.007987414 0.008008412 0.008050033 0.007996392 0.008003268 
[7] 0.008047752 0.008020993 0.008068778 0.008033629 0.008004793 0.007990306 0.008050599 0.008031061 0.008000125 0.008031411 
[8] 0.007990415 0.008026219 0.008054958 0.008027894 0.008050316 0.008022081 0.008149382 0.007993806 0.008007359 0.008063755 
[9] 0.007999873 0.008070612 0.008016986 0.008008349 0.008050542 0.008035357 0.008013565 0.008019353 0.007986188 0.008054056 
[AVERAGE] 0.008038680 s
[STANDARD DEVIATION] 0.000043598 s

FEN: rn1q1rk1/pbpp1ppp/8/3nP3/2BP4/5PP1/P6P/R1BQK1NR w KQ - 1 11
        [0]         [1]         [2]         [3]         [4]         [5]         [6]         [7]         [8]         [9]
[0] 0.008759085 0.008840276 0.008794493 0.008754884 0.008839830 0.008830930 0.008754966 0.008801766 0.008807294 0.008780897 
[1] 0.008783150 0.008736993 0.008839512 0.008779627 0.008738703 0.008814789 0.008837372 0.008751884 0.008792574 0.008781579 
[2] 0.008841187 0.008774406 0.008794009 0.008760398 0.008778573 0.008732176 0.008765351 0.008816397 0.008852451 0.008827076 
[3] 0.008784241 0.008819164 0.008819163 0.008779884 0.008758562 0.008805874 0.008751403 0.008796817 0.008805563 0.008762250 
[4] 0.008791810 0.008783434 0.008786560 0.008819149 0.008790123 0.008727767 0.008837635 0.008735927 0.008787357 0.008777432 
[5] 0.008787789 0.008804860 0.008805343 0.008731624 0.008824437 0.008771209 0.008787403 0.008817822 0.008756361 0.008767815 
[6] 0.008793968 0.008796055 0.008808031 0.008797893 0.008759625 0.008837033 0.008769020 0.008735652 0.008791419 0.008810769 
[7] 0.008782911 0.008774766 0.008784349 0.008811174 0.008755233 0.008731864 0.008861369 0.008809725 0.008724954 0.008772407 
[8] 0.008779451 0.008827897 0.008791518 0.008726116 0.008808829 0.008763444 0.008768465 0.008777876 0.008779844 0.008807797 
[9] 0.008812400 0.008784313 0.008751572 0.008776702 0.008731906 0.008894755 0.008944583 0.008777642 0.008782420 0.008850923 
[AVERAGE] 0.008789841 s
[STANDARD DEVIATION] 0.000036785 s

FEN: r2qk2r/1p1n1ppp/p1pbbn2/3p2B1/3P4/2NBPN1P/PP3PP1/R2QK2R w KQkq - 0 10
        [0]         [1]         [2]         [3]         [4]         [5]         [6]         [7]         [8]         [9]
[0] 0.022297138 0.022239388 0.022217451 0.022277838 0.022226771 0.022236479 0.022226928 0.022230591 0.022288231 0.022161746 
[1] 0.022395995 0.022240669 0.022266495 0.022300270 0.022270071 0.022173203 0.022202113 0.022251266 0.022293709 0.022247786 
[2] 0.022196469 0.022193253 0.022257663 0.022276000 0.022213001 0.022261793 0.022239814 0.022186315 0.022337757 0.022251879 
[3] 0.022231759 0.022224126 0.022227824 0.022229214 0.022192975 0.022223379 0.022244982 0.022217569 0.022290243 0.022197309 
[4] 0.022253840 0.022271833 0.022274408 0.022298337 0.022243056 0.022325018 0.022231452 0.022213352 0.022278253 0.022245384 
[5] 0.022251343 0.022233925 0.022198977 0.022260566 0.022256925 0.022199392 0.022221958 0.022228234 0.022373696 0.022230543 
[6] 0.022227882 0.022174705 0.022234290 0.022251585 0.022133923 0.022203531 0.022198799 0.022181405 0.022239374 0.022263225 
[7] 0.022192575 0.022277259 0.022197982 0.022280639 0.022254130 0.022246415 0.022200116 0.022284523 0.022276361 0.022184737 
[8] 0.022235692 0.022194158 0.022236613 0.022282662 0.022205233 0.022279389 0.022205685 0.022313588 0.022289133 0.022284777 
[9] 0.022298767 0.022188150 0.022249892 0.022215070 0.022163377 0.022215557 0.022264311 0.022291934 0.022227813 0.022215588 
[AVERAGE] 0.022241888 s
[STANDARD DEVIATION] 0.000043682 s

FEN: r1bq1rk1/pp2bppp/2n1pn2/2pp4/P3PB2/3P1NP1/1PP2PBP/RN1Q1RK1 b - - 2 8
        [0]         [1]         [2]         [3]         [4]         [5]         [6]         [7]         [8]         [9]
[0] 0.005132766 0.005086478 0.005105842 0.005146033 0.005149164 0.005055437 0.005151489 0.005100228 0.005127836 0.005055918 
[1] 0.005145085 0.005106664 0.005120268 0.005106066 0.005129513 0.005098829 0.005085007 0.005090841 0.005125218 0.005113042 
[2] 0.005085239 0.005130163 0.005116098 0.005132669 0.005063128 0.005106546 0.005123790 0.005160618 0.005054176 0.005132604 
[3] 0.005093345 0.005101327 0.005105649 0.005140971 0.005120013 0.005064752 0.005131942 0.005104557 0.005128294 0.005059861 
[4] 0.005140616 0.005094205 0.005136739 0.005049039 0.005155029 0.005108086 0.005129049 0.005054437 0.005156339 0.005106793 
[5] 0.005095790 0.005122283 0.005104453 0.005139900 0.005050605 0.005137559 0.005132642 0.005151189 0.005050230 0.005146730 
[6] 0.005107191 0.005124149 0.005066826 0.005142198 0.005106021 0.005132172 0.005137228 0.005108345 0.005153291 0.005054894 
[7] 0.005127894 0.005123656 0.005154125 0.005066860 0.005147226 0.005102776 0.005135370 0.005061957 0.005175972 0.005150283 
[8] 0.005115907 0.005211446 0.005095427 0.005147831 0.005095313 0.005079103 0.005105799 0.005138103 0.005068083 0.005125210 
[9] 0.005100156 0.005140815 0.005090580 0.005123712 0.005121234 0.005094514 0.005082509 0.005105779 0.005141639 0.005111032 
[AVERAGE] 0.005113218 s
[STANDARD DEVIATION] 0.000031720 s

FEN: r1bqr1k1/ppp2ppp/2n5/2bnp3/8/2NP1NP1/PP2PPBP/R1BQ1RK1 w - - 1 9
        [0]         [1]         [2]         [3]         [4]         [5]         [6]         [7]         [8]         [9]
[0] 0.009643577 0.009662544 0.009658208 0.009653662 0.009641468 0.009623946 0.009602610 0.009655381 0.009611042 0.009690758 
[1] 0.009695114 0.009630280 0.009676229 0.009607956 0.009654992 0.009703868 0.009626762 0.009704976 0.009611410 0.009634890 
[2] 0.009688160 0.009651602 0.009621143 0.009672715 0.009660204 0.009686514 0.009606083 0.009636928 0.009754136 0.009603938 
[3] 0.009657683 0.009653806 0.009625212 0.009657035 0.009623072 0.009654261 0.009651207 0.009611457 0.009657070 0.009665607 
[4] 0.009677336 0.009643778 0.009607416 0.009698341 0.009619736 0.009593035 0.009674855 0.009639050 0.009678197 0.009627744 
[5] 0.009638650 0.009651873 0.009603028 0.009722595 0.009624412 0.009653856 0.009669833 0.009629891 0.009663729 0.009625533 
[6] 0.009661082 0.009696545 0.009627440 0.009645321 0.009627867 0.009646565 0.009701652 0.009630028 0.009628574 0.009671254 
[7] 0.009613773 0.009877653 0.009811426 0.009788098 0.009564976 0.009555337 0.009561931 0.009544686 0.009569690 0.009586195 
[8] 0.009547446 0.009554375 0.009617857 0.009560088 0.009561209 0.009537398 0.009529327 0.009552176 0.009530711 0.009558470 
[9] 0.009578225 0.009551272 0.009556577 0.009618122 0.009558315 0.009563349 0.009573960 0.009527456 0.009553651 0.009512221 
[AVERAGE] 0.009631227 s
[STANDARD DEVIATION] 0.000060392 s

FEN: rnbqk2r/ppp2pp1/5n1p/3p4/1b1P3B/2N2N2/PP2PPPP/R2QKB1R b KQkq - 1 7
        [0]         [1]         [2]         [3]         [4]         [5]         [6]         [7]         [8]         [9]
[0] 0.005961018 0.005959850 0.005932885 0.005965264 0.005910762 0.005896901 0.005924861 0.005936327 0.005929290 0.005934500 
[1] 0.005935765 0.005871758 0.005928962 0.005961515 0.005931524 0.005936618 0.005939813 0.005920403 0.005882948 0.005918549 
[2] 0.005932924 0.005929442 0.005934619 0.005913637 0.005972459 0.005869279 0.005955604 0.005937206 0.005941547 0.005934385 
[3] 0.005930546 0.005937387 0.005885876 0.005938784 0.005939874 0.005979872 0.005933726 0.005937114 0.005934045 0.005880243 
[4] 0.005929912 0.005967053 0.005965827 0.006022607 0.005938485 0.005980882 0.005892079 0.005936349 0.005909552 0.005929101 
[5] 0.005952587 0.005933438 0.005994607 0.005887320 0.005947021 0.005922655 0.005922202 0.005926079 0.005935203 0.005877831 
[6] 0.005924018 0.005927226 0.005952368 0.005929859 0.005928571 0.005953773 0.005888101 0.005926267 0.005918791 0.005937605 
[7] 0.005945598 0.005951216 0.005915251 0.005862415 0.005931093 0.005929822 0.005931442 0.005935007 0.005924849 0.005916607 
[8] 0.005875100 0.005920695 0.005922185 0.005957168 0.005917075 0.005921324 0.005907588 0.005896558 0.005942096 0.005916486 
[9] 0.005926144 0.005923776 0.005929395 0.005878805 0.005923678 0.005959356 0.005950515 0.005988646 0.005941419 0.005944194 
[AVERAGE] 0.005930410 s
[STANDARD DEVIATION] 0.000027133 s

FEN: 2r5/1p2kp2/p3pn1P/6R1/6p1/2P3P1/2PR4/6K1 b - - 4 31
        [0]         [1]         [2]         [3]         [4]         [5]         [6]         [7]         [8]         [9]
[0] 0.002314214 0.002293522 0.002330192 0.002290830 0.002292898 0.002339021 0.002295536 0.002293601 0.002332777 0.002288920 
[1] 0.002290413 0.002324638 0.002288236 0.002289142 0.002332613 0.002291195 0.002293310 0.002339634 0.002287441 0.002298614 
[2] 0.002334774 0.002284403 0.002290589 0.002331600 0.002289086 0.002287032 0.002342926 0.002288579 0.002320258 0.002338676 
[3] 0.002291735 0.002287985 0.002375944 0.002299846 0.002293402 0.002337992 0.002287165 0.002286374 0.002332914 0.002298257 
[4] 0.002293428 0.002336228 0.002288712 0.002285893 0.002330813 0.002296459 0.002294756 0.002331628 0.002290450 0.002296858 
[5] 0.002333354 0.002287687 0.002285039 0.002331546 0.002287469 0.002287701 0.002333628 0.002292829 0.002290874 0.002335691 
[6] 0.002291405 0.002292974 0.002377969 0.002289421 0.002293945 0.002335896 0.002289484 0.002289411 0.002335237 0.002288733 
[7] 0.002280550 0.002336504 0.002295128 0.002289136 0.002345661 0.002296828 0.002291428 0.002338739 0.002289646 0.002287692 
[8] 0.002337441 0.002288489 0.002286976 0.002331384 0.002298268 0.002296010 0.002337168 0.002315665 0.002286529 0.002340504 
[9] 0.002293463 0.002294577 0.002336299 0.002291495 0.002291099 0.002320047 0.002308180 0.002291661 0.002322766 0.002300472 
[AVERAGE] 0.002307216 s
[STANDARD DEVIATION] 0.000022631 s

FEN: 1r4k1/p5p1/5p1p/q2p4/2rPn3/b1PQRN1P/P1RB1PP1/6K1 w - - 1 2
        [0]         [1]         [2]         [3]         [4]         [5]         [6]         [7]         [8]         [9]
[0] 0.026330579 0.026346199 0.026333226 0.026396456 0.026335620 0.026452227 0.026328936 0.026340887 0.026402463 0.026350233 
[1] 0.026315890 0.026277305 0.026601233 0.026587763 0.026623861 0.026561214 0.026635931 0.026507362 0.026610059 0.026572903 
[2] 0.026578966 0.026626016 0.026546441 0.026587781 0.026551448 0.026584512 0.026594164 0.026571487 0.026518953 0.026608486 
[3] 0.026611241 0.026834163 0.026589799 0.026553715 0.026577313 0.026582245 0.026645162 0.026584546 0.026556777 0.026686913 
[4] 0.026569156 0.026539115 0.026627431 0.026577503 0.026591882 0.026618367 0.026583942 0.026651528 0.026596357 0.026571913 
[5] 0.026547862 0.026569012 0.026545540 0.026601713 0.026677512 0.026609700 0.026655680 0.026514039 0.026702119 0.026611616 
[6] 0.026589621 0.026462279 0.026595263 0.026561094 0.026576692 0.026603128 0.026609497 0.026612604 0.026499339 0.026595067 
[7] 0.026559444 0.026623886 0.026610319 0.026615800 0.026586916 0.026542720 0.026576097 0.026579382 0.026537161 0.026536893 
[8] 0.026578487 0.026518029 0.026650862 0.026577307 0.026557412 0.026648352 0.026498805 0.026550611 0.026565948 0.026584770 
[9] 0.026541245 0.026596744 0.026572274 0.026675520 0.026574534 0.026655543 0.026559210 0.026571929 0.026543693 0.026521016 
[AVERAGE] 0.026558780 s
[STANDARD DEVIATION] 0.000091628 s

FEN: 5rk1/rNR2ppp/P3p3/3p4/2p5/2n1P3/R4PPP/6K1 w - - 0 1
        [0]         [1]         [2]         [3]         [4]         [5]         [6]         [7]         [8]         [9]
[0] 0.003283556 0.003245973 0.003283851 0.003242815 0.003277598 0.003226555 0.003253918 0.003228879 0.003226526 0.003283798 
[1] 0.003232318 0.003267407 0.003215481 0.003287723 0.003244986 0.003270048 0.003239449 0.003270880 0.003229536 0.003301838 
[2] 0.003251807 0.003269586 0.003226278 0.003256057 0.003278888 0.003226553 0.003245184 0.003281934 0.003276077 0.003224513 
[3] 0.003275614 0.003245467 0.003267926 0.003229954 0.003277236 0.003240261 0.003284575 0.003226596 0.003258214 0.003239543 
[4] 0.003248971 0.003269518 0.003224075 0.003281823 0.003228376 0.003270398 0.003234100 0.003274486 0.003223657 0.003262145 
[5] 0.003231431 0.003269247 0.003230211 0.003272678 0.003226446 0.003245977 0.003279476 0.003225178 0.003275809 0.003239902 
[6] 0.003298904 0.003227183 0.003269368 0.003225437 0.003277807 0.003234086 0.003273717 0.003190368 0.003271132 0.003225615 
[7] 0.003233858 0.003292786 0.003216732 0.003267263 0.003220097 0.003285566 0.003226774 0.003283136 0.003233996 0.003286780 
[8] 0.003226957 0.003287718 0.003224809 0.003279431 0.003225754 0.003257360 0.003236709 0.003229542 0.003267611 0.003233720 
[9] 0.003266848 0.003237515 0.003292043 0.003226286 0.003265230 0.003227434 0.003278999 0.003235158 0.003284667 0.003222426 
[AVERAGE] 0.003252561 s
[STANDARD DEVIATION] 0.000024744 s

FEN: r1bk2r1/ppp1n2p/3q3Q/1B2Np2/4n3/2P5/PP3PPP/RN3RK1 b - - 2 16
        [0]         [1]         [2]         [3]         [4]         [5]         [6]         [7]         [8]         [9]
[0] 0.006875562 0.006857217 0.006854576 0.006849892 0.006850810 0.006851039 0.006833998 0.006833687 0.006870982 0.006854214 
[1] 0.006839960 0.006839657 0.006847092 0.006847306 0.006885188 0.006854001 0.006866011 0.006856349 0.006841085 0.006836842 
[2] 0.006847474 0.006850614 0.006848663 0.006840742 0.006845768 0.006855966 0.006858169 0.006963461 0.006850468 0.006871247 
[3] 0.006894149 0.006927159 0.006861422 0.006839581 0.006843412 0.006853798 0.006873146 0.006827328 0.006852086 0.006859606 
[4] 0.006882044 0.006852118 0.006868051 0.006857491 0.006833185 0.006825606 0.006869201 0.006857633 0.006911239 0.006834050 
[5] 0.006865011 0.006836870 0.006873510 0.006854957 0.006834449 0.006849006 0.006844531 0.006879137 0.006900690 0.006846209 
[6] 0.006861787 0.006818676 0.006834869 0.006838224 0.006890249 0.006866016 0.006971046 0.006840485 0.006897358 0.006832959 
[7] 0.006966419 0.006869059 0.006840920 0.006838263 0.006958782 0.006850505 0.006829562 0.006827723 0.006840346 0.006835909 
[8] 0.006843707 0.006855642 0.006884682 0.006848599 0.006865658 0.006842732 0.006857769 0.006866880 0.006846263 0.006911849 
[9] 0.006888198 0.006856118 0.006814956 0.006835542 0.006853327 0.006826075 0.006830628 0.006858605 0.006849587 0.006880984 
[AVERAGE] 0.006859117 s
[STANDARD DEVIATION] 0.000029701 s

FEN: r2qkb1r/pp2nppp/3p4/2pNN1B1/2BnP3/3P4/PPP2PPP/R2bK2R w KQkq - 1 0
        [0]         [1]         [2]         [3]         [4]         [5]         [6]         [7]         [8]         [9]
[0] 0.005925303 0.005934059 0.005887191 0.005921734 0.005888694 0.005941216 0.005931190 0.005932467 0.005849210 0.005949893 
[1] 0.005913658 0.005901896 0.005926064 0.005891670 0.005916832 0.005862927 0.005916764 0.005877749 0.005923530 0.005919439 
[2] 0.005902919 0.005945434 0.005840790 0.005887764 0.005921778 0.005933040 0.005880100 0.005925230 0.005895828 0.005899825 
[3] 0.005875108 0.005903547 0.005933111 0.005917203 0.005911938 0.005841859 0.005949770 0.005916564 0.005907521 0.005894145 
[4] 0.005931063 0.005925801 0.005862540 0.005879294 0.005922822 0.005923838 0.005941314 0.005921934 0.005891595 0.005922465 
[5] 0.005907759 0.005913479 0.005890406 0.005913692 0.005905938 0.005868544 0.005915344 0.005873714 0.005915096 0.005917992 
[6] 0.005917108 0.005898957 0.005873327 0.005904974 0.005907055 0.005897655 0.005912942 0.005913933 0.005891750 0.005887127 
[7] 0.005868007 0.005908894 0.005919720 0.005920819 0.005904115 0.005883196 0.005915463 0.005903741 0.005867654 0.005900535 
[8] 0.005933018 0.005926968 0.005875338 0.005877987 0.005917326 0.005900700 0.005920051 0.005880810 0.005883149 0.005937228 
[9] 0.005909107 0.005885396 0.005951174 0.005900010 0.005910206 0.005871868 0.005882920 0.005919725 0.005905431 0.005902072 
[AVERAGE] 0.005905270 s
[STANDARD DEVIATION] 0.000023524 s

FEN: 1rb4r/pkPp3p/1b1P3n/1Q6/N3Pp2/8/P1P3PP/7K w - - 1 0
        [0]         [1]         [2]         [3]         [4]         [5]         [6]         [7]         [8]         [9]
[0] 0.001988640 0.002028794 0.002017776 0.002015730 0.002004624 0.002014550 0.002000460 0.001972258 0.002007469 0.002088326 
[1] 0.001971917 0.002003973 0.002059337 0.001972525 0.002004825 0.001972218 0.002071212 0.002015928 0.001973126 0.002042164 
[2] 0.001970941 0.002000666 0.002031449 0.001983628 0.001998639 0.001970645 0.002042221 0.002014335 0.001971072 0.002046020 
[3] 0.001973742 0.002004663 0.002000642 0.002014895 0.002005737 0.001972855 0.002069568 0.002016128 0.001970242 0.001999366 
[4] 0.002013806 0.002001495 0.001999650 0.002011679 0.002005620 0.001971679 0.002004813 0.002049126 0.001970814 0.001998821 
[5] 0.002012948 0.002004017 0.002002168 0.001970378 0.002102913 0.001974848 0.002002405 0.002061921 0.001975848 0.002002303 
[6] 0.001973024 0.002045430 0.002030609 0.001970907 0.002044473 0.001968704 0.002003038 0.002032986 0.001985862 0.001999994 
[7] 0.001968849 0.002059454 0.002000339 0.001972198 0.002061587 0.001973622 0.002000637 0.001999665 0.002017451 0.002002018 
[8] 0.001972253 0.002046938 0.002002651 0.001974722 0.002003942 0.002015878 0.001996124 0.001996580 0.002015124 0.002015513 
[9] 0.001970268 0.002001293 0.002061619 0.001973550 0.002028554 0.002072540 0.002008206 0.002031995 0.001976219 0.002048792 
[AVERAGE] 0.002007442 s
[STANDARD DEVIATION] 0.000030675 s

FEN: 4kb1r/p2n1ppp/4q3/4p1B1/4P3/1Q6/PPP2PPP/2KR4 w k - 1 0
        [0]         [1]         [2]         [3]         [4]         [5]         [6]         [7]         [8]         [9]
[0] 0.004854345 0.004928123 0.004887712 0.004935719 0.004837141 0.004911364 0.004944731 0.004864006 0.004877541 0.004913025 
[1] 0.004883728 0.004896145 0.004892540 0.004879183 0.004864435 0.004891478 0.004917125 0.004848912 0.004921087 0.004880672 
[2] 0.004918471 0.004839383 0.004930276 0.004881551 0.004865415 0.004880949 0.004912440 0.004834777 0.004896335 0.004912297 
[3] 0.004880338 0.004873389 0.004897054 0.004947384 0.004851368 0.004919242 0.004896527 0.004924547 0.004830691 0.004923666 
[4] 0.004875440 0.004870717 0.004881569 0.004890782 0.004881283 0.004895635 0.004913699 0.004883549 0.004870288 0.004876180 
[5] 0.004914143 0.004839176 0.004920722 0.004886556 0.004878505 0.004889999 0.004912671 0.004874179 0.004848047 0.004942718 
[6] 0.004899736 0.004871220 0.004890433 0.004908475 0.004883592 0.004869602 0.004874886 0.004912811 0.004827361 0.004946553 
[7] 0.004873344 0.004871290 0.004873900 0.004874425 0.004940327 0.004839679 0.004909583 0.004877550 0.004876659 0.004873250 
[8] 0.004906399 0.004841688 0.004906791 0.004900176 0.004916933 0.004850714 0.004920378 0.004884087 0.004861646 0.004911257 
[9] 0.004876847 0.004903852 0.004842346 0.004931871 0.004884596 0.004873391 0.004894065 0.004919068 0.004833403 0.004903038 
[AVERAGE] 0.004888482 s
[STANDARD DEVIATION] 0.000028728 s

FEN: r1b2k1r/ppp1bppp/8/1B1Q4/5q2/2P5/PPP2PPP/R3R1K1 w - - 1 0
        [0]         [1]         [2]         [3]         [4]         [5]         [6]         [7]         [8]         [9]
[0] 0.021160345 0.021134606 0.021158994 0.021126326 0.021107047 0.021176404 0.021173169 0.021136137 0.021182506 0.021098755 
[1] 0.021145928 0.021154462 0.021106839 0.021142145 0.021185878 0.021123400 0.021281783 0.021167707 0.021173597 0.021141645 
[2] 0.021182203 0.021144395 0.021156013 0.021157364 0.021125045 0.021183552 0.021030317 0.020971928 0.020941484 0.020999167 
[3] 0.020924655 0.020921744 0.020928323 0.020941736 0.020965964 0.020925222 0.021024353 0.020939724 0.020964021 0.020982712 
[4] 0.020968304 0.020967917 0.020974315 0.021004802 0.020975141 0.020997254 0.020959929 0.020924212 0.020961019 0.021014853 
[5] 0.020948545 0.020939960 0.020981257 0.020921279 0.020972628 0.020967499 0.021125834 0.021157267 0.021139678 0.021189412 
[6] 0.021120868 0.021201286 0.021171030 0.021133681 0.021081834 0.021154287 0.021129809 0.021116486 0.021168088 0.021159722 
[7] 0.021145476 0.021233383 0.021109613 0.021150998 0.021154130 0.021138770 0.021173970 0.021102179 0.021090373 0.021174909 
[8] 0.021131526 0.021147650 0.021137633 0.021156759 0.021102436 0.021175633 0.021142327 0.021239472 0.021256846 0.021149426 
[9] 0.021110619 0.021199594 0.021177962 0.021083721 0.021165510 0.021258385 0.021140469 0.021228155 0.021122534 0.021144983 
[AVERAGE] 0.021097612 s
[STANDARD DEVIATION] 0.000094691 s

FEN: 5rkr/pp2Rp2/1b1p1Pb1/3P2Q1/2n3P1/2p5/P4P2/4R1K1 w - - 1 0
        [0]         [1]         [2]         [3]         [4]         [5]         [6]         [7]         [8]         [9]
[0] 0.006852452 0.006818173 0.006826801 0.006798541 0.006815500 0.006825192 0.006841783 0.006820693 0.006796557 0.006813828 
[1] 0.006793762 0.006800065 0.006807864 0.006844180 0.006819321 0.006830854 0.006823953 0.006808222 0.006802749 0.006792198 
[2] 0.006792883 0.006797049 0.006835539 0.006800613 0.006792541 0.006793144 0.006796639 0.006812084 0.006809755 0.006832584 
[3] 0.006831477 0.006814276 0.006796565 0.006815639 0.006815321 0.006836750 0.006816584 0.006831333 0.006816389 0.006803504 
[4] 0.006802489 0.006810577 0.006812333 0.006835675 0.006844464 0.006829134 0.006807408 0.006837670 0.006824510 0.006802725 
[5] 0.006801265 0.006793075 0.006807583 0.006844985 0.006837655 0.007042753 0.006824373 0.006853927 0.006806734 0.006837612 
[6] 0.006805476 0.006866561 0.006807747 0.006884556 0.006869676 0.006812971 0.006815171 0.006814891 0.006809229 0.006828290 
[7] 0.006815685 0.006801725 0.006812015 0.006810668 0.006793620 0.006819768 0.006805998 0.006801219 0.006788181 0.006809129 
[8] 0.006806918 0.006806694 0.006798431 0.006837577 0.006815501 0.006831020 0.006854341 0.006807951 0.006804219 0.006813096 
[9] 0.006803233 0.006806694 0.006791016 0.006798123 0.006807928 0.006819012 0.006817066 0.006812654 0.006812697 0.006798179 
[AVERAGE] 0.006818452 s
[STANDARD DEVIATION] 0.000029090 s

FEN: rnbqk2r/p4p2/2pbpn1p/1p4p1/2pPP3/2N2NB1/PP2BPPP/R2QK2R w KQkq - 2 10
        [0]         [1]         [2]         [3]         [4]         [5]         [6]         [7]         [8]         [9]
[0] 0.004659344 0.004633057 0.004638923 0.004705877 0.004593567 0.004649314 0.004667411 0.004592076 0.004656099 0.004638106 
[1] 0.004580786 0.004656441 0.004628351 0.004607784 0.004636970 0.004627590 0.004623717 0.004639265 0.004654160 0.004596807 
[2] 0.004627925 0.004682259 0.004591759 0.004624245 0.004664326 0.004596436 0.004701807 0.004628087 0.004591430 0.004679044 
[3] 0.004634628 0.004632879 0.004660479 0.004638922 0.004614399 0.004627646 0.004662060 0.004582693 0.004631894 0.004652380 
[4] 0.004587922 0.004628815 0.004676092 0.004594481 0.004667016 0.004640730 0.004584896 0.004658346 0.004653900 0.004617277 
[5] 0.004626296 0.004629131 0.004635073 0.004646408 0.004684536 0.004579792 0.004644600 0.004668261 0.004601978 0.004668891 
[6] 0.004620489 0.004578956 0.004658651 0.004631829 0.004600148 0.004679001 0.004630721 0.004632483 0.004630914 0.004637461 
[7] 0.004626202 0.004625357 0.004655307 0.004603019 0.004656297 0.004662590 0.004602222 0.004660978 0.004630266 0.004588004 
[8] 0.004664347 0.004658460 0.004588185 0.004662612 0.004625374 0.004614140 0.004638485 0.004628353 0.004616450 0.004633619 
[9] 0.004694076 0.004582786 0.004629840 0.004657667 0.004588300 0.004655222 0.004646216 0.004583906 0.004682661 0.004656722 
[AVERAGE] 0.004634237 s
[STANDARD DEVIATION] 0.000030091 s

FEN: r1bqk2r/ppp1nppp/2np4/2b1p1N1/2B1P3/3P4/PPP2PPP/RNBQK2R w KQkq - 2 6
        [0]         [1]         [2]         [3]         [4]         [5]         [6]         [7]         [8]         [9]
[0] 0.007102931 0.007081151 0.007099484 0.007085591 0.007071999 0.007066310 0.007068318 0.007080283 0.007108870 0.007088173 
[1] 0.007101009 0.007100032 0.007077756 0.007081605 0.007078942 0.007087894 0.007128072 0.007087517 0.007092585 0.007083847 
[2] 0.007084296 0.007072826 0.007065009 0.007081465 0.007099566 0.007099153 0.007110765 0.007111389 0.007105042 0.007087446 
[3] 0.007072260 0.007063520 0.007070141 0.007117714 0.007187854 0.007076348 0.007086191 0.007077989 0.007082476 0.007111657 
[4] 0.007135186 0.007103164 0.007113649 0.007067440 0.007089527 0.007088474 0.007066984 0.007067810 0.007068210 0.007084914 
[5] 0.007107761 0.007064430 0.007082880 0.007082794 0.007068158 0.007066726 0.007065510 0.007098506 0.007133077 0.007080693 
[6] 0.007084235 0.007080085 0.007072929 0.007071610 0.007079896 0.007076171 0.007147781 0.007079644 0.007071125 0.007066201 
[7] 0.007065725 0.007097834 0.007087930 0.007065880 0.007105095 0.007067693 0.007087979 0.007106961 0.007085811 0.007087207 
[8] 0.007066758 0.007153336 0.007108702 0.007090744 0.007126301 0.007081278 0.007194237 0.007067345 0.007081802 0.007100413 
[9] 0.007082648 0.007076125 0.007077396 0.007091490 0.007079272 0.007072977 0.007106371 0.007135413 0.007067543 0.007097213 
[AVERAGE] 0.007090165 s
[STANDARD DEVIATION] 0.000024071 s

FEN: 8/pK1p3p/7p/1P4N1/8/6k1/5r2/8 w - - 0 2
        [0]         [1]         [2]         [3]         [4]         [5]         [6]         [7]         [8]         [9]
[0] 0.000453348 0.000441342 0.000437422 0.000438499 0.000457629 0.000451212 0.000437895 0.000440372 0.000436888 0.000480430 
[1] 0.000436719 0.000437950 0.000466375 0.000436813 0.000437502 0.000435409 0.000439185 0.000439291 0.000438175 0.000454207 
[2] 0.000452770 0.000438384 0.000436950 0.000436738 0.000452634 0.000465813 0.000437035 0.000467763 0.000436357 0.000436779 
[3] 0.000436504 0.000435887 0.000435812 0.000437382 0.000453974 0.000464577 0.000435993 0.000436008 0.000438386 0.000435482 
[4] 0.000484551 0.000435460 0.000465931 0.000435213 0.000435509 0.000434294 0.000435284 0.000436257 0.000436054 0.000453873 
[5] 0.000463817 0.000436338 0.000436863 0.000436136 0.000435609 0.000435752 0.000479841 0.000466536 0.000435499 0.000435885 
[6] 0.000436660 0.000436622 0.000436975 0.000434742 0.000450890 0.000448855 0.000434725 0.000435502 0.000437738 0.000437263 
[7] 0.000437382 0.000465234 0.000494098 0.000436341 0.000435672 0.000436285 0.000435345 0.000436584 0.000434979 0.000440477 
[8] 0.000464888 0.000435187 0.000435824 0.000435130 0.000436742 0.000435119 0.000437168 0.000523528 0.000437752 0.000435280 
[9] 0.000435927 0.000435603 0.000435714 0.000435930 0.000436140 0.000465847 0.000435239 0.000436182 0.000434970 0.000435187 
[AVERAGE] 0.000443883 s
[STANDARD DEVIATION] 0.000015157 s

FEN: 8/1p4pk/p4b1p/4p3/1P2P1q1/P1R2NPn/7P/3Q1B1K b - - 0 2
        [0]         [1]         [2]         [3]         [4]         [5]         [6]         [7]         [8]         [9]
[0] 0.005876713 0.005899245 0.005848609 0.005867117 0.005888273 0.005851427 0.005823414 0.005894323 0.005862269 0.005883188 
[1] 0.005860024 0.005823961 0.005867685 0.005876988 0.005865440 0.005843341 0.005871101 0.005896185 0.005856241 0.005852761 
[2] 0.005909475 0.005878291 0.005889467 0.005824704 0.005824903 0.005860989 0.005852645 0.005834346 0.005895718 0.005890267 
[3] 0.005854271 0.005852764 0.005901818 0.005868332 0.005882081 0.005891940 0.005860186 0.005872439 0.005859771 0.005889253 
[4] 0.005846379 0.005865087 0.005882224 0.005812443 0.005851284 0.005890296 0.005882645 0.005878999 0.005864087 0.005887909 
[5] 0.005844931 0.005847974 0.005868896 0.005890573 0.005897222 0.005855847 0.005802295 0.005935064 0.005891848 0.005868705 
[6] 0.005897112 0.005864794 0.005916239 0.005843597 0.005873637 0.005836643 0.005874383 0.005873927 0.005903683 0.005788534 
[7] 0.005868542 0.005877267 0.005909432 0.005854988 0.005877311 0.005858964 0.005854976 0.005849756 0.005876680 0.005883735 
[8] 0.005873099 0.005855513 0.005786002 0.005876412 0.005901998 0.005862702 0.005847627 0.005873152 0.005824707 0.005850357 
[9] 0.005844375 0.005967627 0.005885276 0.005880626 0.005852631 0.005845955 0.005888421 0.005856919 0.005834973 0.005868157 
[AVERAGE] 0.005867274 s
[STANDARD DEVIATION] 0.000027774 s

FEN: 2r5/2P4R/p3kp1p/n3pNpP/4P1P1/8/3b1P2/6K1 w - - 0 2
        [0]         [1]         [2]         [3]         [4]         [5]         [6]         [7]         [8]         [9]
[0] 0.001230720 0.001194986 0.001191822 0.001237575 0.001230977 0.001185602 0.001216835 0.001193904 0.001188230 0.001278788 
[1] 0.001191582 0.001237509 0.001189644 0.001189336 0.001230299 0.001233672 0.001190273 0.001232429 0.001193085 0.001191329 
[2] 0.001217935 0.001229310 0.001314355 0.001186794 0.001187124 0.001217152 0.001202247 0.001211925 0.001217080 0.001184166 
[3] 0.001190630 0.001220868 0.001252970 0.001223042 0.001189663 0.001193690 0.001216596 0.001183240 0.001238281 0.001220990 
[4] 0.001189437 0.001189167 0.001224557 0.001193936 0.001282561 0.001193644 0.001191225 0.001277183 0.001184319 0.001225575 
[5] 0.001230470 0.001185301 0.001186358 0.001216313 0.001196489 0.001278996 0.001195635 0.001196068 0.001222948 0.001185593 
[6] 0.001186175 0.001293984 0.001192878 0.001193063 0.001217177 0.001189834 0.001220369 0.001244241 0.001186742 0.001220981 
[7] 0.001192856 0.001194814 0.001263614 0.001190371 0.001191049 0.001221060 0.001187208 0.001220651 0.001232917 0.001188247 
[8] 0.001242519 0.001188804 0.001186465 0.001219501 0.001229712 0.001186621 0.001216426 0.001188027 0.001234096 0.001185784 
[9] 0.001230812 0.001222621 0.001195810 0.001197144 0.001222750 0.001237632 0.001197905 0.001223934 0.001195846 0.001225748 
[AVERAGE] 0.001212288 s
[STANDARD DEVIATION] 0.000027314 s

FEN: r3k2r/5ppp/p2q2b1/1p2p3/5BP1/7P/PPP1QP2/R5K1 w kq - 0 2
        [0]         [1]         [2]         [3]         [4]         [5]         [6]         [7]         [8]         [9]
[0] 0.005441044 0.005500543 0.005416267 0.005424610 0.005462584 0.005435566 0.005469356 0.005454470 0.005431717 0.005467761 
[1] 0.005463407 0.005431967 0.005432864 0.005409718 0.005447710 0.005459588 0.005428208 0.005446557 0.005441615 0.005426358 
[2] 0.005469249 0.005370378 0.005504918 0.005466668 0.005420702 0.005459607 0.005401724 0.005433648 0.005444984 0.005447563 
[3] 0.005424712 0.005411163 0.005409750 0.005454111 0.005452641 0.005376436 0.005451475 0.005456298 0.005432530 0.005458303 
[4] 0.005381910 0.005468581 0.005466106 0.005431563 0.005424898 0.005475000 0.005414616 0.005459521 0.005465908 0.005398413 
[5] 0.005462031 0.005427469 0.005449581 0.005445575 0.005390619 0.005459324 0.005469422 0.005428185 0.005399229 0.005435711 
[6] 0.005454035 0.005469653 0.005414640 0.005396817 0.005458847 0.005432558 0.005456938 0.005393474 0.005432162 0.005494605 
[7] 0.005439421 0.005447190 0.005403535 0.005420520 0.005442686 0.005444363 0.005449493 0.005419733 0.005442851 0.005466943 
[8] 0.005467007 0.005376364 0.005453288 0.005459082 0.005432549 0.005488254 0.005441019 0.005418477 0.005448170 0.005422813 
[9] 0.005469984 0.005410033 0.005430236 0.005470036 0.005449762 0.005368091 0.005453362 0.005410972 0.005472417 0.005465727 
[AVERAGE] 0.005439805 s
[STANDARD DEVIATION] 0.000027814 s

FEN: 5bk1/pp3Qpn/3q4/4NpP1/2p2P2/7P/4K3/8 b - - 0 2
        [0]         [1]         [2]         [3]         [4]         [5]         [6]         [7]         [8]         [9]
[0] 0.000477335 0.000465487 0.000461644 0.000461972 0.000460069 0.000489483 0.000460503 0.000462401 0.000459222 0.000461134 
[1] 0.000462105 0.000460590 0.000503463 0.000489849 0.000474225 0.000459884 0.000461707 0.000460974 0.000458374 0.000489196 
[2] 0.000458833 0.000459053 0.000457039 0.000463915 0.000463054 0.000464348 0.000490135 0.000463007 0.000518590 0.000460550 
[3] 0.000459566 0.000460726 0.000459130 0.000491699 0.000461721 0.000461920 0.000457932 0.000459869 0.000461911 0.000459823 
[4] 0.000504561 0.000458215 0.000459178 0.000503165 0.000457804 0.000463124 0.000459906 0.000489000 0.000460519 0.000460271 
[5] 0.000459336 0.000459318 0.000460944 0.000459013 0.000479253 0.000475267 0.000461862 0.000460957 0.000502172 0.000459717 
[6] 0.000457448 0.000458042 0.000490955 0.000459117 0.000460162 0.000461613 0.000459035 0.000457703 0.000460084 0.000489546 
[7] 0.000457129 0.000458398 0.000458195 0.000502673 0.000464655 0.000460038 0.000494399 0.000463014 0.000462981 0.000460636 
[8] 0.000460417 0.000461168 0.000458911 0.000495305 0.000462012 0.000459369 0.000465000 0.000467129 0.000503639 0.000459553 
[9] 0.000489571 0.000459581 0.000461057 0.000457632 0.000457904 0.000457151 0.000459191 0.000489533 0.000462705 0.000465287 
[AVERAGE] 0.000467940 s
[STANDARD DEVIATION] 0.000014569 s

FEN: 3r1r1k/p4q1n/1p5p/2p1bp1n/P2p3N/8/1PPQ1B1P/1K1R2R1 w - - 0 2
        [0]         [1]         [2]         [3]         [4]         [5]         [6]         [7]         [8]         [9]
[0] 0.007791377 0.007786059 0.007773659 0.007737535 0.007747318 0.007769383 0.007761534 0.007750945 0.007792902 0.007776711 
[1] 0.007806329 0.007798436 0.007741952 0.007725921 0.007783911 0.007755863 0.007778197 0.007781402 0.007779675 0.007730490 
[2] 0.007816865 0.007735412 0.007754392 0.007761711 0.007760135 0.007759876 0.007811027 0.007752844 0.007731985 0.007772690 
[3] 0.007812630 0.007744699 0.007770095 0.007752832 0.007744163 0.007810618 0.007747908 0.007728631 0.007771019 0.007739566 
[4] 0.007742124 0.007792447 0.007734702 0.007726647 0.007840129 0.007762985 0.007732581 0.007769524 0.007739891 0.007765414 
[5] 0.007760681 0.007740836 0.007765418 0.007755218 0.007735416 0.007741100 0.007776872 0.007731650 0.007737582 0.007777627 
[6] 0.007736710 0.007770282 0.007778230 0.007728533 0.007753731 0.007774801 0.007728626 0.007738748 0.007719976 0.007832420 
[7] 0.007763763 0.007749934 0.007790444 0.007740989 0.007769932 0.007764569 0.007722764 0.007746246 0.007847365 0.007747511 
[8] 0.007731296 0.007785530 0.007748873 0.007739145 0.007813984 0.007725936 0.007770025 0.007788541 0.007738505 0.007731818 
[9] 0.007773048 0.007738967 0.007731738 0.007775085 0.007733747 0.007802396 0.007777123 0.007752590 0.007742524 0.007764683 
[AVERAGE] 0.007761487 s
[STANDARD DEVIATION] 0.000027438 s

FEN: r7/6kp/3pp1p1/8/4P3/5P2/5BPP/rR4K1 w - - 0 2
        [0]         [1]         [2]         [3]         [4]         [5]         [6]         [7]         [8]         [9]
[0] 0.001045863 0.001034670 0.001091806 0.001055528 0.001028897 0.001071842 0.001028811 0.001029550 0.001059518 0.001072117 
[1] 0.001027623 0.001028483 0.001058656 0.001027912 0.001028722 0.001056531 0.001072437 0.001027618 0.001057844 0.001028562 
[2] 0.001028084 0.001056743 0.001072320 0.001025824 0.001057565 0.001025416 0.001025409 0.001025241 0.001054801 0.001067706 
[3] 0.001026019 0.001085354 0.001025419 0.001025168 0.001055750 0.001026205 0.001071970 0.001069760 0.001024602 0.001024315 
[4] 0.001054793 0.001025960 0.001070105 0.001028356 0.001057247 0.001024692 0.001024656 0.001057797 0.001028421 0.001070951 
[5] 0.001058089 0.001029571 0.001027740 0.001057658 0.001027184 0.001028766 0.001098515 0.001027864 0.001028774 0.001028356 
[6] 0.001058641 0.001028499 0.001070414 0.001059098 0.001028879 0.001029221 0.001057353 0.001026359 0.001025934 0.001114069 
[7] 0.001025804 0.001026037 0.001055947 0.001026740 0.001025483 0.001026083 0.001103624 0.001028507 0.001028400 0.001057012 
[8] 0.001025751 0.001026052 0.001100272 0.001026263 0.001025896 0.001055866 0.001027798 0.001027586 0.001058759 0.001073539 
[9] 0.001028916 0.001058544 0.001028844 0.001027507 0.001028826 0.001058333 0.001072118 0.001027779 0.001057056 0.001025232 
[AVERAGE] 0.001044252 s
[STANDARD DEVIATION] 0.000021895 s

FEN: 2r1n1k1/1bq2pp1/p3p2p/8/1P1R1Q2/2N2P1P/1P3P2/1B4K1 b - - 0 2
        [0]         [1]         [2]         [3]         [4]         [5]         [6]         [7]         [8]         [9]
[0] 0.006435087 0.006407198 0.006407834 0.006389476 0.006369260 0.006402631 0.006343408 0.006362037 0.006379192 0.006374283 
[1] 0.006372573 0.006380909 0.006399155 0.006391922 0.006395872 0.006408588 0.006390499 0.006400071 0.006369090 0.006339786 
[2] 0.006383378 0.006429531 0.006384746 0.006369453 0.006397504 0.006393407 0.006435131 0.006388852 0.006384586 0.006393664 
[3] 0.006381181 0.006397018 0.006353290 0.006397502 0.006426338 0.006399835 0.006393316 0.006403446 0.006429859 0.006399763 
[4] 0.006394825 0.006389224 0.006365745 0.006390958 0.006365181 0.006387540 0.006468907 0.006430589 0.006398976 0.006429959 
[5] 0.006385311 0.006389651 0.006380694 0.006381883 0.006395248 0.006531190 0.006377684 0.006384069 0.006356406 0.006387742 
[6] 0.006382828 0.006382784 0.006383007 0.006430715 0.006396820 0.006413534 0.006374998 0.006368799 0.006395315 0.006395856 
[7] 0.006331060 0.006389134 0.006434264 0.006394971 0.006388646 0.006414631 0.006383930 0.006400156 0.006388492 0.006370607 
[8] 0.006415091 0.006406168 0.006361659 0.006372772 0.006405244 0.006413737 0.006399961 0.006402177 0.006538915 0.006410208 
[9] 0.006406883 0.006387629 0.006348933 0.006384483 0.006402913 0.006331513 0.006407932 0.006402225 0.006409447 0.006390002 
[AVERAGE] 0.006394709 s
[STANDARD DEVIATION] 0.000030219 s

FEN: 4rb2/5kp1/1p2p2p/5p2/1PP5/2Bq1NP1/5P1P/4R1K1 w - - 0 2
        [0]         [1]         [2]         [3]         [4]         [5]         [6]         [7]         [8]         [9]
[0] 0.002152082 0.002160602 0.002147244 0.002124809 0.002187274 0.002145434 0.002120197 0.002196389 0.002143675 0.002118415 
[1] 0.002212100 0.002149008 0.002113813 0.002195700 0.002158349 0.002119509 0.002151311 0.002206450 0.002112682 0.002148400 
[2] 0.002152601 0.002148379 0.002153376 0.002166070 0.002165628 0.002153598 0.002157878 0.002151361 0.002145711 0.002114214 
[3] 0.002204628 0.002167936 0.002117938 0.002186981 0.002114743 0.002150126 0.002193941 0.002119293 0.002159180 0.002216313 
[4] 0.002114293 0.002143933 0.002176927 0.002136409 0.002148029 0.002150659 0.002156410 0.002145488 0.002143999 0.002180736 
[5] 0.002149990 0.002114677 0.002200928 0.002147722 0.002121509 0.002188514 0.002149314 0.002113020 0.002142773 0.002191939 
[6] 0.002119023 0.002156988 0.002200712 0.002126539 0.002151839 0.002207012 0.002111386 0.002144547 0.002169919 0.002157334 
[7] 0.002148595 0.002143425 0.002192529 0.002159866 0.002114059 0.002190581 0.002163805 0.002122144 0.002194995 0.002150648 
[8] 0.002121271 0.002190452 0.002149707 0.002116909 0.002188137 0.002114479 0.002143056 0.002142053 0.002162294 0.002159978 
[9] 0.002147456 0.002156084 0.002160938 0.002149195 0.002159324 0.002148485 0.002143248 0.002161873 0.002151683 0.002118652 
[AVERAGE] 0.002153318 s
[STANDARD DEVIATION] 0.000026846 s

FEN: 6k1/5p2/6p1/8/7p/8/6PP/6K1 b - - 0 0
        [0]         [1]         [2]         [3]         [4]         [5]         [6]         [7]         [8]         [9]
[0] 0.000113041 0.000077432 0.000075675 0.000074470 0.000073902 0.000073557 0.000073199 0.000072880 0.000072731 0.000072762 
[1] 0.000072652 0.000072691 0.000072750 0.000072456 0.000072573 0.000072495 0.000072345 0.000072459 0.000072316 0.000072417 
[2] 0.000072453 0.000072501 0.000072447 0.000072247 0.000072476 0.000072455 0.000072356 0.000072400 0.000072199 0.000101077 
[3] 0.000074308 0.000085713 0.000072295 0.000072343 0.000072787 0.000072568 0.000072310 0.000072655 0.000072376 0.000072723 
[4] 0.000072330 0.000072445 0.000072434 0.000072442 0.000072583 0.000102236 0.000072305 0.000072551 0.000072613 0.000072358 
[5] 0.000072271 0.000072460 0.000072355 0.000072393 0.000072175 0.000072384 0.000072389 0.000072472 0.000072377 0.000072115 
[6] 0.000072626 0.000072445 0.000072217 0.000072294 0.000072417 0.000072413 0.000072408 0.000072437 0.000072389 0.000072427 
[7] 0.000072367 0.000072437 0.000072233 0.000072284 0.000071980 0.000072287 0.000072560 0.000072443 0.000072468 0.000072483 
[8] 0.000072459 0.000072556 0.000072208 0.000072433 0.000071992 0.000072217 0.000072439 0.000072239 0.000072198 0.000072264 
[9] 0.000102434 0.000072413 0.000072363 0.000072144 0.000072203 0.000072049 0.000072026 0.000072191 0.000072459 0.000072169 
[AVERAGE] 0.000073983 s
[STANDARD DEVIATION] 0.000006515 s

FEN: 3k4/2n2B2/1KP5/2B2p2/5b1p/7P/8/8 b - - 0 0
        [0]         [1]         [2]         [3]         [4]         [5]         [6]         [7]         [8]         [9]
[0] 0.002475356 0.002445191 0.002441270 0.002497226 0.002410221 0.002443001 0.002479427 0.002451484 0.002404983 0.002497452 
[1] 0.002453734 0.002453869 0.002463507 0.002440797 0.002497500 0.002409511 0.002442839 0.002486062 0.002446314 0.002404550 
[2] 0.002480515 0.002439448 0.002453541 0.002455553 0.002441080 0.002439489 0.002482710 0.002406892 0.002452467 0.002490460 
[3] 0.002440880 0.002453362 0.002451492 0.002439278 0.002450644 0.002434481 0.002441605 0.002483812 0.002407699 0.002438767 
[4] 0.002512834 0.002435381 0.002409419 0.002479868 0.002442691 0.002437428 0.002463703 0.002439584 0.002485173 0.002398252 
[5] 0.002436411 0.002482035 0.002443098 0.002412401 0.002528453 0.002439461 0.002442295 0.002453867 0.002445213 0.002439306 
[6] 0.002479261 0.002404396 0.002436010 0.002480281 0.002403748 0.002492564 0.002469049 0.002439452 0.002450853 0.002433373 
[7] 0.002434695 0.002483156 0.002405694 0.002432614 0.002504208 0.002436301 0.002411149 0.002486460 0.002437498 0.002438692 
[8] 0.002470297 0.002439559 0.002490303 0.002414505 0.002431933 0.002494138 0.002437803 0.002408124 0.002477227 0.002439062 
[9] 0.002440332 0.002458966 0.002440135 0.002438529 0.002497419 0.002411333 0.002458323 0.002485139 0.002411442 0.002473622 
[AVERAGE] 0.002450330 s
[STANDARD DEVIATION] 0.000028566 s

FEN: r7/4R2P/3p4/3k1K2/2p5/8/8/8 b - - 0 0
        [0]         [1]         [2]         [3]         [4]         [5]         [6]         [7]         [8]         [9]
[0] 0.002598231 0.002571181 0.002610089 0.002538015 0.002571150 0.002627767 0.002564594 0.002565303 0.002600443 0.002582324 
[1] 0.002622908 0.002569277 0.002535135 0.002611887 0.002579172 0.002566213 0.002578294 0.002567409 0.002611654 0.002579051 
[2] 0.002536945 0.002609281 0.002567576 0.002574726 0.002611179 0.002541281 0.002615256 0.002570100 0.002601671 0.002595926 
[3] 0.002566800 0.002582181 0.002610595 0.002567990 0.002583644 0.002572394 0.002570367 0.002607515 0.002538901 0.002561668 
[4] 0.002616114 0.002577694 0.002597035 0.002550797 0.002565734 0.002615667 0.002567344 0.002538311 0.002630169 0.002564016 
[5] 0.002569760 0.002626150 0.002541900 0.002612004 0.002613757 0.002566996 0.002577954 0.002565863 0.002568875 0.002641107 
[6] 0.002541035 0.002639070 0.002565548 0.002582940 0.002611939 0.002537816 0.002570213 0.002613950 0.002563791 0.002580902 
[7] 0.002581491 0.002565637 0.002610158 0.002562695 0.002543436 0.002613027 0.002573502 0.002629167 0.002539616 0.002592864 
[8] 0.002625623 0.002578936 0.002570845 0.002579482 0.002569680 0.002600181 0.002576618 0.002537917 0.002617377 0.002566843 
[9] 0.002581074 0.002610319 0.002538848 0.002578244 0.002636588 0.002570282 0.002678954 0.002569892 0.002571949 0.002624898 
[AVERAGE] 0.002583467 s
[STANDARD DEVIATION] 0.000028866 s

FEN: 8/8/5p2/1P1K1k2/8/2r5/8/7R w - - 0 0
        [0]         [1]         [2]         [3]         [4]         [5]         [6]         [7]         [8]         [9]
[0] 0.001448421 0.001468840 0.001437816 0.001494577 0.001447486 0.001431757 0.001467262 0.001437495 0.001511133 0.001436350 
[1] 0.001464991 0.001438529 0.001436712 0.001519727 0.001434365 0.001482233 0.001437735 0.001495705 0.001447867 0.001466147 
[2] 0.001459089 0.001437486 0.001523122 0.001435238 0.001464104 0.001434393 0.001463567 0.001488811 0.001434478 0.001478672 
[3] 0.001431350 0.001462353 0.001489546 0.001480050 0.001435124 0.001462237 0.001462842 0.001451328 0.001463000 0.001432813 
[4] 0.001465365 0.001491460 0.001478728 0.001437595 0.001435755 0.001466204 0.001483133 0.001481576 0.001437711 0.001467093 
[5] 0.001437650 0.001507626 0.001433809 0.001434290 0.001465138 0.001466589 0.001477752 0.001434688 0.001465480 0.001433372 
[6] 0.001478310 0.001492464 0.001436627 0.001466133 0.001434143 0.001517975 0.001434323 0.001464083 0.001436144 0.001435779 
[7] 0.001509169 0.001433166 0.001462938 0.001436144 0.001495189 0.001450130 0.001434788 0.001464273 0.001433379 0.001508857 
[8] 0.001436276 0.001478765 0.001434081 0.001464670 0.001477312 0.001434004 0.001465471 0.001489111 0.001482271 0.001478382 
[9] 0.001463762 0.001434487 0.001451023 0.001474321 0.001448897 0.001463933 0.001434807 0.001466043 0.001476210 0.001536564 
[AVERAGE] 0.001461102 s
[STANDARD DEVIATION] 0.000025315 s

FEN: 5n2/R7/4pk2/8/5PK1/8/8/8 b - - 0 0
        [0]         [1]         [2]         [3]         [4]         [5]         [6]         [7]         [8]         [9]
[0] 0.000512734 0.000505273 0.000503071 0.000502757 0.000503118 0.000545502 0.000501202 0.000501382 0.000501516 0.000530779 
[1] 0.000514491 0.000501867 0.000532762 0.000529009 0.000501068 0.000500161 0.000503783 0.000502964 0.000558877 0.000501632 
[2] 0.000501957 0.000501992 0.000500851 0.000544345 0.000500952 0.000530844 0.000500119 0.000499366 0.000501058 0.000501336 
[3] 0.000500357 0.000517341 0.000515720 0.000500364 0.000500926 0.000500424 0.000499611 0.000544487 0.000531344 0.000502693 
[4] 0.000501043 0.000501269 0.000502849 0.000501469 0.000500651 0.000531552 0.000502321 0.000500818 0.000500820 0.000501391 
[5] 0.000545041 0.000531228 0.000502287 0.000501205 0.000502141 0.000501411 0.000500325 0.000501212 0.000531536 0.000501764 
[6] 0.000501104 0.000500518 0.000502077 0.000500717 0.000575924 0.000501195 0.000501024 0.000501640 0.000503088 0.000501316 
[7] 0.000501017 0.000530506 0.000502352 0.000501948 0.000500957 0.000501132 0.000501307 0.000561110 0.000515716 0.000501933 
[8] 0.000501483 0.000499609 0.000501243 0.000501213 0.000530506 0.000502600 0.000500458 0.000501599 0.000500824 0.000499967 
[9] 0.000531486 0.000556435 0.000499182 0.000501806 0.000502159 0.000499907 0.000500813 0.000530838 0.000502299 0.000502044 
[AVERAGE] 0.000509854 s
[STANDARD DEVIATION] 0.000016566 s

FEN: 3Q4/8/1k6/7p/p1p4P/2q3PB/7K/8 b - - 0 0
        [0]         [1]         [2]         [3]         [4]         [5]         [6]         [7]         [8]         [9]
[0] 0.000734058 0.000719853 0.000747649 0.000772219 0.000717260 0.000718223 0.000716804 0.000749940 0.000715723 0.000714995 
[1] 0.000712993 0.000749099 0.000718045 0.000757717 0.000718570 0.000723032 0.000751951 0.000720280 0.000715336 0.000718330 
[2] 0.000718818 0.000747351 0.000761163 0.000717219 0.000718409 0.000761081 0.000714065 0.000717113 0.000716585 0.000715950 
[3] 0.000747491 0.000715677 0.000768313 0.000715754 0.000767609 0.000713172 0.000713992 0.000713974 0.000714353 0.000746593 
[4] 0.000716862 0.000760944 0.000719193 0.000761083 0.000719524 0.000720538 0.000720991 0.000717706 0.000752975 0.000714266 
[5] 0.000716768 0.000763495 0.000747931 0.000718995 0.000720728 0.000721220 0.000722062 0.000753118 0.000717420 0.000716641 
[6] 0.000760783 0.000719695 0.000797484 0.000715666 0.000716035 0.000716609 0.000748079 0.000716133 0.000714175 0.000715799 
[7] 0.000777372 0.000765166 0.000721935 0.000720304 0.000718286 0.000747748 0.000717840 0.000716160 0.000715797 0.000760287 
[8] 0.000743194 0.000720165 0.000720292 0.000720729 0.000761559 0.000722260 0.000720071 0.000713409 0.000716614 0.000789775 
[9] 0.000718743 0.000720476 0.000718289 0.000746139 0.000719183 0.000718858 0.000717548 0.000719008 0.000789548 0.000714694 
[AVERAGE] 0.000730911 s
[STANDARD DEVIATION] 0.000020973 s

FEN: 4q3/2R4P/5R2/1p6/p3k3/P7/KP6/8 b - - 0 0
        [0]         [1]         [2]         [3]         [4]         [5]         [6]         [7]         [8]         [9]
[0] 0.002864735 0.002853632 0.002871187 0.002859949 0.002905155 0.002857689 0.002889150 0.002844174 0.002844433 0.002853701 
[1] 0.002868200 0.002898773 0.002844061 0.002863790 0.002888898 0.002850343 0.002856254 0.002840491 0.002852467 0.002883433 
[2] 0.002851152 0.002908780 0.002843243 0.002858525 0.002856670 0.002843639 0.002893633 0.002866447 0.002884421 0.002843863 
[3] 0.002819558 0.002893647 0.002860283 0.002909594 0.002865188 0.002860374 0.002889822 0.002820819 0.002895540 0.002846558 
[4] 0.002894544 0.002865399 0.002846186 0.002891222 0.002847969 0.002864416 0.002854419 0.002840678 0.002902000 0.002859258 
[5] 0.002891545 0.002847959 0.002837749 0.002888343 0.002843167 0.002887860 0.002848779 0.002900467 0.002852990 0.002819862 
[6] 0.002903907 0.002852795 0.002890620 0.002852894 0.002841869 0.002903436 0.002820681 0.002893780 0.002853143 0.002887450 
[7] 0.002891654 0.002867407 0.002895289 0.002814159 0.003197774 0.002843928 0.002850341 0.002901218 0.002847680 0.002893074 
[8] 0.002843826 0.002856483 0.002845306 0.002850936 0.002918562 0.002877943 0.002892541 0.002844807 0.002826878 0.002900735 
[9] 0.002853580 0.002886467 0.002849307 0.002859076 0.002918725 0.002818521 0.002893714 0.002852176 0.002894070 0.002849653 
[AVERAGE] 0.002869235 s
[STANDARD DEVIATION] 0.000041472 s

FEN: R7/8/5rk1/5p2/1p5P/5KP1/P7/8 b - - 0 0
        [0]         [1]         [2]         [3]         [4]         [5]         [6]         [7]         [8]         [9]
[0] 0.001617421 0.001633919 0.001648414 0.001650352 0.001598598 0.001632992 0.001654352 0.001627436 0.001598236 0.001625469 
[1] 0.001655378 0.001627312 0.001599125 0.001632589 0.001597236 0.001676430 0.001604158 0.001631253 0.001597410 0.001671650 
[2] 0.001597191 0.001634616 0.001597295 0.001689252 0.001606827 0.001635133 0.001601242 0.001688597 0.001600734 0.001627451 
[3] 0.001602557 0.001633666 0.001642112 0.001625665 0.001594888 0.001598562 0.001692535 0.001597069 0.001645769 0.001603814 
[4] 0.001687377 0.001600680 0.001646125 0.001600741 0.001659279 0.001609063 0.001640029 0.001596762 0.001632858 0.001643951 
[5] 0.001642842 0.001598703 0.001659188 0.001644115 0.001627583 0.001601777 0.001633045 0.001641277 0.001626905 0.001598206 
[6] 0.001626710 0.001600159 0.001683991 0.001600280 0.001629146 0.001596528 0.001686687 0.001600327 0.001630683 0.001601839 
[7] 0.001671584 0.001598634 0.001642345 0.001600850 0.001659043 0.001601964 0.001627384 0.001598812 0.001598810 0.001714421 
[8] 0.001600462 0.001630326 0.001600876 0.001682568 0.001602516 0.001654818 0.001604839 0.001693734 0.001599748 0.001630725 
[9] 0.001597133 0.001677172 0.001599341 0.001632910 0.001599004 0.001635042 0.001643461 0.001631948 0.001602745 0.001629247 
[AVERAGE] 0.001628040 s
[STANDARD DEVIATION] 0.000029464 s

FEN: 3k4/5ppp/2q5/3p2r1/8/1Q3P2/P4P1P/3R3K w - - 0 1
        [0]         [1]         [2]         [3]         [4]         [5]         [6]         [7]         [8]         [9]
[0] 0.011257545 0.011314788 0.011225487 0.011219771 0.011292531 0.011229930 0.011263426 0.011234266 0.011261627 0.011405887 
[1] 0.011534510 0.011467777 0.011285819 0.011232464 0.011331006 0.011219496 0.011324868 0.011292162 0.011192160 0.011283254 
[2] 0.011253716 0.011222991 0.011316988 0.011255435 0.011235083 0.011334283 0.011217650 0.011314914 0.011248911 0.011244892 
[3] 0.011307880 0.011202495 0.011268576 0.011307031 0.011341896 0.011405267 0.011294674 0.011222077 0.011344150 0.011219787 
[4] 0.011285557 0.011250454 0.011191377 0.011297492 0.011257497 0.011237971 0.011310546 0.011246420 0.011271612 0.011252101 
[5] 0.011203464 0.011334280 0.011216882 0.011349900 0.011406819 0.011199189 0.011300417 0.011249994 0.011223526 0.011302587 
[6] 0.011243362 0.011289595 0.011265493 0.011225701 0.011293270 0.011247417 0.011222654 0.011302626 0.011216897 0.011245546 
[7] 0.011260812 0.011253706 0.011285056 0.011279869 0.011232348 0.011299747 0.011208950 0.011282044 0.011259779 0.011186771 
[8] 0.011281138 0.011219433 0.011235772 0.011391135 0.011218042 0.011295281 0.011261726 0.011199635 0.011273039 0.011248684 
[9] 0.011276110 0.011236871 0.011225789 0.011274377 0.011237727 0.011199318 0.011317134 0.011224710 0.011273704 0.011232256 
[AVERAGE] 0.011270391 s
[STANDARD DEVIATION] 0.000058091 s

FEN: 4R3/1k6/1p2P1p1/p7/4r3/1P1r4/1K6/2R5 w - - 0 0
        [0]         [1]         [2]         [3]         [4]         [5]         [6]         [7]         [8]         [9]
[0] 0.004012271 0.004053483 0.004034710 0.004042523 0.004047960 0.004012528 0.004048124 0.004037226 0.004083917 0.004002857 
[1] 0.004052388 0.004047851 0.004044060 0.004066458 0.004010341 0.004041205 0.004081215 0.004005789 0.004047034 0.004012592 
[2] 0.004051116 0.004030834 0.004050959 0.004046511 0.004021509 0.004075957 0.004032556 0.004047578 0.004044847 0.004006733 
[3] 0.004052304 0.004040539 0.004050465 0.004005268 0.004072567 0.004155434 0.003998070 0.004065517 0.004006992 0.004040376 
[4] 0.004089754 0.004000667 0.004044600 0.004003386 0.004052300 0.004039216 0.004074190 0.004047032 0.004003892 0.004075521 
[5] 0.003998536 0.004050193 0.004038834 0.003998882 0.004089544 0.003994290 0.004043992 0.004006962 0.004071312 0.004090445 
[6] 0.004002578 0.004078804 0.003995791 0.004052595 0.004077490 0.004043004 0.004042953 0.004006614 0.004071431 0.003998595 
[7] 0.004039228 0.004042151 0.003997424 0.004086850 0.004014202 0.004055122 0.004000021 0.004046034 0.004095146 0.004000806 
[8] 0.004061692 0.004012325 0.004070928 0.004062684 0.004069256 0.004054272 0.003999523 0.004094955 0.003998050 0.004036705 
[9] 0.004052756 0.004010499 0.004099197 0.004003797 0.004039486 0.004044580 0.004064212 0.004058501 0.004002455 0.004049505 
[AVERAGE] 0.004041264 s
[STANDARD DEVIATION] 0.000030821 s

FEN: 5k2/R7/3K4/4p3/5P2/8/8/5r2 w - - 0 0
        [0]         [1]         [2]         [3]         [4]         [5]         [6]         [7]         [8]         [9]
[0] 0.000801681 0.000836797 0.000792667 0.000793471 0.000791785 0.000867150 0.000793801 0.000793377 0.000790109 0.000820455 
[1] 0.000792808 0.000789769 0.000794167 0.000836003 0.000818734 0.000790657 0.000790408 0.000807871 0.000818607 0.000793410 
[2] 0.000791071 0.000790239 0.000865476 0.000791178 0.000790862 0.000793740 0.000821533 0.000790433 0.000789901 0.000792132 
[3] 0.000820818 0.000834425 0.000791813 0.000791906 0.000835071 0.000790101 0.000789109 0.000790834 0.000835262 0.000823785 
[4] 0.000804712 0.000790742 0.000836763 0.000790593 0.000794219 0.000792913 0.000824642 0.000791676 0.000834300 0.000790477 
[5] 0.000789055 0.000822580 0.000793949 0.000792402 0.000790988 0.000822261 0.000790642 0.000832788 0.000791429 0.000818945 
[6] 0.000792101 0.000792340 0.000791188 0.000821876 0.000792868 0.000837063 0.000790108 0.000821729 0.000790047 0.000789192 
[7] 0.000790869 0.000820800 0.000790399 0.000791290 0.000832772 0.000820369 0.000791273 0.000790643 0.000793785 0.000790928 
[8] 0.000820757 0.000790889 0.000790671 0.000832621 0.000817559 0.000791426 0.000791408 0.000790675 0.000824167 0.000791396 
[9] 0.000790609 0.000836602 0.000821969 0.000792915 0.000790233 0.000790571 0.000822181 0.000791024 0.000789213 0.000789891 
[AVERAGE] 0.000804179 s
[STANDARD DEVIATION] 0.000018826 s

FEN: 5k2/1R6/4p1p1/1pr3Pp/7P/1K6/8/8 w - - 0 0
        [0]         [1]         [2]         [3]         [4]         [5]         [6]         [7]         [8]         [9]
[0] 0.000821625 0.000738762 0.000734802 0.000735059 0.000734216 0.000765791 0.000734427 0.000731542 0.000732786 0.000792019 
[1] 0.000734715 0.000731584 0.000737086 0.000732317 0.000776937 0.000731187 0.000731316 0.000733921 0.000778929 0.000761955 
[2] 0.000733786 0.000731672 0.000732201 0.000763635 0.000733110 0.000732094 0.000733491 0.000761348 0.000777504 0.000732031 
[3] 0.000732032 0.000733591 0.000763741 0.000732012 0.000731336 0.000731504 0.000764105 0.000777675 0.000734275 0.000733997 
[4] 0.000733971 0.000764285 0.000735780 0.000734824 0.000735360 0.000764656 0.000764788 0.000749792 0.000734079 0.000733184 
[5] 0.000776808 0.000732265 0.000731708 0.000730891 0.000762420 0.000731318 0.000774559 0.000731695 0.000732807 0.000762504 
[6] 0.000733804 0.000732543 0.000733401 0.000762887 0.000732147 0.000789715 0.000730725 0.000762517 0.000747364 0.000730885 
[7] 0.000731502 0.000733282 0.000773932 0.000735843 0.000762400 0.000747035 0.000762960 0.000731470 0.000730992 0.000736388 
[8] 0.000732422 0.000760179 0.000729741 0.000734936 0.000774719 0.000759963 0.000732077 0.000731195 0.000732085 0.000732199 
[9] 0.000776506 0.000734085 0.000732229 0.000775899 0.000766188 0.000733065 0.000730514 0.000732484 0.000732376 0.000763103 
[AVERAGE] 0.000745516 s
[STANDARD DEVIATION] 0.000018940 s

FEN: 5k2/8/p7/4K1P1/P4R2/6r1/8/8 b - - 0 0
        [0]         [1]         [2]         [3]         [4]         [5]         [6]         [7]         [8]         [9]
[0] 0.000660923 0.000649785 0.000648469 0.000691529 0.000676965 0.000646430 0.000644664 0.000645990 0.000645978 0.000675785 
[1] 0.000644837 0.000644670 0.000643348 0.000674301 0.000686477 0.000644604 0.000643774 0.000643563 0.000645524 0.000673358 
[2] 0.000645000 0.000646307 0.000644048 0.000644938 0.000733857 0.000645410 0.000645898 0.000645303 0.000647324 0.000675168 
[3] 0.000645680 0.000645830 0.000646636 0.000646045 0.000691497 0.000672702 0.000644967 0.000644903 0.000646504 0.000675295 
[4] 0.000645090 0.000644838 0.000645882 0.000644511 0.000673776 0.000699771 0.000642686 0.000643810 0.000644086 0.000665177 
[5] 0.000670336 0.000644778 0.000643710 0.000643747 0.000643707 0.000689746 0.000688378 0.000645079 0.000643306 0.000645103 
[6] 0.000688899 0.000644749 0.000645685 0.000645691 0.000643738 0.000674511 0.000688448 0.000644673 0.000643681 0.000643443 
[7] 0.000673152 0.000645677 0.000644317 0.000644049 0.000643948 0.000685682 0.000644422 0.000687458 0.000645816 0.000645561 
[8] 0.000675587 0.000645595 0.000644120 0.000644731 0.000644802 0.000689226 0.000644007 0.000672615 0.000658457 0.000643868 
[9] 0.000674321 0.000643262 0.000644614 0.000643551 0.000644141 0.000674213 0.000644647 0.000644506 0.000686796 0.000644721 
[AVERAGE] 0.000656032 s
[STANDARD DEVIATION] 0.000018261 s

FEN: 8/8/8/p2r1k2/7p/PP1RK3/6P1/8 b - - 0 0
        [0]         [1]         [2]         [3]         [4]         [5]         [6]         [7]         [8]         [9]
[0] 0.000645740 0.000607958 0.000605122 0.000603348 0.000603077 0.000602662 0.000633031 0.000601982 0.000602034 0.000645171 
[1] 0.000601775 0.000644330 0.000601667 0.000602632 0.000602081 0.000602613 0.000602175 0.000645277 0.000601695 0.000602090 
[2] 0.000602905 0.000645322 0.000632133 0.000602659 0.000602893 0.000602601 0.000603114 0.000619051 0.000641188 0.000602278 
[3] 0.000602516 0.000603226 0.000645645 0.000632661 0.000601539 0.000601204 0.000601757 0.000602336 0.000632409 0.000603269 
[4] 0.000603165 0.000602326 0.000602688 0.000645365 0.000631128 0.000601630 0.000601825 0.000600619 0.000600910 0.000631444 
[5] 0.000602892 0.000602721 0.000602288 0.000601764 0.000601926 0.000688596 0.000602302 0.000601269 0.000601597 0.000601967 
[6] 0.000632358 0.000602122 0.000602204 0.000601886 0.000601489 0.000602699 0.000687892 0.000602353 0.000602588 0.000601563 
[7] 0.000601547 0.000631653 0.000602474 0.000602904 0.000602398 0.000602157 0.000619495 0.000658475 0.000601201 0.000602297 
[8] 0.000603810 0.000601887 0.000633882 0.000602445 0.000601729 0.000602922 0.000602636 0.000646635 0.000601866 0.000646727 
[9] 0.000603360 0.000601784 0.000602957 0.000632116 0.000602692 0.000602558 0.000601920 0.000601576 0.000631652 0.000601802 
[AVERAGE] 0.000612543 s
[STANDARD DEVIATION] 0.000019056 s

FEN: 8/8/8/1P4p1/5k2/5p2/P6K/8 b - - 0 0
        [0]         [1]         [2]         [3]         [4]         [5]         [6]         [7]         [8]         [9]
[0] 0.000235715 0.000240815 0.000210984 0.000209231 0.000209280 0.000209025 0.000209029 0.000208349 0.000208641 0.000207633 
[1] 0.000207707 0.000237820 0.000221644 0.000208062 0.000208668 0.000207823 0.000208386 0.000207390 0.000207986 0.000210906 
[2] 0.000209067 0.000208727 0.000208348 0.000208196 0.000207912 0.000208648 0.000208380 0.000252241 0.000208352 0.000207741 
[3] 0.000208180 0.000207321 0.000207316 0.000238287 0.000222901 0.000207880 0.000208452 0.000208444 0.000208999 0.000207251 
[4] 0.000208667 0.000206942 0.000209259 0.000239147 0.000207298 0.000207104 0.000206450 0.000208294 0.000207548 0.000206998 
[5] 0.000207516 0.000207260 0.000207333 0.000208299 0.000207592 0.000207859 0.000208928 0.000207586 0.000208156 0.000238347 
[6] 0.000208758 0.000208334 0.000208244 0.000208606 0.000208747 0.000209267 0.000238555 0.000221418 0.000207505 0.000208109 
[7] 0.000207938 0.000207901 0.000208425 0.000207418 0.000239325 0.000207812 0.000208391 0.000208044 0.000208874 0.000207607 
[8] 0.000207935 0.000207786 0.000207085 0.000207332 0.000206936 0.000207971 0.000209163 0.000208053 0.000208210 0.000208548 
[9] 0.000237252 0.000207838 0.000206723 0.000206910 0.000208330 0.000207009 0.000207851 0.000208073 0.000208315 0.000251660 
[AVERAGE] 0.000212126 s
[STANDARD DEVIATION] 0.000010544 s

FEN: 3b2k1/1p3p2/p1p5/2P4p/1P2P1p1/5p2/5P2/4RK2 w - - 0 0
        [0]         [1]         [2]         [3]         [4]         [5]         [6]         [7]         [8]         [9]
[0] 0.001396192 0.001360788 0.001354927 0.001385645 0.001389125 0.001390622 0.001352942 0.001352469 0.001380202 0.001362169 
[1] 0.001415781 0.001346743 0.001351388 0.001371420 0.001347687 0.001432248 0.001357310 0.001395469 0.001348869 0.001346762 
[2] 0.001426546 0.001355576 0.001380303 0.001344890 0.001343861 0.001423896 0.001344524 0.001379079 0.001349720 0.001353287 
[3] 0.001458674 0.001355861 0.001400875 0.001349707 0.001376885 0.001396951 0.001347062 0.001388627 0.001355162 0.001407592 
[4] 0.001393129 0.001347494 0.001378854 0.001348955 0.001398138 0.001400505 0.001347471 0.001382344 0.001349602 0.001378389 
[5] 0.001387911 0.001382722 0.001358352 0.001346061 0.001385141 0.001393442 0.001381051 0.001351374 0.001353295 0.001382378 
[6] 0.001392014 0.001379152 0.001355502 0.001347447 0.001377962 0.001399419 0.001395325 0.001344499 0.001377872 0.001340551 
[7] 0.001397385 0.001381268 0.001340698 0.001375719 0.001347986 0.001398286 0.001379038 0.001355515 0.001385380 0.001362312 
[8] 0.001403318 0.001381164 0.001348323 0.001378936 0.001358352 0.001440497 0.001344609 0.001351347 0.001384302 0.001349422 
[9] 0.001424761 0.001345401 0.001354451 0.001383190 0.001358442 0.001414057 0.001364063 0.001344901 0.001386181 0.001353670 
[AVERAGE] 0.001373272 s
[STANDARD DEVIATION] 0.000025282 s

FEN: 5k2/3R4/2K1p1p1/4P1P1/5P2/8/3r4/8 b - - 0 0
        [0]         [1]         [2]         [3]         [4]         [5]         [6]         [7]         [8]         [9]
[0] 0.001075272 0.001074459 0.001036142 0.001059615 0.001026806 0.001025553 0.001079295 0.001054330 0.001035720 0.001024713 
[1] 0.001068903 0.001025490 0.001027994 0.001057028 0.001070208 0.001025171 0.001067141 0.001024721 0.001027359 0.001068782 
[2] 0.001024838 0.001065163 0.001068792 0.001026157 0.001021804 0.001023586 0.001081671 0.001070405 0.001025543 0.001053292 
[3] 0.001022635 0.001025401 0.001058029 0.001021232 0.001069021 0.001059885 0.001027965 0.001025646 0.001053375 0.001026054 
[4] 0.001024959 0.001077226 0.001054092 0.001023382 0.001021508 0.001051477 0.001024698 0.001065853 0.001051681 0.001026638 
[5] 0.001021664 0.001060283 0.001026838 0.001025563 0.001100431 0.001028988 0.001026811 0.001025901 0.001053387 0.001024471 
[6] 0.001018789 0.001109305 0.001022064 0.001021798 0.001054660 0.001030649 0.001023902 0.001098534 0.001025836 0.001025500 
[7] 0.001056599 0.001025870 0.001023938 0.001023957 0.001099648 0.001026837 0.001025792 0.001054642 0.001030144 0.001024790 
[8] 0.001059951 0.001086821 0.001025141 0.001069092 0.001019090 0.001021605 0.001066167 0.001065587 0.001022171 0.001023744 
[9] 0.001051997 0.001022699 0.001023320 0.001055758 0.001068681 0.001024399 0.001057808 0.001022671 0.001022221 0.001049497 
[AVERAGE] 0.001043027 s
[STANDARD DEVIATION] 0.000022850 s

FEN: 6k1/6pp/5p2/8/5P2/P7/2K4P/8 b - - 0 0
        [0]         [1]         [2]         [3]         [4]         [5]         [6]         [7]         [8]         [9]
[0] 0.000155181 0.000147625 0.000146586 0.000144854 0.000143858 0.000143691 0.000143505 0.000143750 0.000174126 0.000156655 
[1] 0.000143411 0.000144016 0.000143225 0.000143483 0.000143646 0.000143119 0.000143398 0.000143207 0.000143686 0.000160485 
[2] 0.000156857 0.000143389 0.000143337 0.000143708 0.000143418 0.000143099 0.000142959 0.000142557 0.000143491 0.000143484 
[3] 0.000143164 0.000143609 0.000143581 0.000143580 0.000143575 0.000143322 0.000143498 0.000143924 0.000143708 0.000143200 
[4] 0.000142964 0.000142944 0.000160690 0.000156656 0.000143091 0.000143001 0.000143164 0.000143268 0.000142956 0.000142967 
[5] 0.000142832 0.000142513 0.000142722 0.000143176 0.000143289 0.000157882 0.000172268 0.000143491 0.000143139 0.000142946 
[6] 0.000142940 0.000142790 0.000143393 0.000143427 0.000143462 0.000173740 0.000143105 0.000143507 0.000143275 0.000143072 
[7] 0.000143233 0.000143061 0.000144117 0.000143259 0.000143375 0.000142634 0.000142960 0.000143361 0.000143608 0.000142828 
[8] 0.000142758 0.000142892 0.000142717 0.000143100 0.000143782 0.000142984 0.000142871 0.000143212 0.000174124 0.000142768 
[9] 0.000143021 0.000142989 0.000143368 0.000142926 0.000142828 0.000143150 0.000143103 0.000143267 0.000143100 0.000143513 
[AVERAGE] 0.000145565 s
[STANDARD DEVIATION] 0.000006846 s

FEN: 8/3R4/8/r3N2p/P1Pp1P2/2k2K1P/3r4/8 w - - 0 0
        [0]         [1]         [2]         [3]         [4]         [5]         [6]         [7]         [8]         [9]
[0] 0.004013371 0.003988043 0.004000116 0.003993641 0.003946656 0.003993478 0.003948602 0.004037558 0.003991853 0.003945721 
[1] 0.003999389 0.003966033 0.004025330 0.003944583 0.003998837 0.004011329 0.003951673 0.004036837 0.003997033 0.004003855 
[2] 0.003948251 0.003986923 0.004020023 0.003946119 0.004007984 0.003945563 0.004016519 0.003942916 0.004035104 0.003994836 
[3] 0.003981066 0.004046636 0.003950876 0.004019524 0.004007316 0.003961467 0.003994093 0.003949728 0.004021786 0.003945663 
[4] 0.004009967 0.003990996 0.003945698 0.004048290 0.004020877 0.003990297 0.003943829 0.003989942 0.004017735 0.003944899 
[5] 0.004007661 0.003942179 0.003984583 0.003973581 0.003990651 0.003987150 0.003948623 0.004000773 0.003991938 0.003998760 
[6] 0.003946242 0.003991312 0.003991697 0.003981385 0.003999614 0.003958218 0.003993601 0.003942230 0.004034589 0.003993648 
[7] 0.003940921 0.003992374 0.003956574 0.003990327 0.003977293 0.003994496 0.003995663 0.003954964 0.003988487 0.003978068 
[8] 0.003990107 0.003948873 0.003994542 0.003987398 0.003981429 0.003999071 0.003935618 0.003991996 0.003939878 0.004020411 
[9] 0.003989027 0.003955416 0.003996099 0.003947521 0.004019171 0.003953714 0.003991904 0.003992951 0.003960425 0.004035337 
[AVERAGE] 0.003984774 s
[STANDARD DEVIATION] 0.000028783 s

FEN: 6k1/8/6r1/8/5b2/2PR4/4K3/8 w - - 0 0        [0]         [1]         [2]         [3]         [4]         [5]         [6]         [7]         [8]         [9]
[0] 0.001729197 0.001758362 0.001758247 0.001740655 0.001711121 0.001741895 0.001753300 0.001759444 0.001712644 0.001741147 
[1] 0.001754562 0.001739912 0.001710471 0.001743779 0.001753548 0.001740010 0.001707282 0.001743016 0.001753906 0.001744466 
[2] 0.001744805 0.001713600 0.001798861 0.001714924 0.001742015 0.001709589 0.001806241 0.001710288 0.001744227 0.001719991 
[3] 0.001795677 0.001708460 0.001740802 0.001712911 0.001793729 0.001710930 0.001741319 0.001712871 0.001797944 0.001711360 
[4] 0.001740335 0.001709235 0.001785625 0.001740287 0.001709142 0.001765953 0.001756801 0.001752004 0.001707979 0.001740858 
[5] 0.001753666 0.001743402 0.001713888 0.001738228 0.001769831 0.001743882 0.001713320 0.001742243 0.001752027 0.001739596 
[6] 0.001707940 0.001744717 0.001768699 0.001743450 0.001713459 0.001752690 0.001783626 0.001712090 0.001743242 0.001714945 
[7] 0.001783296 0.001709034 0.001739786 0.001713480 0.001786331 0.001710130 0.001743003 0.001714764 0.001785463 0.001715105 
[8] 0.001744785 0.001717275 0.001784880 0.001714467 0.001741002 0.001712533 0.001798879 0.001739932 0.001718095 0.001737974 
[9] 0.001754459 0.001744911 0.001709493 0.001739777 0.001754372 0.001756944 0.001709476 0.001740610 0.001754509 0.001745754 
[AVERAGE] 0.001740512 s
[STANDARD DEVIATION] 0.000025665 s

----------------------------------- AVERAGES ------------------------------------------


---------- REGULAR POSITIONS ----------

    [AVERAGE (s)]    [STANDARD DEVIATION (s)]
 [0] 0.003414513          0.000028086
 [1] 0.002749847          0.000027790
 [2] 0.005942106          0.000027603
 [3] 0.005823479          0.000026938
 [4] 0.014499925          0.000034327
 [5] 0.011128493          0.000036640
 [6] 0.012199439          0.000064398
 [7] 0.012913415          0.000035007
 [8] 0.009465686          0.000029449
 [9] 0.003919498          0.000026911
[10] 0.004748701          0.000030923
[11] 0.003803510          0.000030488
[12] 0.005858283          0.000027400
[13] 0.005018795          0.000045001
[14] 0.008038680          0.000043598
[15] 0.008789841          0.000036785
[16] 0.022241888          0.000043682
[17] 0.005113218          0.000031720
[18] 0.009631227          0.000060392
[19] 0.005930410          0.000027133

---------- TACTICAL POSITINOS ----------

    [AVERAGE (s)]    [STANDARD DEVIATION (s)]
 [0] 0.002307216          0.000022631
 [1] 0.026558780          0.000091628
 [2] 0.003252561          0.000024744
 [3] 0.006859117          0.000029701
 [4] 0.005905270          0.000023524
 [5] 0.002007442          0.000030675
 [6] 0.004888482          0.000028728
 [7] 0.021097612          0.000094691
 [8] 0.006818452          0.000029090
 [9] 0.004634237          0.000030091
[10] 0.007090165          0.000024071
[11] 0.000443883          0.000015157
[12] 0.005867274          0.000027774
[13] 0.001212288          0.000027314
[14] 0.005439805          0.000027814
[15] 0.000467940          0.000014569
[16] 0.007761487          0.000027438
[17] 0.001044252          0.000021895
[18] 0.006394709          0.000030219
[19] 0.002153318          0.000026846

---------- SMALL POSITIONS ----------

    [AVERAGE (s)]    [STANDARD DEVIATION (s)]
 [0] 0.000073983          0.000006515
 [1] 0.002450330          0.000028566
 [2] 0.002583467          0.000028866
 [3] 0.001461102          0.000025315
 [4] 0.000509854          0.000016566
 [5] 0.000730911          0.000020973
 [6] 0.002869235          0.000041472
 [7] 0.001628040          0.000029464
 [8] 0.011270391          0.000058091
 [9] 0.004041264          0.000030821
[10] 0.000804179          0.000018826
[11] 0.000745516          0.000018940
[12] 0.000656032          0.000018261
[13] 0.000612543          0.000019056
[14] 0.000212126          0.000010544
[15] 0.001373272          0.000025282
[16] 0.001043027          0.000022850
[17] 0.000145565          0.000006846
[18] 0.003984774          0.000028783
[19] 0.001740512          0.000025665


----------------------------------- AVERAGES ------------------------------------------





---------- SUMMARY ----------

0.003414513 0.002749847 0.005942106 0.005823479 0.014499925 0.011128493 0.012199439 0.012913415 0.009465686 0.003919498 0.004748701 0.003803510 0.005858283 0.005018795 0.008038680 0.008789841 0.022241888 0.005113218 0.009631227 0.005930410 
0.002307216 0.026558780 0.003252561 0.006859117 0.005905270 0.002007442 0.004888482 0.021097612 0.006818452 0.004634237 0.007090165 0.000443883 0.005867274 0.001212288 0.005439805 0.000467940 0.007761487 0.001044252 0.006394709 0.002153318 
0.000073983 0.002450330 0.002583467 0.001461102 0.000509854 0.000730911 0.002869235 0.001628040 0.011270391 0.004041264 0.000804179 0.000745516 0.000656032 0.000612543 0.000212126 0.001373272 0.001043027 0.000145565 0.003984774 0.001740512 
