FEN: rn1q1rk1/pbp2pp1/1p2pb1p/3p4/2PP4/2N1PN2/PP2BPPP/R2QK2R w KQ - 0 10
        [0]         [1]         [2]         [3]         [4]         [5]         [6]         [7]         [8]         [9]
[0] 0.081136389 0.073254955 0.072771083 0.072553245 0.072906308 0.072979755 0.072673069 0.072673528 0.072598125 0.072838440 
[1] 0.072505842 0.072834727 0.072882109 0.072881752 0.072855491 0.072792783 0.072567006 0.072681113 0.071906735 0.071914727 
[2] 0.072017951 0.071846678 0.071917978 0.072415262 0.072681689 0.072528153 0.072727040 0.072777897 0.075738670 0.072488839 
[3] 0.072606204 0.072634281 0.072488979 0.072693673 0.072710966 0.072678958 0.072757141 0.072831954 0.072692380 0.072593337 
[4] 0.079010296 0.074784835 0.073293544 0.072435227 0.072768989 0.072620650 0.073757492 0.072908122 0.076441642 0.072809742 
[5] 0.074312835 0.072478780 0.072595369 0.073960092 0.072925016 0.075969146 0.072075407 0.072280292 0.071702216 0.072088222 
[6] 0.072083303 0.072066331 0.071982237 0.072109806 0.072169450 0.071904046 0.072076678 0.072324676 0.072175552 0.076729103 
[7] 0.072747465 0.073234112 0.073132392 0.073163239 0.073220711 0.073739807 0.072973890 0.073651391 0.073861446 0.072585012 
[8] 0.072683032 0.072862238 0.097473389 0.072681282 0.072450997 0.071880716 0.072203238 0.072558651 0.072460193 0.072102410 
[9] 0.072304630 0.072792909 0.071881373 0.072494754 0.072674139 0.072812121 0.073039977 0.072820374 0.072691422 0.072633399 
[AVERAGE] 0.073206850 s
[STANDARD DEVIATION] 0.002784861 s

FEN: rn1q1rk1/pp2ppbp/2p3p1/3p1b2/2PPn3/1P3NP1/P2NPPBP/R1BQ1RK1 w - - 1 9
        [0]         [1]         [2]         [3]         [4]         [5]         [6]         [7]         [8]         [9]
[0] 0.063725585 0.063661470 0.063618607 0.063544649 0.063472468 0.063385559 0.063357620 0.063275951 0.063182282 0.063271563 
[1] 0.063438258 0.063839947 0.063517011 0.063064924 0.063402701 0.064473145 0.063042468 0.063364865 0.063676108 0.063832838 
[2] 0.063868399 0.063678724 0.063770928 0.063674169 0.063534400 0.063681363 0.063668333 0.063133216 0.063221193 0.063352799 
[3] 0.063123680 0.063386792 0.063079232 0.063211180 0.063387375 0.063118143 0.063454340 0.063248846 0.063211662 0.063229459 
[4] 0.063060436 0.063272414 0.064003099 0.063775533 0.063736112 0.063936122 0.063567816 0.063758286 0.064096975 0.063790575 
[5] 0.063718823 0.063699103 0.063934871 0.064002388 0.063481351 0.063598922 0.063631061 0.063073382 0.063731668 0.063652184 
[6] 0.063098092 0.063321989 0.063271883 0.063162340 0.063409621 0.063033302 0.063280133 0.063293535 0.063571609 0.064042767 
[7] 0.063731615 0.063595293 0.063792222 0.063579505 0.065967050 0.063854136 0.063537387 0.064138983 0.063887314 0.063129302 
[8] 0.063624201 0.063554524 0.063284798 0.063281320 0.063012581 0.063399307 0.063481627 0.062934664 0.063312007 0.063190283 
[9] 0.063126790 0.063222708 0.063093158 0.063146497 0.063332092 0.064294155 0.063949749 0.063762726 0.063555859 0.063852673 
[AVERAGE] 0.063528132 s
[STANDARD DEVIATION] 0.000397632 s

FEN: 1rbq1rk1/pp2ppbp/2n2np1/2pp4/5P2/N1PP1NP1/PP2P1BP/R1BQ1RK1 w - - 3 9
        [0]         [1]         [2]         [3]         [4]         [5]         [6]         [7]         [8]         [9]
[0] 0.093683261 0.093231008 0.093258742 0.093440825 0.093462177 0.092925360 0.092428000 0.092567959 0.092585370 0.092467392 
[1] 0.093171524 0.093423201 0.093278619 0.092907922 0.093308892 0.093467663 0.093389799 0.093289281 0.093523007 0.093556445 
[2] 0.093193025 0.093330910 0.093381760 0.093580315 0.093433861 0.093587949 0.093202687 0.092688115 0.092375343 0.092966674 
[3] 0.093255943 0.093450659 0.093537070 0.093253443 0.093199268 0.093237246 0.093599940 0.093279818 0.093415876 0.092633728 
[4] 0.092428952 0.092455060 0.092384169 0.092712279 0.092617169 0.092465596 0.092863372 0.092757281 0.092376533 0.092984695 
[5] 0.093361788 0.093289367 0.093370920 0.093687196 0.094167050 0.094602096 0.093414391 0.093326561 0.092453015 0.092620538 
[6] 0.092524504 0.092480751 0.092559000 0.092306723 0.093490419 0.108636701 0.119361700 0.116659576 0.112590172 0.111760564 
[7] 0.094531669 0.108945035 0.114787614 0.114664541 0.099476613 0.095007030 0.095445278 0.101424430 0.097950033 0.093512382 
[8] 0.093410628 0.093610704 0.093493564 0.093538214 0.093453591 0.094840279 0.093653971 0.097221696 0.100274148 0.104810229 
[9] 0.101248157 0.098221673 0.093347967 0.093448009 0.093466673 0.092611694 0.092643467 0.092479065 0.093094495 0.098570507 
[AVERAGE] 0.095438616 s
[STANDARD DEVIATION] 0.005785123 s

FEN: r2qkb1r/pp1n1ppp/2p2n2/3pp3/6b1/3P1NP1/PPPNPPBP/R1BQ1RK1 w kq - 0 7
        [0]         [1]         [2]         [3]         [4]         [5]         [6]         [7]         [8]         [9]
[0] 0.070460369 0.071825551 0.064773133 0.064951212 0.069615406 0.071695545 0.067638053 0.064153934 0.063823960 0.064195362 
[1] 0.064676819 0.063950371 0.069954589 0.070410195 0.070487228 0.068876524 0.065873796 0.063923011 0.064034354 0.063996932 
[2] 0.063321104 0.064387574 0.069826567 0.070046736 0.065567708 0.067431254 0.064202794 0.064156341 0.070537959 0.074514599 
[3] 0.075005812 0.067745175 0.065712848 0.066254439 0.074606127 0.070479940 0.065457341 0.069458105 0.066794582 0.067142730 
[4] 0.073133861 0.078904871 0.083994099 0.076241298 0.076134386 0.069627852 0.066666542 0.070361783 0.070710964 0.068536304 
[5] 0.068189056 0.069750206 0.067873436 0.064230939 0.064134152 0.064353012 0.064100872 0.063657905 0.065241502 0.067328883 
[6] 0.066769893 0.063927396 0.063783135 0.063673040 0.063811526 0.063993950 0.064438345 0.064111894 0.064207487 0.064471355 
[7] 0.063922264 0.065116209 0.064060405 0.064125397 0.064140945 0.066760177 0.067627697 0.065278049 0.067049759 0.065435268 
[8] 0.064311350 0.063819630 0.063600348 0.063996035 0.063494141 0.063682869 0.063834922 0.063511827 0.063644325 0.063861214 
[9] 0.063477013 0.063743254 0.068239419 0.069741123 0.068656477 0.065897405 0.068171177 0.065123351 0.065269482 0.064633511 
[AVERAGE] 0.066925511 s
[STANDARD DEVIATION] 0.003811329 s

FEN: rnbqkb1r/pp3pp1/2p1pn1p/8/2pP3B/2N2N2/PP2PPPP/R2QKB1R w KQkq - 0 7
        [0]         [1]         [2]         [3]         [4]         [5]         [6]         [7]         [8]         [9]
[0] 0.092905443 0.091663387 0.091140871 0.092286623 0.094653174 0.092251622 0.090096756 0.089860989 0.092656364 0.090895001 
[1] 0.090463946 0.090158041 0.091335978 0.089974414 0.089946270 0.089996418 0.089945585 0.089875182 0.088976386 0.089284420 
[2] 0.089320990 0.089076381 0.089048809 0.090078458 0.089463806 0.089406193 0.089763454 0.089855064 0.089760524 0.089875252 
[3] 0.090079450 0.090075277 0.089965202 0.090011115 0.089929567 0.090005474 0.089744546 0.089735241 0.089872340 0.089969518 
[4] 0.090013945 0.090018469 0.090045076 0.089955191 0.089872455 0.090274554 0.090884575 0.089937183 0.089888423 0.092411141 
[5] 0.090130528 0.090675920 0.105356527 0.103661258 0.098311480 0.092849505 0.096422070 0.099311772 0.097902563 0.104372340 
[6] 0.103411446 0.107774612 0.113774021 0.105505966 0.093467633 0.093952220 0.090265425 0.088966215 0.089681626 0.090187666 
[7] 0.090082629 0.089632096 0.104344623 0.109920228 0.104959678 0.104577385 0.096523929 0.094488792 0.114673603 0.126880788 
[8] 0.132662016 0.104025488 0.099866256 0.096793070 0.093689908 0.094770911 0.097190991 0.090073809 0.096190362 0.099545538 
[9] 0.105280036 0.113449450 0.119999131 0.104042543 0.097839168 0.090657862 0.090218181 0.098448581 0.104762547 0.100112737 
[AVERAGE] 0.095383877 s
[STANDARD DEVIATION] 0.008471830 s

FEN: r3k2r/pppqb1pp/2np1n2/4p2b/P1B1P3/2N1BN1P/1PP2PP1/R2Q1RK1 b kq - 0 11
        [0]         [1]         [2]         [3]         [4]         [5]         [6]         [7]         [8]         [9]
[0] 0.232594312 0.225609321 0.217752304 0.216680008 0.217151770 0.218375830 0.218688229 0.218102299 0.218542137 0.216652444 
[1] 0.216822918 0.218682393 0.215541970 0.215249929 0.216525380 0.217340678 0.217308180 0.217092746 0.224749245 0.258468475 
[2] 0.233410204 0.313114788 0.241067650 0.253954753 0.245158863 0.218865807 0.217538990 0.218654539 0.218869790 0.219201458 
[3] 0.216881952 0.217423235 0.218056238 0.218352690 0.218405183 0.219942184 0.218840455 0.218714790 0.219460235 0.218750500 
[4] 0.216493201 0.217175288 0.217832691 0.218661819 0.221615215 0.216665358 0.216328884 0.217513224 0.216835966 0.217438535 
[5] 0.218933684 0.218639700 0.218252699 0.217763448 0.216917749 0.218364734 0.217729795 0.218286754 0.218627629 0.218400148 
[6] 0.217028116 0.216859102 0.216562693 0.216886119 0.217867936 0.218664681 0.218213389 0.219270983 0.221160113 0.217424289 
[7] 0.217609202 0.217026069 0.218610427 0.217409921 0.216413349 0.216046838 0.217212097 0.217130072 0.217634138 0.218048311 
[8] 0.217297813 0.218306062 0.217447240 0.217256127 0.218182050 0.216408578 0.217307075 0.217924268 0.218186860 0.218090021 
[9] 0.218545492 0.218607449 0.218406663 0.218292786 0.217124078 0.219023353 0.218548164 0.220403529 0.218324751 0.217811408 
[AVERAGE] 0.220556430 s
[STANDARD DEVIATION] 0.011512029 s

FEN: r3k2r/1ppqb1pp/p1np1n2/4p2b/P1B1P3/2N1BN1P/1PP2PP1/R2QR1K1 b kq - 1 12
        [0]         [1]         [2]         [3]         [4]         [5]         [6]         [7]         [8]         [9]
[0] 0.236575971 0.235579493 0.238146184 0.237492639 0.237731594 0.237809559 0.237495067 0.237410562 0.237474149 0.237932246 
[1] 0.237524720 0.236235954 0.236181877 0.235990719 0.235371739 0.237044051 0.238798006 0.237884774 0.245928475 0.242448960 
[2] 0.237424869 0.235926281 0.237965213 0.238178680 0.237580959 0.236680870 0.235662878 0.235506780 0.235476782 0.236948337 
[3] 0.237580953 0.237455103 0.237379063 0.235877904 0.235835517 0.235722084 0.237026608 0.237590135 0.237421952 0.236177782 
[4] 0.235601720 0.235376874 0.235949161 0.237787939 0.238343102 0.236980662 0.235419219 0.236917092 0.235563243 0.237267012 
[5] 0.237814321 0.236494292 0.237243396 0.236812711 0.235505102 0.236431120 0.236035849 0.237425415 0.237760370 0.237337863 
[6] 0.235651818 0.236701406 0.236451895 0.237302051 0.237887262 0.237896008 0.237649868 0.237327374 0.237207261 0.235935085 
[7] 0.236702731 0.237623759 0.237760277 0.237318678 0.235430176 0.235502049 0.236264695 0.235926620 0.237402867 0.237408804 
[8] 0.237151909 0.234385156 0.235528232 0.234551714 0.234731467 0.234552984 0.236896610 0.237116601 0.236623442 0.236635786 
[9] 0.236646553 0.236315051 0.236248950 0.236818335 0.236326547 0.236629698 0.236480843 0.236694486 0.236150333 0.236339268 
[AVERAGE] 0.236867166 s
[STANDARD DEVIATION] 0.001418662 s

FEN: rn1qkb1r/1pp2ppp/p3bn2/3p2B1/3P4/2N1PN2/PP3PPP/R2QKB1R b KQkq - 0 7
        [0]         [1]         [2]         [3]         [4]         [5]         [6]         [7]         [8]         [9]
[0] 0.112290368 0.112146953 0.112656935 0.112239336 0.112455125 0.112212647 0.112444400 0.112438951 0.112477689 0.112125533 
[1] 0.112372246 0.111214386 0.112311898 0.112484796 0.112344369 0.112124972 0.112535228 0.112717220 0.112199744 0.112071126 
[2] 0.112323859 0.112170490 0.112471906 0.112357636 0.112363625 0.112602049 0.112219419 0.112220879 0.112184757 0.112159691 
[3] 0.112353527 0.112390701 0.112362632 0.112159673 0.112175874 0.112241271 0.112096692 0.112181848 0.112215167 0.112221777 
[4] 0.112318162 0.112317613 0.112057782 0.112630443 0.112248453 0.112194921 0.112116447 0.112539022 0.112397870 0.112661619 
[5] 0.112398271 0.112614697 0.112224798 0.112242587 0.112184515 0.112153691 0.112522007 0.112710976 0.112537197 0.112071137 
[6] 0.112161089 0.112880500 0.111823877 0.111290439 0.111234397 0.111502042 0.111578440 0.111389019 0.111202822 0.111417997 
[7] 0.111202487 0.112129902 0.112094187 0.112244654 0.112488115 0.112411289 0.112214335 0.112194279 0.112198666 0.112305818 
[8] 0.112270357 0.112092442 0.112199009 0.112229159 0.112319063 0.112330522 0.112353071 0.112313190 0.112115140 0.112340442 
[9] 0.111350494 0.111379392 0.112387633 0.112466196 0.111789713 0.111607429 0.111967335 0.111362318 0.112012047 0.112274587 
[AVERAGE] 0.112176035 s
[STANDARD DEVIATION] 0.000364137 s

FEN: r2qkb1r/1p1n1p1p/p1bpp3/2p5/4P3/2N3QP/PPP2PP1/R1B1RBK1 b kq - 1 13
        [0]         [1]         [2]         [3]         [4]         [5]         [6]         [7]         [8]         [9]
[0] 0.124961938 0.124081426 0.124293777 0.124619061 0.124274065 0.124630983 0.125744660 0.124390547 0.124308932 0.124069054 
[1] 0.124381515 0.124668293 0.124162983 0.124179559 0.124008881 0.124032155 0.124043826 0.124062730 0.124176368 0.124112171 
[2] 0.124055354 0.122966343 0.123261761 0.142410791 0.143826437 0.144295819 0.150604357 0.144017492 0.141446900 0.131598705 
[3] 0.126531344 0.124244050 0.136667586 0.125468369 0.147443659 0.144774183 0.129724879 0.137780435 0.127087952 0.124614468 
[4] 0.124885138 0.126363684 0.132639253 0.131997434 0.124554433 0.126086639 0.124612150 0.123791094 0.145383680 0.146458721 
[5] 0.144864722 0.138344794 0.139779943 0.125237327 0.124342425 0.128410422 0.136315426 0.135167245 0.140252316 0.138132090 
[6] 0.136538041 0.136378862 0.135677498 0.136060908 0.138937560 0.128957832 0.125834631 0.126320333 0.126859827 0.129109703 
[7] 0.124606913 0.124480907 0.126596130 0.125616266 0.124675316 0.127658608 0.125421320 0.125898191 0.124654258 0.124362667 
[8] 0.124635809 0.123263471 0.123592757 0.123244846 0.124093934 0.124292747 0.123879998 0.123243893 0.123719336 0.124673761 
[9] 0.124194042 0.123990374 0.124483028 0.124098384 0.124724047 0.124276837 0.124151368 0.124154758 0.124074092 0.123990430 
[AVERAGE] 0.128930664 s
[STANDARD DEVIATION] 0.007248282 s

FEN: rn1q1rk1/p1p2ppp/bp3n2/3p4/1b1P4/2N1PN2/PPBB1PPP/R2QK2R b KQ - 3 9
        [0]         [1]         [2]         [3]         [4]         [5]         [6]         [7]         [8]         [9]
[0] 0.091270274 0.091380136 0.091099291 0.091131410 0.091072663 0.090654602 0.092639202 0.091230359 0.091298604 0.091444080 
[1] 0.091148054 0.091175805 0.091450428 0.092374131 0.091294160 0.092288627 0.091056987 0.095537977 0.102589933 0.105448403 
[2] 0.102759664 0.093363705 0.092378631 0.093068091 0.092230194 0.092298715 0.091698171 0.090817206 0.093108370 0.092071925 
[3] 0.091733857 0.091228489 0.091386605 0.091111708 0.091190021 0.091780610 0.092471623 0.094094189 0.093675683 0.091333386 
[4] 0.091508694 0.093805695 0.095683107 0.093107148 0.091291357 0.091388658 0.091372851 0.093613808 0.094698429 0.090525264 
[5] 0.090799733 0.091599234 0.092110512 0.092756134 0.091206805 0.091250164 0.091381010 0.091316905 0.091367596 0.091267506 
[6] 0.092822926 0.091376780 0.091355063 0.091288573 0.090977957 0.091277009 0.091491472 0.093120159 0.091408651 0.091276423 
[7] 0.091793493 0.091756285 0.092220496 0.092037915 0.091610428 0.091612271 0.092960493 0.091580791 0.092601853 0.091978851 
[8] 0.092864038 0.091899136 0.091316931 0.090977887 0.090973425 0.091357238 0.090887686 0.091105795 0.091524848 0.092022367 
[9] 0.092204561 0.091881342 0.091728396 0.091531232 0.091976915 0.091684075 0.091844014 0.092057586 0.091793315 0.091715924 
[AVERAGE] 0.092233312 s
[STANDARD DEVIATION] 0.002222094 s

FEN: rnbq1rk1/pp2bppp/4pn2/3p4/2PN4/6P1/PPQ1PPBP/RNB2RK1 b - - 0 8
        [0]         [1]         [2]         [3]         [4]         [5]         [6]         [7]         [8]         [9]
[0] 0.118225915 0.118429611 0.118207106 0.118237547 0.118173803 0.118329502 0.118130157 0.118321802 0.118125284 0.118039813 
[1] 0.118548189 0.118319219 0.118188179 0.119452515 0.117745206 0.119225965 0.118431832 0.118449602 0.118520481 0.118293712 
[2] 0.118565153 0.118378361 0.118082869 0.117682036 0.117139992 0.117185333 0.117225325 0.119466215 0.118289217 0.118525823 
[3] 0.117958923 0.117911820 0.118584912 0.122845776 0.128878144 0.131744954 0.131968103 0.138658735 0.130901444 0.129035402 
[4] 0.130248967 0.118300092 0.119374012 0.118482527 0.118103467 0.118975550 0.119360701 0.119083630 0.118475477 0.117693973 
[5] 0.117759439 0.117764583 0.117922568 0.118074348 0.117831639 0.117785488 0.118098522 0.117395601 0.117971936 0.118310979 
[6] 0.119210406 0.121252602 0.126094520 0.126113228 0.121168522 0.118446796 0.120412723 0.118968627 0.119780343 0.117617457 
[7] 0.126465043 0.146195048 0.128133473 0.118564550 0.118400038 0.125997047 0.140136393 0.128102258 0.125733288 0.118364997 
[8] 0.117863170 0.128642581 0.138383786 0.132071558 0.132586331 0.135589816 0.119423662 0.124380016 0.119733744 0.122606710 
[9] 0.119187297 0.119249844 0.118403220 0.117786160 0.119461168 0.120839496 0.117860900 0.117712938 0.117208919 0.117679569 
[AVERAGE] 0.121352657 s
[STANDARD DEVIATION] 0.005886032 s

FEN: rnbqkb1r/pp1p1ppp/4pn2/2p5/2PP4/4PN2/PP3PPP/RNBQKB1R b KQkq - 0 4
        [0]         [1]         [2]         [3]         [4]         [5]         [6]         [7]         [8]         [9]
[0] 0.048548496 0.048806604 0.048559280 0.048786673 0.053291624 0.049048774 0.049103797 0.048909885 0.049283866 0.048465404 
[1] 0.048341185 0.048055626 0.048858723 0.048106645 0.048074223 0.048223829 0.047898615 0.048123827 0.048337041 0.048644757 
[2] 0.048562280 0.048439168 0.049534794 0.049425179 0.048983026 0.048622184 0.048657658 0.048628235 0.054335835 0.048933454 
[3] 0.048782751 0.048670544 0.048858419 0.048638270 0.052255124 0.048856108 0.048836939 0.048915295 0.048777163 0.048580657 
[4] 0.048661676 0.048574553 0.048570076 0.048310577 0.048550832 0.048640428 0.048525474 0.048364845 0.048617638 0.056455963 
[5] 0.051203161 0.053762301 0.048726248 0.048671644 0.048740413 0.048379217 0.048744580 0.048411252 0.048635337 0.055005986 
[6] 0.058914033 0.057456618 0.057803416 0.062804102 0.055841314 0.054519106 0.057592955 0.054154171 0.054272774 0.053754515 
[7] 0.048694265 0.048658710 0.048482004 0.048478474 0.048527967 0.048507690 0.048307289 0.048482299 0.048339119 0.048619429 
[8] 0.048437453 0.048732523 0.048766466 0.050647407 0.052283090 0.055059207 0.057885189 0.057561829 0.053560742 0.056731796 
[9] 0.071612904 0.070245993 0.073858183 0.066435511 0.065788572 0.065936756 0.054543541 0.057492689 0.052121729 0.053585345 
[AVERAGE] 0.051678113 s
[STANDARD DEVIATION] 0.005486923 s

FEN: rnbqk2r/ppp2ppp/4pn2/3p4/1bPP4/2N2P2/PP2P1PP/R1BQKBNR w KQkq - 0 5
        [0]         [1]         [2]         [3]         [4]         [5]         [6]         [7]         [8]         [9]
[0] 0.081024152 0.110105987 0.080510778 0.080451779 0.089618511 0.084070853 0.078087749 0.086954328 0.087887519 0.087084400 
[1] 0.081786206 0.081882523 0.082965367 0.081636436 0.079428977 0.077572398 0.075848030 0.076325016 0.075643265 0.079915659 
[2] 0.082071981 0.081666508 0.081722196 0.077764516 0.076145664 0.075143581 0.075610702 0.076585723 0.078115927 0.079646019 
[3] 0.078176380 0.081309156 0.081716854 0.077973736 0.079495280 0.083018591 0.075918841 0.081596809 0.081668567 0.080151025 
[4] 0.078233538 0.078576671 0.083344642 0.077421291 0.077535846 0.077835798 0.076961107 0.078034011 0.075744339 0.075804184 
[5] 0.075957431 0.075348182 0.075952057 0.074712572 0.076744348 0.075498852 0.076213613 0.078395350 0.079379588 0.077855384 
[6] 0.077727948 0.078213486 0.079599375 0.075440105 0.077035140 0.077939915 0.076372351 0.076349071 0.078022875 0.082664735 
[7] 0.075574888 0.075045637 0.074477739 0.075251063 0.075020440 0.075798751 0.075283907 0.077223180 0.077173631 0.075517919 
[8] 0.075208196 0.075367614 0.075460155 0.074534212 0.075008667 0.074513452 0.074872460 0.075861013 0.075662041 0.076691703 
[9] 0.079685210 0.082153976 0.080255955 0.078525209 0.080088883 0.075555836 0.080209006 0.078769505 0.077805310 0.079999773 
[AVERAGE] 0.078718071 s
[STANDARD DEVIATION] 0.004443091 s

FEN: rnbqr1k1/pp1p1ppp/2p2n2/4p3/2P1P3/2P2PP1/P2P1K1P/R1BQ1BNR w - - 0 8
        [0]         [1]         [2]         [3]         [4]         [5]         [6]         [7]         [8]         [9]
[0] 0.030862866 0.031518118 0.030385940 0.030675307 0.030739317 0.030517355 0.030295261 0.030863548 0.030642222 0.030739834 
[1] 0.030650057 0.031036567 0.030552207 0.030862190 0.030818821 0.030386653 0.030552932 0.030704645 0.030512824 0.030603600 
[2] 0.030794021 0.030415745 0.030607037 0.030702431 0.031038088 0.030981168 0.030792077 0.031717107 0.031333936 0.031261350 
[3] 0.031091288 0.031170648 0.031163533 0.031061689 0.030490682 0.030539504 0.030446011 0.030510211 0.030413310 0.030442716 
[4] 0.030892752 0.030466497 0.030274745 0.030850537 0.030397578 0.030535342 0.030451169 0.030500589 0.030501621 0.031029138 
[5] 0.031003352 0.030719739 0.030397883 0.030652837 0.030840533 0.032189699 0.030902274 0.031210317 0.047970813 0.031189514 
[6] 0.035579166 0.044710097 0.043558560 0.034995019 0.032987210 0.034447007 0.033311368 0.033167626 0.031901118 0.032989375 
[7] 0.032605178 0.032324827 0.032503637 0.032604274 0.033925113 0.035364938 0.032665196 0.032605815 0.032573827 0.032168318 
[8] 0.032626619 0.032817651 0.032347827 0.032179923 0.033351680 0.032665709 0.033325219 0.033333514 0.033616498 0.034826121 
[9] 0.033246873 0.032729248 0.032500530 0.033465912 0.033954042 0.032499775 0.034060265 0.032408203 0.032278371 0.032454456 
[AVERAGE] 0.032115459 s
[STANDARD DEVIATION] 0.002693864 s

FEN: r1bq1rk1/1p2bppp/p1n1pn2/8/P1BP4/2N1BN2/1P3PPP/R2Q1RK1 w - - 3 11
        [0]         [1]         [2]         [3]         [4]         [5]         [6]         [7]         [8]         [9]
[0] 0.179393622 0.176811740 0.172937185 0.172659927 0.173466950 0.171154472 0.174303614 0.174802482 0.175279522 0.181104640 
[1] 0.173724753 0.172502575 0.176238165 0.183181423 0.164320488 0.207397871 0.182793554 0.172178185 0.171383154 0.166457131 
[2] 0.178025791 0.186641592 0.172597724 0.171592891 0.172276811 0.172066522 0.172614828 0.171553492 0.171707786 0.171672361 
[3] 0.169694537 0.167236168 0.165440806 0.160274270 0.166712439 0.168841253 0.181765368 0.168640089 0.162865598 0.168526151 
[4] 0.164393595 0.161131629 0.159273156 0.158978397 0.174108415 0.168448498 0.170643463 0.158273400 0.165919309 0.170316011 
[5] 0.180600386 0.165878563 0.161166937 0.160045536 0.166937303 0.157187670 0.156800719 0.162072466 0.175870639 0.184771357 
[6] 0.182248801 0.177258785 0.174313781 0.169090050 0.184713149 0.182075600 0.169694921 0.169273892 0.170293138 0.176019727 
[7] 0.163956701 0.168068561 0.165714279 0.163502397 0.163225792 0.175628289 0.172567211 0.161541663 0.167390293 0.174713665 
[8] 0.171801010 0.169184153 0.168150523 0.169610528 0.161843795 0.161637197 0.173957399 0.162780452 0.170729075 0.159244637 
[9] 0.161672435 0.170100148 0.189328365 0.186734890 0.178518021 0.174843471 0.175952554 0.184076894 0.184728218 0.173937485 
[AVERAGE] 0.171457773 s
[STANDARD DEVIATION] 0.008188048 s

FEN: rn1q1rk1/pbpp1ppp/8/3nP3/2BP4/5PP1/P6P/R1BQK1NR w KQ - 1 11
        [0]         [1]         [2]         [3]         [4]         [5]         [6]         [7]         [8]         [9]
[0] 0.064691634 0.061529978 0.061026760 0.060736413 0.060649569 0.060399650 0.060786667 0.062465275 0.060603343 0.060559880 
[1] 0.061050214 0.060810966 0.060365503 0.060849404 0.060648439 0.060545822 0.062496519 0.061001281 0.060901571 0.061352089 
[2] 0.061449352 0.061568193 0.068377261 0.061404827 0.060938994 0.060933764 0.063108000 0.061101337 0.060616610 0.060900595 
[3] 0.066116589 0.062700645 0.061985082 0.060440757 0.060554973 0.060565209 0.061542824 0.061252166 0.061288720 0.066079951 
[4] 0.064267220 0.064107603 0.065154697 0.064913461 0.063440155 0.062629938 0.060669881 0.060540914 0.060560676 0.061183977 
[5] 0.060683040 0.060555929 0.060718092 0.060546862 0.061183226 0.061712602 0.060952741 0.060310533 0.061634593 0.061658393 
[6] 0.062473801 0.061240889 0.060917047 0.060984819 0.061160003 0.062476530 0.060907903 0.060768510 0.061447433 0.062926720 
[7] 0.060552899 0.061685931 0.061721833 0.061596642 0.060959968 0.061201921 0.063228335 0.060580737 0.060651691 0.061575298 
[8] 0.060783349 0.060681913 0.060490079 0.062587916 0.060691489 0.060375456 0.061810915 0.061002804 0.060686504 0.060610671 
[9] 0.060656164 0.060614679 0.064665261 0.078933626 0.062337773 0.061084497 0.061356712 0.061305051 0.060809915 0.060682994 
[AVERAGE] 0.061750480 s
[STANDARD DEVIATION] 0.002241580 s

FEN: r2qk2r/1p1n1ppp/p1pbbn2/3p2B1/3P4/2NBPN1P/PP3PP1/R2QK2R w KQkq - 0 10
        [0]         [1]         [2]         [3]         [4]         [5]         [6]         [7]         [8]         [9]
[0] 0.272391517 0.259892915 0.259484620 0.260940740 0.260694775 0.259826346 0.260328954 0.259331856 0.259505193 0.259440783 
[1] 0.260354921 0.260940718 0.262075270 0.262691636 0.262684628 0.262856888 0.261576742 0.263475561 0.264103814 0.261032189 
[2] 0.264699879 0.261375214 0.262776635 0.260576972 0.260626136 0.260749567 0.261494513 0.260510181 0.264996054 0.264444482 
[3] 0.264135540 0.262267471 0.261698158 0.261986303 0.264040788 0.277050910 0.263303421 0.264075771 0.263031501 0.263608350 
[4] 0.263132295 0.262802023 0.263162417 0.263126158 0.262044436 0.261205633 0.260449228 0.262698684 0.263186048 0.263520839 
[5] 0.263760442 0.263268960 0.270570123 0.301646399 0.266513787 0.287753220 0.261797803 0.262805386 0.293691322 0.295005383 
[6] 0.287237211 0.305629173 0.268258997 0.262966484 0.292209653 0.283516574 0.263104621 0.267707005 0.261408110 0.303448833 
[7] 0.279243732 0.280588264 0.330033456 0.278192130 0.281230854 0.290204636 0.271722580 0.289976828 0.297874735 0.280250414 
[8] 0.307269510 0.280742960 0.265038281 0.274503109 0.293419034 0.287271416 0.299689534 0.287910085 0.318977878 0.294319693 
[9] 0.281252497 0.265954906 0.277008573 0.279177038 0.278949321 0.262175710 0.298527025 0.272684557 0.277842081 0.274903783 
[AVERAGE] 0.272456398 s
[STANDARD DEVIATION] 0.014994590 s

FEN: r1bq1rk1/pp2bppp/2n1pn2/2pp4/P3PB2/3P1NP1/1PP2PBP/RN1Q1RK1 b - - 2 8
        [0]         [1]         [2]         [3]         [4]         [5]         [6]         [7]         [8]         [9]
[0] 0.105367260 0.107281034 0.126207723 0.106566741 0.105230377 0.100071582 0.098485771 0.100697764 0.100162938 0.103107008 
[1] 0.098656433 0.098405363 0.099188375 0.100704310 0.100043000 0.099390380 0.098843356 0.099188997 0.105455434 0.121873113 
[2] 0.124972502 0.124267304 0.125353450 0.120072728 0.109795062 0.112954313 0.111247977 0.114316281 0.109889906 0.118740653 
[3] 0.099628172 0.100203079 0.104004386 0.104561919 0.099772745 0.105214404 0.099584802 0.100024212 0.107932990 0.109019703 
[4] 0.114248401 0.116788398 0.100702610 0.100477180 0.100365623 0.099678320 0.106410321 0.109954478 0.114884540 0.126018152 
[5] 0.119106076 0.118362899 0.107993358 0.101549409 0.108295352 0.100026143 0.117940108 0.118961794 0.116266183 0.123293819 
[6] 0.120623417 0.112985660 0.129344365 0.103959790 0.101970394 0.099861879 0.099690819 0.101043490 0.101127862 0.099037726 
[7] 0.098623406 0.099115088 0.099762985 0.098600331 0.100661964 0.100155213 0.099677441 0.100270711 0.099591599 0.099687926 
[8] 0.102177114 0.099860720 0.100061938 0.098520096 0.098857798 0.098492167 0.101059968 0.100082747 0.102153447 0.101381567 
[9] 0.099610885 0.100057960 0.101411970 0.099979204 0.107203595 0.108215125 0.119094836 0.118514689 0.119045950 0.110576935 
[AVERAGE] 0.106499575 s
[STANDARD DEVIATION] 0.008550003 s

FEN: r1bqr1k1/ppp2ppp/2n5/2bnp3/8/2NP1NP1/PP2PPBP/R1BQ1RK1 w - - 1 9
        [0]         [1]         [2]         [3]         [4]         [5]         [6]         [7]         [8]         [9]
[0] 0.174587702 0.184867920 0.210134819 0.191106544 0.172166163 0.173612104 0.173018493 0.172062213 0.173739780 0.172340709 
[1] 0.172455813 0.190679452 0.223346273 0.212698305 0.189181177 0.174721965 0.188479129 0.170195596 0.178087869 0.202392135 
[2] 0.207060532 0.204012934 0.186614654 0.191307842 0.185724170 0.208070683 0.200872278 0.203667273 0.181699305 0.173834267 
[3] 0.205747462 0.210223164 0.202805015 0.184681191 0.171664146 0.170923660 0.174720839 0.176015964 0.181815345 0.197369926 
[4] 0.201092414 0.205094371 0.199322680 0.186618863 0.191862413 0.198662796 0.215432411 0.189305299 0.175256150 0.172825178 
[5] 0.170968182 0.171496144 0.173635781 0.170689605 0.172326975 0.171426548 0.172692616 0.171302911 0.170549476 0.171930545 
[6] 0.171160690 0.176349987 0.205021181 0.183740996 0.175691994 0.205872572 0.197439680 0.187469537 0.177730830 0.192845170 
[7] 0.198068805 0.206052894 0.206976893 0.194668243 0.190145175 0.186762292 0.184818420 0.217018117 0.203579605 0.192036551 
[8] 0.182093031 0.194434754 0.202070873 0.197482940 0.189342502 0.180960695 0.172668943 0.171646473 0.175974713 0.171526312 
[9] 0.172353617 0.177634434 0.172067896 0.176165060 0.174213689 0.174409209 0.174641939 0.171914114 0.176198671 0.177223224 
[AVERAGE] 0.186096689 s
[STANDARD DEVIATION] 0.013929440 s

FEN: rnbqk2r/ppp2pp1/5n1p/3p4/1b1P3B/2N2N2/PP2PPPP/R2QKB1R b KQkq - 1 7
        [0]         [1]         [2]         [3]         [4]         [5]         [6]         [7]         [8]         [9]
[0] 0.093500694 0.093007471 0.092146311 0.093761969 0.100172424 0.102961461 0.096928706 0.095092712 0.102105732 0.101316603 
[1] 0.092074559 0.092155166 0.093671714 0.099883296 0.096751964 0.093848627 0.099024184 0.099192330 0.101383534 0.113118095 
[2] 0.108205106 0.104464309 0.100994669 0.098985999 0.095345769 0.096166333 0.095411399 0.095107502 0.095104713 0.092576828 
[3] 0.091625510 0.091944986 0.091982287 0.096731444 0.103827549 0.093843147 0.091996120 0.094401998 0.096193622 0.094096536 
[4] 0.093759139 0.100299512 0.104973449 0.107463565 0.098487477 0.113668034 0.109760418 0.111211818 0.114122442 0.101420656 
[5] 0.098319810 0.096550966 0.112616336 0.095418969 0.094658489 0.094509655 0.095111100 0.092398414 0.093767473 0.092114496 
[6] 0.092058518 0.108973380 0.092527504 0.099863797 0.097141094 0.098617777 0.091945356 0.096653743 0.093811620 0.092275210 
[7] 0.106071439 0.094280535 0.092324928 0.095819672 0.095913558 0.095011711 0.092395438 0.093993084 0.092254662 0.094204332 
[8] 0.096613435 0.096704452 0.094478990 0.094700630 0.093410967 0.092074832 0.094115385 0.099850106 0.092531483 0.100116730 
[9] 0.098886464 0.094487048 0.095671395 0.092686548 0.094267644 0.092650607 0.093995145 0.092268916 0.092685408 0.096603354 
[AVERAGE] 0.097166725 s
[STANDARD DEVIATION] 0.005511698 s

FEN: 2r5/1p2kp2/p3pn1P/6R1/6p1/2P3P1/2PR4/6K1 b - - 4 31
        [0]         [1]         [2]         [3]         [4]         [5]         [6]         [7]         [8]         [9]
[0] 0.019848845 0.024723547 0.022407107 0.019715514 0.018916363 0.018915295 0.019073291 0.018959040 0.019198333 0.018961821 
[1] 0.018923987 0.018983104 0.018868259 0.019502109 0.025174127 0.020127431 0.018978806 0.018919583 0.019075892 0.019514810 
[2] 0.019681879 0.019166799 0.018761294 0.021054982 0.019164135 0.019011498 0.018955770 0.018786860 0.019196130 0.019070035 
[3] 0.018923986 0.018815219 0.018934715 0.019124692 0.019039073 0.018808131 0.018981381 0.018915081 0.018907470 0.018996377 
[4] 0.018850950 0.019285553 0.018883973 0.018820844 0.019745173 0.020181211 0.018970149 0.018754915 0.018796020 0.020188519 
[5] 0.019258178 0.018952301 0.018839526 0.018811515 0.019021256 0.018891970 0.018886538 0.018925383 0.018909967 0.018749904 
[6] 0.019109385 0.018836330 0.018889628 0.019918585 0.019439284 0.019317444 0.019028931 0.019182219 0.018769451 0.018649320 
[7] 0.018929658 0.018727793 0.018684118 0.019338532 0.018596198 0.019195067 0.026479277 0.018881935 0.018788985 0.018792470 
[8] 0.019152299 0.019802173 0.022356742 0.019018716 0.018792855 0.019033453 0.020226535 0.019828483 0.018929102 0.019700618 
[9] 0.019029761 0.018964881 0.018853995 0.018827745 0.018815185 0.018836999 0.018915482 0.018861008 0.018916796 0.018869674 
[AVERAGE] 0.019360937 s
[STANDARD DEVIATION] 0.001241747 s

FEN: 1r4k1/p5p1/5p1p/q2p4/2rPn3/b1PQRN1P/P1RB1PP1/6K1 w - - 1 2
        [0]         [1]         [2]         [3]         [4]         [5]         [6]         [7]         [8]         [9]
[0] 0.068198702 0.072634021 0.072598740 0.075528197 0.076840915 0.081450083 0.080473337 0.079921226 0.079774792 0.078366897 
[1] 0.072907764 0.072483113 0.073424065 0.076399136 0.065576263 0.065389987 0.065521262 0.065328491 0.070584981 0.066419746 
[2] 0.068350549 0.067719504 0.066951480 0.065699370 0.066261137 0.065796125 0.065822358 0.067819724 0.067916439 0.066004012 
[3] 0.065889987 0.066227356 0.066165187 0.066544942 0.066079647 0.065455750 0.069535240 0.067043255 0.066440358 0.072241804 
[4] 0.076063550 0.077162809 0.077490433 0.080713072 0.078654629 0.080194271 0.078454423 0.072858053 0.073696967 0.073902744 
[5] 0.072017892 0.071941811 0.070473302 0.069287038 0.072576870 0.074139888 0.076252366 0.075963096 0.073386656 0.074027139 
[6] 0.075360548 0.073515148 0.069089868 0.072692819 0.069065315 0.071347592 0.066408756 0.069820834 0.066102040 0.070520159 
[7] 0.068800833 0.066136758 0.066247514 0.066246694 0.069948154 0.065744794 0.066043107 0.070987385 0.066029512 0.066948334 
[8] 0.068205626 0.065546505 0.065833259 0.065600453 0.079179867 0.081179469 0.076094233 0.067249600 0.066696826 0.068155783 
[9] 0.070188461 0.068370479 0.067991504 0.066136592 0.066666109 0.068964564 0.067338561 0.065890142 0.074810139 0.089149877 
[AVERAGE] 0.070853472 s
[STANDARD DEVIATION] 0.005060663 s

FEN: 5rk1/rNR2ppp/P3p3/3p4/2p5/2n1P3/R4PPP/6K1 w - - 0 1
        [0]         [1]         [2]         [3]         [4]         [5]         [6]         [7]         [8]         [9]
[0] 0.024250198 0.026222599 0.027332318 0.025754557 0.027048629 0.027964786 0.027814379 0.031403541 0.024308922 0.025178978 
[1] 0.023919120 0.022810452 0.022269133 0.022771461 0.022057950 0.021296459 0.023010207 0.023740579 0.025424161 0.022966280 
[2] 0.021725071 0.021402879 0.021412732 0.021660970 0.021235056 0.021038179 0.021040797 0.021341293 0.020927739 0.021025043 
[3] 0.020997499 0.021167731 0.021045464 0.020914111 0.020974105 0.020939978 0.022141188 0.021937599 0.022657053 0.025664927 
[4] 0.023605807 0.023810351 0.024461640 0.023270490 0.024934545 0.024923100 0.024333658 0.024839899 0.024482192 0.025448087 
[5] 0.027979461 0.029228877 0.027680315 0.026126050 0.022843326 0.023169309 0.024317115 0.023450958 0.021788560 0.021890560 
[6] 0.021828870 0.023024237 0.021374918 0.021388720 0.021253199 0.022273304 0.022179549 0.021742615 0.024168204 0.023719154 
[7] 0.023443790 0.022443636 0.021164433 0.021191994 0.021287844 0.021444454 0.022679370 0.024674458 0.024168404 0.023529905 
[8] 0.022574752 0.021903755 0.023845866 0.022566336 0.023749209 0.026046707 0.025470155 0.024087172 0.023755233 0.021905734 
[9] 0.021435371 0.021071494 0.021505063 0.021118188 0.021514747 0.021265677 0.021440650 0.021206211 0.021908258 0.023475215 
[AVERAGE] 0.023222053 s
[STANDARD DEVIATION] 0.002122105 s

FEN: r1bk2r1/ppp1n2p/3q3Q/1B2Np2/4n3/2P5/PP3PPP/RN3RK1 b - - 2 16
        [0]         [1]         [2]         [3]         [4]         [5]         [6]         [7]         [8]         [9]
[0] 0.219353455 0.224895144 0.227812138 0.207557967 0.235020047 0.245833575 0.218608837 0.259379532 0.241534634 0.218757964 
[1] 0.219279308 0.226517743 0.251775213 0.227647111 0.223893864 0.222082307 0.207251232 0.212291982 0.216579774 0.226696069 
[2] 0.243445498 0.221289653 0.211118180 0.215814639 0.219934944 0.218499802 0.213481001 0.218393854 0.226090440 0.210428042 
[3] 0.241025237 0.215058755 0.205351421 0.208969313 0.205766442 0.205444144 0.236512454 0.260982305 0.213055393 0.215191464 
[4] 0.206379350 0.217124841 0.206411609 0.208345551 0.230754414 0.219941077 0.208260350 0.206631338 0.207747107 0.206712076 
[5] 0.208560333 0.206205622 0.218397567 0.210550979 0.208442400 0.208989295 0.207581344 0.221179666 0.209289301 0.206923040 
[6] 0.207169864 0.206760286 0.208167513 0.206455972 0.207345047 0.218677342 0.221570354 0.229848429 0.213419799 0.210099651 
[7] 0.213242492 0.229216092 0.234403711 0.208372506 0.211277078 0.209462787 0.209572824 0.207074886 0.220488818 0.227686392 
[8] 0.205964172 0.225232863 0.221593636 0.215931834 0.212363380 0.205477055 0.224365683 0.223165593 0.226426740 0.214572688 
[9] 0.212198968 0.212409394 0.207765603 0.211670310 0.205830720 0.210350169 0.210295051 0.206999301 0.211651111 0.232431560 
[AVERAGE] 0.217600558 s
[STANDARD DEVIATION] 0.011926597 s

FEN: r2qkb1r/pp2nppp/3p4/2pNN1B1/2BnP3/3P4/PPP2PPP/R2bK2R w KQkq - 1 0
        [0]         [1]         [2]         [3]         [4]         [5]         [6]         [7]         [8]         [9]
[0] 0.167464501 0.167960051 0.170401774 0.169254780 0.169319938 0.178968170 0.169315854 0.178311500 0.168875631 0.196870428 
[1] 0.206617874 0.190189579 0.177668992 0.180376465 0.202234928 0.191927644 0.203489245 0.187472670 0.174289350 0.184674740 
[2] 0.171620372 0.169188640 0.170641590 0.167276815 0.166890951 0.168768447 0.167744325 0.169763553 0.174097354 0.169600061 
[3] 0.184505976 0.207800542 0.196559519 0.199398835 0.203850726 0.209612959 0.195344060 0.226666887 0.210660217 0.196489133 
[4] 0.194725417 0.200790440 0.202333400 0.200126962 0.196095210 0.200646808 0.188116194 0.197369996 0.213348954 0.211172505 
[5] 0.195143695 0.197942138 0.187110701 0.210330090 0.210859502 0.207714516 0.218159599 0.220932667 0.200249514 0.176445361 
[6] 0.194531272 0.202209110 0.201944581 0.198093814 0.206454580 0.188122281 0.168194719 0.168288856 0.167322004 0.167851860 
[7] 0.168860647 0.167790332 0.167318269 0.168817257 0.167668329 0.168386199 0.185106930 0.212780486 0.214737894 0.216884149 
[8] 0.199654650 0.210972956 0.195443157 0.168502158 0.186139673 0.212854639 0.223137985 0.213079868 0.210812611 0.197307596 
[9] 0.184845891 0.169182425 0.168415266 0.167920446 0.168918909 0.171507769 0.177766262 0.180055900 0.183368118 0.184843829 
[AVERAGE] 0.188678724 s
[STANDARD DEVIATION] 0.017302863 s

FEN: 1rb4r/pkPp3p/1b1P3n/1Q6/N3Pp2/8/P1P3PP/7K w - - 1 0
        [0]         [1]         [2]         [3]         [4]         [5]         [6]         [7]         [8]         [9]
[0] 0.027091706 0.027304383 0.029399516 0.029263930 0.029273862 0.029871133 0.030285389 0.033033855 0.029401204 0.028194850 
[1] 0.028158689 0.028914199 0.032595687 0.029697472 0.029618720 0.033043366 0.031056988 0.031543075 0.028101612 0.027434853 
[2] 0.028973999 0.033793850 0.027747142 0.027723138 0.036222455 0.026173301 0.026317298 0.025077352 0.026344938 0.025583895 
[3] 0.026171055 0.025188301 0.026060042 0.025418667 0.026411299 0.025726845 0.025065270 0.024500698 0.026246542 0.027010288 
[4] 0.028495697 0.027875349 0.029737673 0.033932505 0.033104679 0.033004551 0.030166045 0.032466844 0.030500413 0.034557644 
[5] 0.027286451 0.027556735 0.027968748 0.032717277 0.027257168 0.026807861 0.026445466 0.024886287 0.024917965 0.024676220 
[6] 0.026102763 0.027159942 0.027258388 0.025448960 0.027764742 0.032598181 0.031653609 0.032767860 0.036723527 0.031171030 
[7] 0.029809412 0.030150786 0.029970452 0.027501331 0.026880038 0.026969978 0.025848051 0.024875076 0.027110704 0.025625242 
[8] 0.027046756 0.025641369 0.025630123 0.028800696 0.025205220 0.024899886 0.025184001 0.025129479 0.024742149 0.024896544 
[9] 0.024835443 0.027386370 0.028303141 0.028189208 0.030927993 0.036267245 0.035153613 0.033965795 0.030239144 0.031110492 
[AVERAGE] 0.028563472 s
[STANDARD DEVIATION] 0.003053329 s

FEN: 4kb1r/p2n1ppp/4q3/4p1B1/4P3/1Q6/PPP2PPP/2KR4 w k - 1 0
        [0]         [1]         [2]         [3]         [4]         [5]         [6]         [7]         [8]         [9]
[0] 0.108706382 0.102662484 0.094261694 0.094862733 0.097826440 0.093680517 0.099932365 0.123773032 0.126469849 0.127646786 
[1] 0.118059935 0.108826366 0.108817828 0.123458043 0.138520543 0.131523591 0.096468449 0.104125874 0.102889015 0.101837505 
[2] 0.098243778 0.097364944 0.097271801 0.094574647 0.095602907 0.098698334 0.095162270 0.101982990 0.109060927 0.112809519 
[3] 0.117003106 0.120163109 0.116027976 0.120817652 0.117632360 0.115243699 0.114502497 0.139713315 0.120263700 0.113663969 
[4] 0.120914286 0.124889927 0.118480763 0.117863231 0.108767311 0.126068340 0.142485300 0.104982288 0.094377019 0.093603959 
[5] 0.094256398 0.094200373 0.094333477 0.094272703 0.094197064 0.094848394 0.094656322 0.106790247 0.104205032 0.105282920 
[6] 0.099689245 0.100301124 0.098794568 0.103150360 0.117235250 0.121164056 0.154582395 0.116703461 0.119363554 0.110629483 
[7] 0.116666137 0.115574194 0.131078679 0.115100971 0.114845425 0.109574959 0.110720961 0.123803091 0.122342211 0.116361604 
[8] 0.112431805 0.109466357 0.132358363 0.133372034 0.109327768 0.108771921 0.108936095 0.116144827 0.114492222 0.108275868 
[9] 0.102791827 0.098514794 0.112756349 0.111390996 0.108857504 0.117118410 0.115794017 0.116313288 0.115524158 0.115114223 
[AVERAGE] 0.111150628 s
[STANDARD DEVIATION] 0.012450839 s

FEN: r1b2k1r/ppp1bppp/8/1B1Q4/5q2/2P5/PPP2PPP/R3R1K1 w - - 1 0
        [0]         [1]         [2]         [3]         [4]         [5]         [6]         [7]         [8]         [9]
[0] 0.320877358 0.342306508 0.304656134 0.294875442 0.297647802 0.300208813 0.284809731 0.305754998 0.325081990 0.303191095 
[1] 0.323971731 0.314507917 0.301264851 0.293491563 0.328730814 0.287556186 0.313543260 0.272758227 0.283070154 0.285780179 
[2] 0.288845240 0.277892672 0.284518727 0.275379469 0.283340232 0.279529002 0.273557340 0.304066788 0.318466577 0.318046695 
[3] 0.285635140 0.277376960 0.290428502 0.269996915 0.278853866 0.293457460 0.285979043 0.276756585 0.286687192 0.292223634 
[4] 0.323518821 0.296608355 0.284986924 0.302437120 0.316987392 0.311031337 0.286756754 0.303909465 0.307590700 0.285995078 
[5] 0.292644815 0.289028728 0.298516854 0.297587353 0.288750610 0.285661171 0.275183349 0.284452014 0.301454458 0.279376204 
[6] 0.284412959 0.277021976 0.271673373 0.289924578 0.282388067 0.303252474 0.277243672 0.283755057 0.290336860 0.282787015 
[7] 0.298325626 0.280086696 0.286181934 0.271580667 0.279357750 0.275130080 0.277092053 0.291835928 0.274662088 0.278971926 
[8] 0.280258894 0.276914998 0.291249727 0.275306087 0.286856801 0.293718035 0.290934863 0.317216167 0.330822791 0.291838017 
[9] 0.335254344 0.317054732 0.296345632 0.290460195 0.314204301 0.290548740 0.287475841 0.271181563 0.275362417 0.278246973 
[AVERAGE] 0.292848722 s
[STANDARD DEVIATION] 0.016110028 s

FEN: 5rkr/pp2Rp2/1b1p1Pb1/3P2Q1/2n3P1/2p5/P4P2/4R1K1 w - - 1 0
        [0]         [1]         [2]         [3]         [4]         [5]         [6]         [7]         [8]         [9]
[0] 0.073406588 0.072531033 0.074404053 0.074783029 0.077856689 0.076672752 0.078498832 0.085742967 0.073613033 0.071282523 
[1] 0.070726732 0.070920734 0.070165379 0.070340109 0.071507894 0.071707442 0.073486083 0.074158677 0.075467494 0.075464231 
[2] 0.075602183 0.076658484 0.076190880 0.076363848 0.075903494 0.073745992 0.069652697 0.072149100 0.072044600 0.070250994 
[3] 0.069730408 0.070422326 0.070122972 0.069908587 0.069878474 0.073476137 0.074633241 0.077265254 0.077013633 0.078054468 
[4] 0.076526046 0.076253688 0.076794002 0.076519365 0.073129749 0.074641127 0.070535274 0.070222373 0.072790254 0.074961568 
[5] 0.070341293 0.075402815 0.079663405 0.087901112 0.074840380 0.080575645 0.075326460 0.070566349 0.079503394 0.081261322 
[6] 0.071370933 0.077725833 0.075809383 0.077583800 0.077478988 0.082485897 0.070509257 0.076072995 0.075302797 0.074929535 
[7] 0.076338925 0.079239168 0.076063049 0.076352430 0.078725536 0.078127495 0.073858187 0.085803085 0.075058471 0.077446748 
[8] 0.076936151 0.074097123 0.080931110 0.076964819 0.080204013 0.077700059 0.073951339 0.084264272 0.075084838 0.078786357 
[9] 0.079309311 0.074017946 0.081170406 0.079222863 0.070307573 0.078368322 0.074212441 0.076805812 0.077742550 0.081063992 
[AVERAGE] 0.075569835 s
[STANDARD DEVIATION] 0.003819756 s

FEN: rnbqk2r/p4p2/2pbpn1p/1p4p1/2pPP3/2N2NB1/PP2BPPP/R2QK2R w KQkq - 2 10
        [0]         [1]         [2]         [3]         [4]         [5]         [6]         [7]         [8]         [9]
[0] 0.158308035 0.156014816 0.149829221 0.149044328 0.141870211 0.141927186 0.142152825 0.141604005 0.160022242 0.158732052 
[1] 0.141277410 0.151226956 0.150082716 0.162822105 0.163150924 0.152704610 0.154996411 0.162039811 0.167064214 0.145405209 
[2] 0.155208560 0.146752049 0.140185640 0.140000865 0.148167813 0.169519468 0.174491963 0.169394580 0.168239754 0.169878643 
[3] 0.168875827 0.162263102 0.165907422 0.196277883 0.165352695 0.164581239 0.154338606 0.156457163 0.153868730 0.163227751 
[4] 0.145676617 0.141659923 0.162959176 0.154250929 0.169092648 0.168633670 0.149589249 0.160708268 0.182607892 0.172172600 
[5] 0.189665848 0.173317628 0.182771210 0.158084393 0.140111057 0.140348765 0.139683529 0.140065513 0.149221537 0.180238976 
[6] 0.179214272 0.186588465 0.180587905 0.171102098 0.150455669 0.145080764 0.141737091 0.143554453 0.154864496 0.172393256 
[7] 0.172801865 0.178327848 0.173622027 0.169338384 0.157514696 0.156286253 0.143869215 0.156453001 0.185516456 0.179140030 
[8] 0.177508190 0.177691132 0.179465726 0.184733562 0.186477016 0.170208336 0.155766834 0.142469893 0.177807708 0.182668514 
[9] 0.185502025 0.177535290 0.160178987 0.176329559 0.178023709 0.170983025 0.179933049 0.180446083 0.182228861 0.161739625 
[AVERAGE] 0.162702698 s
[STANDARD DEVIATION] 0.014676865 s

FEN: r1bqk2r/ppp1nppp/2np4/2b1p1N1/2B1P3/3P4/PPP2PPP/RNBQK2R w KQkq - 2 6
        [0]         [1]         [2]         [3]         [4]         [5]         [6]         [7]         [8]         [9]
[0] 0.128687882 0.125866110 0.125548155 0.133949472 0.154904753 0.149864942 0.155433261 0.135904548 0.129072534 0.148784455 
[1] 0.135355663 0.128007374 0.127497804 0.125786569 0.129075976 0.125737921 0.125887727 0.127780626 0.129055181 0.126704944 
[2] 0.125770480 0.125151974 0.127054528 0.126271136 0.126229846 0.126186746 0.128899095 0.125688256 0.128212903 0.127344116 
[3] 0.131219472 0.133939311 0.126840552 0.125920531 0.132585273 0.124983852 0.125775459 0.128213742 0.127590707 0.128035495 
[4] 0.131741898 0.126411056 0.133481054 0.127175104 0.125462003 0.125201013 0.127237648 0.125277796 0.125120221 0.125114661 
[5] 0.128168504 0.126624663 0.125334637 0.125207108 0.127473247 0.126676335 0.126686714 0.126748656 0.126001922 0.124758702 
[6] 0.124799733 0.127237794 0.126496540 0.125989143 0.126001203 0.127275793 0.126272759 0.125798739 0.125843071 0.126960284 
[7] 0.125682492 0.125247231 0.124718358 0.130539857 0.125284634 0.126598908 0.125811592 0.128497358 0.124802317 0.124881866 
[8] 0.128413235 0.128671645 0.125654823 0.124733347 0.125263127 0.126960894 0.126175698 0.126276785 0.125851812 0.128395935 
[9] 0.125852793 0.126431173 0.125975932 0.127571235 0.126717587 0.126104622 0.126063884 0.127658414 0.125155682 0.126467255 
[AVERAGE] 0.128118579 s
[STANDARD DEVIATION] 0.005453826 s

FEN: 8/pK1p3p/7p/1P4N1/8/6k1/5r2/8 w - - 0 2
        [0]         [1]         [2]         [3]         [4]         [5]         [6]         [7]         [8]         [9]
[0] 0.002955555 0.003122032 0.002953333 0.003091142 0.003066013 0.002950053 0.003056595 0.003006607 0.003035014 0.002964719 
[1] 0.003037724 0.002951862 0.002996428 0.002978027 0.002952928 0.003066336 0.002950373 0.003048491 0.002952955 0.003035437 
[2] 0.002965487 0.002950665 0.003024030 0.003021207 0.003054722 0.002950253 0.003050095 0.002953105 0.002952154 0.003007101 
[3] 0.002955031 0.003038126 0.003023022 0.003022633 0.002952467 0.003007482 0.003065624 0.003075330 0.003023104 0.002922697 
[4] 0.003109777 0.002952972 0.002952744 0.003026852 0.002953442 0.003051515 0.002950912 0.003051835 0.002992871 0.002951664 
[5] 0.003037033 0.002953593 0.003036639 0.002980760 0.003048711 0.002952258 0.003024057 0.002994754 0.002951280 0.002994914 
[6] 0.002952064 0.003023534 0.002980843 0.003915050 0.003127777 0.003125072 0.003445704 0.003027870 0.003028843 0.003027731 
[7] 0.003076530 0.002924749 0.003024812 0.003022220 0.002993332 0.002951311 0.002926448 0.003023410 0.002950719 0.003151899 
[8] 0.003094589 0.003053905 0.002968378 0.002969151 0.003007184 0.003008344 0.003035950 0.002964866 0.003036197 0.002977207 
[9] 0.002978536 0.003038260 0.002964199 0.003036839 0.002923055 0.003023105 0.002951489 0.002951575 0.003052042 0.002951982 
[AVERAGE] 0.003018413 s
[STANDARD DEVIATION] 0.000112566 s

FEN: 8/1p4pk/p4b1p/4p3/1P2P1q1/P1R2NPn/7P/3Q1B1K b - - 0 2
        [0]         [1]         [2]         [3]         [4]         [5]         [6]         [7]         [8]         [9]
[0] 0.059603790 0.059397260 0.059421952 0.060381692 0.059219696 0.059432874 0.061197618 0.059235269 0.059430374 0.059269657 
[1] 0.059594857 0.059413431 0.060355673 0.060105800 0.060557128 0.060593785 0.058949705 0.059312299 0.059423622 0.059290085 
[2] 0.059514059 0.059523648 0.059282263 0.063328402 0.059226527 0.059432147 0.059332830 0.059202288 0.059571134 0.059309439 
[3] 0.059323445 0.062869244 0.062755594 0.063158482 0.059341933 0.059554481 0.060124763 0.070667480 0.070167430 0.073216395 
[4] 0.069013136 0.069791072 0.072529509 0.071923806 0.068774195 0.067360696 0.064789701 0.068660359 0.066576365 0.066480119 
[5] 0.067405465 0.065246879 0.065639329 0.064129619 0.066054645 0.065278846 0.059588752 0.058964180 0.058845623 0.059077005 
[6] 0.059551045 0.062331857 0.063318411 0.062238034 0.061499889 0.060927635 0.059262683 0.059397771 0.059239965 0.059420710 
[7] 0.061037957 0.058950172 0.058970977 0.058690958 0.058971728 0.059011720 0.059033787 0.059380074 0.059873777 0.060876195 
[8] 0.059299825 0.059229517 0.059873905 0.059269258 0.060320796 0.059317849 0.059505637 0.061684782 0.059211035 0.058979224 
[9] 0.059510621 0.059276843 0.059121185 0.058955321 0.059207958 0.060408561 0.058895867 0.058689660 0.058486946 0.058751922 
[AVERAGE] 0.061391999 s
[STANDARD DEVIATION] 0.003592852 s

FEN: 2r5/2P4R/p3kp1p/n3pNpP/4P1P1/8/3b1P2/6K1 w - - 0 2
        [0]         [1]         [2]         [3]         [4]         [5]         [6]         [7]         [8]         [9]
[0] 0.008363206 0.008421384 0.008384052 0.008375416 0.008330149 0.008341942 0.009008462 0.008486366 0.008539322 0.008525474 
[1] 0.008552485 0.008408981 0.008455073 0.008457836 0.008489493 0.008495824 0.008453062 0.008414647 0.008435698 0.008496578 
[2] 0.008633035 0.008481532 0.008453971 0.008485331 0.008454180 0.008448516 0.008412829 0.008422974 0.008426416 0.009726841 
[3] 0.008606107 0.008671465 0.008596832 0.008357937 0.008353992 0.008414961 0.008397992 0.008328138 0.008385394 0.008329503 
[4] 0.008326549 0.008399443 0.008424180 0.008391166 0.008536067 0.008403084 0.008440035 0.008358366 0.008356480 0.008333713 
[5] 0.008396396 0.008459046 0.008380778 0.008452782 0.008423922 0.008526067 0.008610904 0.008428704 0.008452800 0.008425746 
[6] 0.008535163 0.008413289 0.008445324 0.008424061 0.008461279 0.008427003 0.008423517 0.008521990 0.008510533 0.008510059 
[7] 0.009223820 0.008522485 0.008442870 0.008451635 0.008471655 0.008455461 0.008803813 0.008756545 0.008456507 0.008592925 
[8] 0.008494362 0.008437439 0.008442467 0.008495309 0.008510024 0.008537541 0.008446149 0.008426830 0.009949830 0.008645535 
[9] 0.008699706 0.008608136 0.008449833 0.008439877 0.008492469 0.008470062 0.008407792 0.008443506 0.008426098 0.008500516 
[AVERAGE] 0.008505230 s
[STANDARD DEVIATION] 0.000229648 s

FEN: r3k2r/5ppp/p2q2b1/1p2p3/5BP1/7P/PPP1QP2/R5K1 w kq - 0 2
        [0]         [1]         [2]         [3]         [4]         [5]         [6]         [7]         [8]         [9]
[0] 0.105870230 0.105253755 0.105201602 0.108308156 0.107409691 0.107140432 0.105797506 0.105735821 0.107592606 0.106629988 
[1] 0.106279354 0.106429247 0.106425984 0.108001403 0.107261655 0.106798817 0.106117189 0.107910469 0.106085672 0.106356100 
[2] 0.108535996 0.106806812 0.108467353 0.106284404 0.135981459 0.132130233 0.124607682 0.119528142 0.115695780 0.129610258 
[3] 0.126590675 0.124129746 0.128577091 0.123522963 0.121143920 0.123751182 0.118208505 0.124309494 0.123455029 0.123685377 
[4] 0.118019477 0.118440282 0.109635133 0.109512540 0.131384057 0.112698136 0.114102821 0.107601886 0.117767228 0.128154238 
[5] 0.117670858 0.131045384 0.131278708 0.124194823 0.134747908 0.126989458 0.134568667 0.122686217 0.127555849 0.126367469 
[6] 0.115934157 0.117862711 0.119126572 0.135627401 0.131341662 0.127006345 0.132085377 0.116325885 0.125375056 0.137544840 
[7] 0.132069187 0.136310289 0.127002568 0.109666599 0.112361896 0.112991421 0.115124362 0.105897011 0.109644828 0.106431036 
[8] 0.106525957 0.109114767 0.153315290 0.113320145 0.114018295 0.111388198 0.123205352 0.131357205 0.130725389 0.125593638 
[9] 0.138811743 0.117631024 0.117876216 0.124142191 0.121861786 0.114952476 0.105583154 0.113948880 0.128458920 0.129361463 
[AVERAGE] 0.118589702 s
[STANDARD DEVIATION] 0.010524908 s

FEN: 5bk1/pp3Qpn/3q4/4NpP1/2p2P2/7P/4K3/8 b - - 0 2
        [0]         [1]         [2]         [3]         [4]         [5]         [6]         [7]         [8]         [9]
[0] 0.009830745 0.009078894 0.007965116 0.007866070 0.007680332 0.007626821 0.007857539 0.007507924 0.007539801 0.007868048 
[1] 0.007626068 0.007668852 0.008092992 0.007840041 0.007987168 0.008190059 0.009300896 0.008228808 0.007815600 0.007530040 
[2] 0.007644280 0.007478515 0.007620627 0.007674499 0.008118388 0.007493482 0.007460257 0.007612464 0.007570561 0.007618889 
[3] 0.007712443 0.007659355 0.007721308 0.008061435 0.008227302 0.007860486 0.007409831 0.007951719 0.007633364 0.008089674 
[4] 0.008141399 0.012044947 0.007839942 0.007364758 0.008011696 0.007297545 0.007425375 0.009021669 0.007705898 0.008239281 
[5] 0.007515405 0.009118708 0.007554467 0.009786755 0.009017622 0.008789077 0.008736291 0.007354176 0.007102274 0.007648003 
[6] 0.007251395 0.007577567 0.007155583 0.007284792 0.006895970 0.006947553 0.007048229 0.006916834 0.007088287 0.007046397 
[7] 0.007099893 0.007560878 0.007014603 0.007231514 0.007066056 0.007002006 0.007131740 0.007293521 0.006960266 0.007013359 
[8] 0.007314011 0.007026832 0.007336412 0.007022528 0.007222701 0.007102754 0.007051502 0.007508696 0.007057590 0.007218296 
[9] 0.007138745 0.008751433 0.006949582 0.008182085 0.007003435 0.006872359 0.007374438 0.006994256 0.007481810 0.007035992 
[AVERAGE] 0.007696679 s
[STANDARD DEVIATION] 0.000762820 s

FEN: 3r1r1k/p4q1n/1p5p/2p1bp1n/P2p3N/8/1PPQ1B1P/1K1R2R1 w - - 0 2
        [0]         [1]         [2]         [3]         [4]         [5]         [6]         [7]         [8]         [9]
[0] 0.165483469 0.184502514 0.190450335 0.162511177 0.183031546 0.189665088 0.177910133 0.166244545 0.163408488 0.166964986 
[1] 0.159678129 0.157248373 0.175846873 0.149348216 0.151593878 0.157083427 0.150435194 0.149727713 0.149778047 0.149235672 
[2] 0.153133524 0.150304449 0.158296286 0.150671470 0.158347902 0.150766961 0.149299501 0.149401135 0.150315996 0.149676455 
[3] 0.149665394 0.149368593 0.151497576 0.149836687 0.149448067 0.149912595 0.151939260 0.149673852 0.149085436 0.150006254 
[4] 0.150824470 0.149430088 0.149658194 0.149421000 0.150845463 0.149376060 0.149611391 0.149685559 0.150675009 0.150470344 
[5] 0.149856805 0.149331234 0.150824215 0.150296228 0.149353817 0.149338864 0.151303746 0.150561739 0.166970673 0.192219723 
[6] 0.177412832 0.172935078 0.167798006 0.167258579 0.165681449 0.155000900 0.149695782 0.163894988 0.175802160 0.167472685 
[7] 0.166137947 0.151801452 0.149495985 0.149724939 0.151164664 0.152990676 0.185441024 0.213693140 0.168029649 0.162560564 
[8] 0.156741939 0.151515441 0.150375877 0.149454152 0.149633060 0.149626846 0.150017243 0.154624992 0.149594222 0.149473622 
[9] 0.149676009 0.149381519 0.149710011 0.150550436 0.149497021 0.149030937 0.149301806 0.149697017 0.149507600 0.149662562 
[AVERAGE] 0.157019146 s
[STANDARD DEVIATION] 0.012266304 s

FEN: r7/6kp/3pp1p1/8/4P3/5P2/5BPP/rR4K1 w - - 0 2
        [0]         [1]         [2]         [3]         [4]         [5]         [6]         [7]         [8]         [9]
[0] 0.023348249 0.023082614 0.023149843 0.023006290 0.023440609 0.023366116 0.023036319 0.023088024 0.023182931 0.023246962 
[1] 0.023409047 0.023570171 0.023059504 0.023363632 0.023220355 0.023228716 0.023090353 0.023206108 0.023223288 0.023251944 
[2] 0.023189667 0.023083781 0.023323207 0.023098080 0.023166671 0.023213153 0.023302320 0.023136306 0.023137704 0.023000458 
[3] 0.023531090 0.023298505 0.023030247 0.023041904 0.023163794 0.023340262 0.023117769 0.023101046 0.023038629 0.023247498 
[4] 0.023250469 0.023156382 0.023017558 0.023320511 0.023223507 0.023026237 0.023123698 0.023157999 0.023233086 0.023116708 
[5] 0.023124873 0.023143967 0.023392914 0.023093301 0.023016955 0.023151651 0.023253677 0.023148444 0.023170121 0.023059881 
[6] 0.023123305 0.023376144 0.023122648 0.023071956 0.023157725 0.023277794 0.023166238 0.023401200 0.023155074 0.023285841 
[7] 0.023183419 0.023024840 0.023055196 0.023170125 0.023308966 0.023029720 0.023119261 0.023133462 0.023309349 0.023135205 
[8] 0.023125565 0.023036544 0.023349232 0.023169645 0.023058222 0.024791772 0.023157558 0.023407096 0.023420498 0.023063157 
[9] 0.025203668 0.023258113 0.023139771 0.023343188 0.023117732 0.023346050 0.023145821 0.023046900 0.023101553 0.023180705 
[AVERAGE] 0.023223854 s
[STANDARD DEVIATION] 0.000283064 s

FEN: 2r1n1k1/1bq2pp1/p3p2p/8/1P1R1Q2/2N2P1P/1P3P2/1B4K1 b - - 0 2
        [0]         [1]         [2]         [3]         [4]         [5]         [6]         [7]         [8]         [9]
[0] 0.092428427 0.092455990 0.092321140 0.092348685 0.092636637 0.092419337 0.092621876 0.092586692 0.092486263 0.092408090 
[1] 0.092844340 0.093517683 0.092682463 0.092626231 0.093232477 0.093528904 0.093991218 0.093453426 0.093250416 0.093571300 
[2] 0.093226686 0.093384480 0.093469740 0.093094841 0.092554684 0.092904686 0.092536682 0.092911106 0.092754327 0.092425615 
[3] 0.092619631 0.092603548 0.092398190 0.093346259 0.103418026 0.103518473 0.120472237 0.115350660 0.110186456 0.113882682 
[4] 0.111099507 0.099068990 0.093414400 0.099593899 0.093324045 0.112076768 0.115881260 0.114982376 0.110678315 0.109123781 
[5] 0.108817126 0.114148602 0.111407405 0.113182420 0.122136192 0.119437796 0.121211794 0.113774835 0.097667300 0.092455612 
[6] 0.122630297 0.128269108 0.109771532 0.112746787 0.104211634 0.096524552 0.096426488 0.095802877 0.093831913 0.093400470 
[7] 0.092862525 0.092625794 0.095875626 0.093236559 0.092674482 0.092960234 0.095216880 0.098180509 0.099837546 0.105316559 
[8] 0.105388046 0.104523637 0.101124047 0.093981445 0.095358854 0.099556185 0.104772453 0.100238641 0.098092847 0.104601308 
[9] 0.103849959 0.100709745 0.103739450 0.100082917 0.096452797 0.102766254 0.105341565 0.096353716 0.098981083 0.102923262 
[AVERAGE] 0.100291936 s
[STANDARD DEVIATION] 0.009043787 s

FEN: 4rb2/5kp1/1p2p2p/5p2/1PP5/2Bq1NP1/5P1P/4R1K1 w - - 0 2
        [0]         [1]         [2]         [3]         [4]         [5]         [6]         [7]         [8]         [9]
[0] 0.047067484 0.046845585 0.046304525 0.045723233 0.045984792 0.046730509 0.045517963 0.043285171 0.042909332 0.042742766 
[1] 0.042784383 0.042531947 0.042577311 0.042495517 0.042373234 0.055169377 0.056329996 0.061150117 0.051159708 0.045986158 
[2] 0.046510386 0.050136966 0.044311126 0.045298569 0.045874014 0.045802487 0.045278960 0.044716269 0.043621861 0.043499161 
[3] 0.043130447 0.043243542 0.042949985 0.042754628 0.042890249 0.042709152 0.043042768 0.042974965 0.043074924 0.042975420 
[4] 0.042738659 0.044397461 0.044403986 0.046308752 0.046959937 0.046681312 0.049884074 0.046994351 0.048053748 0.046643434 
[5] 0.044281902 0.043569921 0.043503751 0.043250634 0.043017641 0.043020205 0.043628500 0.043016137 0.042671196 0.043216549 
[6] 0.042817703 0.043344718 0.042871705 0.042845950 0.042875727 0.042753468 0.042894027 0.042742296 0.042892165 0.042720667 
[7] 0.042859010 0.042828424 0.042763091 0.042950865 0.042394644 0.042728434 0.042447678 0.042512522 0.042502262 0.042293781 
[8] 0.042638894 0.042473787 0.042644867 0.042560142 0.043988959 0.043481735 0.042793418 0.042868231 0.042909720 0.043876408 
[9] 0.047698305 0.048641447 0.048204325 0.047648723 0.044470828 0.046496264 0.047662266 0.042882455 0.047380351 0.051133614 
[AVERAGE] 0.044742010 s
[STANDARD DEVIATION] 0.003132118 s

FEN: 6k1/5p2/6p1/8/7p/8/6PP/6K1 b - - 0 0
        [0]         [1]         [2]         [3]         [4]         [5]         [6]         [7]         [8]         [9]
[0] 0.000088181 0.000084775 0.000084131 0.000083871 0.000083754 0.000083500 0.000083411 0.000083642 0.000083523 0.000083561 
[1] 0.000083457 0.000083599 0.000087472 0.000083358 0.000083736 0.000083410 0.000083428 0.000112232 0.000085745 0.000096809 
[2] 0.000083587 0.000083708 0.000083525 0.000083615 0.000083481 0.000083573 0.000111848 0.000098012 0.000083582 0.000083691 
[3] 0.000083693 0.000083492 0.000083468 0.000083606 0.000083541 0.000083658 0.000083722 0.000083698 0.000083588 0.000111873 
[4] 0.000083701 0.000083639 0.000083461 0.000083684 0.000083476 0.000083720 0.000083444 0.000083701 0.000083448 0.000083456 
[5] 0.000085782 0.000083575 0.000083555 0.000083592 0.000083662 0.000083448 0.000083326 0.000083857 0.000083525 0.000083501 
[6] 0.000083592 0.000083574 0.000083492 0.000083806 0.000083584 0.000083631 0.000083494 0.000083410 0.000083460 0.000083321 
[7] 0.000083521 0.000083634 0.000083397 0.000083568 0.000083471 0.000083395 0.000083490 0.000083526 0.000083634 0.000083352 
[8] 0.000111858 0.000083688 0.000083517 0.000083720 0.000083711 0.000083621 0.000083759 0.000083756 0.000083603 0.000083675 
[9] 0.000113883 0.000083575 0.000083870 0.000083517 0.000083632 0.000083539 0.000083488 0.000083791 0.000112403 0.000097462 
[AVERAGE] 0.000085865 s
[STANDARD DEVIATION] 0.000007122 s

FEN: 3k4/2n2B2/1KP5/2B2p2/5b1p/7P/8/8 b - - 0 0
        [0]         [1]         [2]         [3]         [4]         [5]         [6]         [7]         [8]         [9]
[0] 0.005881789 0.004762683 0.004457496 0.004728391 0.004455443 0.004391564 0.004516958 0.004406244 0.004351730 0.004424105 
[1] 0.004351134 0.004307283 0.004617281 0.004419896 0.004363365 0.004488924 0.004530344 0.004341516 0.004636875 0.004833145 
[2] 0.004895255 0.005095404 0.005232437 0.005158333 0.005049891 0.005095922 0.005353517 0.004964889 0.004966543 0.004819265 
[3] 0.004874339 0.004879704 0.004825279 0.004858957 0.005376314 0.004651842 0.004743760 0.004711778 0.004877713 0.004907245 
[4] 0.004746225 0.005519436 0.004826763 0.004804734 0.004646559 0.005427928 0.004703419 0.004885488 0.004802743 0.004994949 
[5] 0.004980307 0.005080150 0.004891408 0.004998484 0.004908081 0.004974201 0.004788835 0.004667583 0.004728018 0.004818534 
[6] 0.004796215 0.004505573 0.004639572 0.004614386 0.004487077 0.004541905 0.004529503 0.004434654 0.004394830 0.004394699 
[7] 0.004338224 0.004438397 0.004504678 0.004306568 0.005329610 0.004507816 0.004391703 0.004490515 0.004308990 0.004477405 
[8] 0.004377091 0.004306018 0.004465043 0.004431514 0.004388189 0.005163030 0.004536067 0.004535112 0.004507668 0.004447299 
[9] 0.004308129 0.004503335 0.004382232 0.004845473 0.004762193 0.004433082 0.004409803 0.004380304 0.004308103 0.004451728 
[AVERAGE] 0.004691721 s
[STANDARD DEVIATION] 0.000314568 s

FEN: r7/4R2P/3p4/3k1K2/2p5/8/8/8 b - - 0 0
        [0]         [1]         [2]         [3]         [4]         [5]         [6]         [7]         [8]         [9]
[0] 0.004828942 0.004725409 0.004851660 0.004793900 0.005072159 0.005302708 0.005073267 0.004818973 0.004815222 0.004903423 
[1] 0.004834546 0.004793296 0.004778438 0.004793124 0.004808253 0.004790139 0.004802819 0.004806209 0.004717994 0.004793221 
[2] 0.004818315 0.004733064 0.004804982 0.004791665 0.004817646 0.004733584 0.004906585 0.004875450 0.004748521 0.004803277 
[3] 0.004835676 0.004750114 0.004790185 0.004863421 0.004880522 0.004880790 0.004877045 0.004851170 0.004752412 0.004797149 
[4] 0.004820409 0.004746810 0.004796942 0.004790677 0.004720499 0.004820123 0.004861242 0.004786026 0.004853951 0.004850541 
[5] 0.004807447 0.004807534 0.004848763 0.004836837 0.004800406 0.004836400 0.004831409 0.004752915 0.004791026 0.004806984 
[6] 0.004723860 0.004794417 0.004905875 0.004838781 0.004725154 0.004793029 0.004850369 0.004776792 0.004960189 0.004806400 
[7] 0.004746398 0.004817558 0.004837594 0.004748157 0.004822380 0.004835511 0.004817659 0.004789831 0.004846758 0.004803996 
[8] 0.004720238 0.004792821 0.004823255 0.004751987 0.004798877 0.004798702 0.004720352 0.004865736 0.004845975 0.004943950 
[9] 0.004719798 0.004819017 0.004803420 0.004774800 0.004794234 0.004844609 0.004750067 0.004792699 0.004806014 0.004788060 
[AVERAGE] 0.004817775 s
[STANDARD DEVIATION] 0.000077950 s

FEN: 8/8/5p2/1P1K1k2/8/2r5/8/7R w - - 0 0
        [0]         [1]         [2]         [3]         [4]         [5]         [6]         [7]         [8]         [9]
[0] 0.003369282 0.003292011 0.003379491 0.003293920 0.003376129 0.003291265 0.003362514 0.003288797 0.003391783 0.003292876 
[1] 0.003406916 0.003331834 0.003361328 0.003360671 0.003405107 0.003389985 0.003374510 0.003321168 0.003378202 0.003292320 
[2] 0.003390453 0.003333470 0.003376142 0.003349140 0.003346000 0.003307614 0.003292183 0.003450807 0.003331518 0.003374682 
[3] 0.003292916 0.003376823 0.003292035 0.003363890 0.003290206 0.003374878 0.003335017 0.003377430 0.003292222 0.003400030 
[4] 0.003319555 0.003420115 0.003291475 0.003431858 0.003321747 0.003450734 0.003288819 0.003433505 0.003288183 0.003390496 
[5] 0.003302560 0.003402185 0.003318999 0.003363285 0.003319031 0.003291036 0.003361050 0.003331122 0.003404736 0.003292198 
[6] 0.003418632 0.003294088 0.003361791 0.003291149 0.003361043 0.003290468 0.003403718 0.003291660 0.003361535 0.003292752 
[7] 0.003374152 0.003376052 0.003376654 0.003348090 0.003486870 0.003289194 0.003374634 0.003315483 0.003375350 0.003360652 
[8] 0.003375823 0.003317373 0.003289721 0.003451212 0.003290591 0.003375043 0.003347688 0.004769766 0.003655754 0.003498354 
[9] 0.003531173 0.003526430 0.003457200 0.003895154 0.003505069 0.003494096 0.003390554 0.003293623 0.003445308 0.003316672 
[AVERAGE] 0.003382008 s
[STANDARD DEVIATION] 0.000163262 s

FEN: 5n2/R7/4pk2/8/5PK1/8/8/8 b - - 0 0
        [0]         [1]         [2]         [3]         [4]         [5]         [6]         [7]         [8]         [9]
[0] 0.000768415 0.000805766 0.000778939 0.000835273 0.000762255 0.001030036 0.001092075 0.000837266 0.000803168 0.000804138 
[1] 0.000803329 0.000834585 0.000802101 0.000801667 0.000801423 0.000865836 0.000761952 0.000761726 0.000761673 0.000865994 
[2] 0.000762401 0.000762052 0.000761784 0.000761680 0.000763821 0.000789693 0.000764336 0.000761715 0.000837174 0.000762034 
[3] 0.000761659 0.000762217 0.000763796 0.000817607 0.000761440 0.000763036 0.000791758 0.000833551 0.000761356 0.000761685 
[4] 0.000761225 0.000792257 0.000788586 0.000761638 0.000760716 0.000765146 0.000846243 0.000761330 0.000762055 0.000763405 
[5] 0.000761913 0.000760776 0.000803489 0.000762497 0.000763603 0.000836026 0.000761025 0.000761565 0.000790896 0.000761067 
[6] 0.000761688 0.000761531 0.000763356 0.000762132 0.000845870 0.000763278 0.000763751 0.000789322 0.000762281 0.000761691 
[7] 0.000788801 0.000763819 0.000761742 0.000834925 0.000801759 0.000763334 0.000761167 0.000762250 0.000762004 0.000763138 
[8] 0.000761613 0.000762038 0.000848056 0.000762280 0.000763763 0.000762085 0.000762010 0.000761437 0.000790270 0.000760511 
[9] 0.000762079 0.000832848 0.000764178 0.000762055 0.000760784 0.000763295 0.000761135 0.000763887 0.000760514 0.000761158 
[AVERAGE] 0.000785317 s
[STANDARD DEVIATION] 0.000048728 s

FEN: 3Q4/8/1k6/7p/p1p4P/2q3PB/7K/8 b - - 0 0
        [0]         [1]         [2]         [3]         [4]         [5]         [6]         [7]         [8]         [9]
[0] 0.008290230 0.008165919 0.008182384 0.008323615 0.008376188 0.008249929 0.008215632 0.008214607 0.008195160 0.008266299 
[1] 0.008238964 0.008167781 0.008193537 0.008253176 0.008277049 0.008505435 0.008706683 0.009299863 0.009711920 0.009515212 
[2] 0.009687812 0.009720895 0.009596813 0.009660496 0.009642020 0.010027963 0.009508921 0.009641954 0.010003147 0.009641111 
[3] 0.009588967 0.009120018 0.008902902 0.008449587 0.008281219 0.009119879 0.008524205 0.008458473 0.008309400 0.008212586 
[4] 0.008313470 0.008857172 0.008491138 0.008283883 0.009036193 0.008429204 0.008418001 0.008366880 0.008265336 0.008433559 
[5] 0.008846952 0.008710042 0.008953146 0.009532193 0.009871886 0.009721869 0.009733398 0.009986340 0.009802727 0.009711152 
[6] 0.009336846 0.009172992 0.009667767 0.009629233 0.009688736 0.009582148 0.009582201 0.009166041 0.008953091 0.008615637 
[7] 0.008513630 0.008260096 0.008155735 0.008800655 0.008720848 0.008442348 0.008507645 0.008220473 0.008338451 0.008876089 
[8] 0.008582240 0.008365184 0.009487906 0.008282700 0.008427488 0.008191538 0.008151517 0.008201467 0.008560002 0.008230824 
[9] 0.008154066 0.008153603 0.008183460 0.008226909 0.008519415 0.008402070 0.008410269 0.008683108 0.008646242 0.008799016 
[AVERAGE] 0.008801022 s
[STANDARD DEVIATION] 0.000595966 s

FEN: 4q3/2R4P/5R2/1p6/p3k3/P7/KP6/8 b - - 0 0
        [0]         [1]         [2]         [3]         [4]         [5]         [6]         [7]         [8]         [9]
[0] 0.019694996 0.019820826 0.019764353 0.020243979 0.019473094 0.019653655 0.019134112 0.019171217 0.018473924 0.018090465 
[1] 0.017713458 0.017426222 0.018502440 0.017651109 0.017310417 0.018436790 0.018773901 0.018481089 0.019900516 0.020252259 
[2] 0.019610776 0.019546997 0.019317191 0.018785460 0.018519308 0.020623957 0.019625346 0.019016605 0.017624795 0.017599147 
[3] 0.017394831 0.017480697 0.018966584 0.017321142 0.017629983 0.018016662 0.019124786 0.017478018 0.017119182 0.018122484 
[4] 0.017437749 0.017241339 0.017203480 0.017225183 0.017366023 0.017259491 0.018136981 0.019123998 0.019524959 0.019348938 
[5] 0.019474392 0.019431829 0.019089424 0.020699774 0.021601294 0.018730308 0.019021067 0.018252527 0.018497584 0.017313082 
[6] 0.017927726 0.019883551 0.020203270 0.017553709 0.017332383 0.018251321 0.018515605 0.019230345 0.018924738 0.020574378 
[7] 0.021079065 0.019179764 0.019387211 0.019234523 0.018961446 0.018189798 0.019087191 0.019001633 0.017637539 0.018027697 
[8] 0.019043991 0.017324867 0.017267249 0.020726081 0.017384131 0.017195487 0.017344998 0.017271494 0.017608145 0.017259354 
[9] 0.017281328 0.017617843 0.018631984 0.019723257 0.019797252 0.019549217 0.020426259 0.020907728 0.019215827 0.019115083 
[AVERAGE] 0.018677467 s
[STANDARD DEVIATION] 0.001102754 s

FEN: R7/8/5rk1/5p2/1p5P/5KP1/P7/8 b - - 0 0
        [0]         [1]         [2]         [3]         [4]         [5]         [6]         [7]         [8]         [9]
[0] 0.003399124 0.003246218 0.003361937 0.003243483 0.003256429 0.003351734 0.003082416 0.003328207 0.003129184 0.003349032 
[1] 0.003144225 0.003185950 0.003118328 0.003326748 0.003118105 0.003198812 0.003126920 0.003131446 0.003189233 0.003113129 
[2] 0.003241698 0.003128648 0.003198667 0.003114668 0.003213126 0.003183042 0.003237381 0.003239864 0.003229303 0.003083111 
[3] 0.003155017 0.003201547 0.003156044 0.003188317 0.003114408 0.003200048 0.003182208 0.003185420 0.003127677 0.003198489 
[4] 0.003113284 0.003154907 0.003185467 0.003115273 0.003280793 0.003113925 0.003186459 0.003126898 0.003198107 0.003084401 
[5] 0.003195246 0.003111636 0.003182642 0.003200835 0.003115904 0.003308540 0.003135002 0.003219108 0.003307359 0.003295985 
[6] 0.003373929 0.003242886 0.003235286 0.003211881 0.003240582 0.003173871 0.003202575 0.003224757 0.003258004 0.003114088 
[7] 0.003307259 0.003117541 0.003254152 0.003116391 0.004657561 0.003318746 0.003218736 0.003128701 0.003202376 0.003085122 
[8] 0.003171597 0.003122880 0.003161793 0.003127842 0.003083644 0.003216133 0.003157195 0.003170636 0.003158042 0.003240591 
[9] 0.003853090 0.003765748 0.003114408 0.004357361 0.003197080 0.003217087 0.003141208 0.003171529 0.004262376 0.003161090 
[AVERAGE] 0.003241469 s
[STANDARD DEVIATION] 0.000238275 s

FEN: 3k4/5ppp/2q5/3p2r1/8/1Q3P2/P4P1P/3R3K w - - 0 1
        [0]         [1]         [2]         [3]         [4]         [5]         [6]         [7]         [8]         [9]
[0] 0.045525883 0.050706504 0.050585407 0.047000492 0.044039835 0.046027741 0.045912005 0.044158789 0.045232076 0.043813155 
[1] 0.044102771 0.043927212 0.044456965 0.048516056 0.052667409 0.047616431 0.046280486 0.046522506 0.045398998 0.044044574 
[2] 0.045231152 0.044428043 0.048239078 0.049601767 0.049516858 0.045680315 0.044487086 0.044704078 0.044035196 0.044240019 
[3] 0.044043435 0.044216919 0.045015510 0.044408851 0.043940283 0.043932811 0.044232853 0.043849345 0.044265477 0.044445691 
[4] 0.044369343 0.044223400 0.044251201 0.044481399 0.044297036 0.044422827 0.044301185 0.044485878 0.044307003 0.044313155 
[5] 0.043999969 0.043840537 0.044734872 0.047532753 0.050192729 0.050228765 0.050447523 0.050033244 0.049270414 0.048349114 
[6] 0.045875405 0.045784144 0.044648770 0.045136513 0.044793725 0.043811792 0.046305178 0.050003325 0.049344676 0.049954630 
[7] 0.044972337 0.046090016 0.044288062 0.045740206 0.044828099 0.044211324 0.043811013 0.044842523 0.047468072 0.053347087 
[8] 0.051564377 0.049827956 0.048443438 0.045904479 0.044829296 0.045501943 0.044594491 0.044453111 0.044876221 0.046527763 
[9] 0.046488974 0.044540903 0.044026203 0.046690854 0.044927322 0.046158470 0.044567839 0.043968411 0.043785458 0.043905934 
[AVERAGE] 0.045919727 s
[STANDARD DEVIATION] 0.002311386 s

FEN: 4R3/1k6/1p2P1p1/p7/4r3/1P1r4/1K6/2R5 w - - 0 0
        [0]         [1]         [2]         [3]         [4]         [5]         [6]         [7]         [8]         [9]
[0] 0.028468161 0.027774903 0.028038333 0.027545785 0.027710362 0.027582674 0.027819573 0.028279688 0.031203077 0.031032581 
[1] 0.030882409 0.031104731 0.031108848 0.030978964 0.030367758 0.027815341 0.027991380 0.027766852 0.027458516 0.027742061 
[2] 0.027553662 0.027723591 0.027725187 0.028005225 0.029978190 0.030999444 0.031552803 0.031371075 0.030919020 0.035123896 
[3] 0.034094985 0.033681302 0.033132720 0.034810255 0.036319974 0.030774558 0.033840166 0.034593731 0.033734306 0.031339845 
[4] 0.031477874 0.030073709 0.027824407 0.029078036 0.029278531 0.029493412 0.030043229 0.029518072 0.029144909 0.030112733 
[5] 0.032112372 0.031030617 0.028236680 0.031650399 0.045442172 0.029604766 0.028816695 0.027946798 0.027868557 0.027746962 
[6] 0.029490133 0.029359080 0.030160278 0.029725765 0.030751353 0.032377516 0.034066183 0.033168210 0.033568652 0.033426827 
[7] 0.033098976 0.032275412 0.034356836 0.034333880 0.033870251 0.031909664 0.032107756 0.032166936 0.032945028 0.032447005 
[8] 0.030727916 0.029996286 0.029665402 0.028001140 0.028048149 0.030897767 0.029873457 0.032141326 0.034209359 0.034966028 
[9] 0.034333673 0.032493221 0.033453502 0.032834963 0.032738208 0.031797100 0.033483162 0.033069354 0.029858037 0.028053060 
[AVERAGE] 0.030986937 s
[STANDARD DEVIATION] 0.002727451 s

FEN: 5k2/R7/3K4/4p3/5P2/8/8/5r2 w - - 0 0
        [0]         [1]         [2]         [3]         [4]         [5]         [6]         [7]         [8]         [9]
[0] 0.003629046 0.003553637 0.003629411 0.003522355 0.003625099 0.003786723 0.004259965 0.003711703 0.003729023 0.003679186 
[1] 0.003637691 0.003876859 0.003864296 0.003868945 0.003735481 0.003913658 0.003945984 0.003860135 0.003952995 0.004000026 
[2] 0.003919255 0.003868637 0.004215289 0.004253691 0.004406718 0.004334063 0.004403533 0.004097905 0.003878752 0.003756329 
[3] 0.003676692 0.003608821 0.003664561 0.003598040 0.003590422 0.003522332 0.003602388 0.003525297 0.003575685 0.003539135 
[4] 0.003636525 0.003528093 0.003602389 0.003537831 0.003631085 0.003523881 0.003668888 0.003663148 0.003603954 0.003563687 
[5] 0.003585327 0.003523699 0.003631290 0.003522691 0.003645707 0.003563583 0.003591513 0.003525080 0.003588344 0.003594872 
[6] 0.003615582 0.003551921 0.003587748 0.003590117 0.003523986 0.003591696 0.003520762 0.003588440 0.003610964 0.003604144 
[7] 0.003525285 0.003596945 0.003554527 0.003644268 0.003619009 0.003716260 0.003522172 0.003620217 0.003535580 0.003602537 
[8] 0.003553133 0.003589909 0.003564454 0.003628676 0.003526298 0.003592655 0.003583766 0.003629502 0.003526722 0.003629876 
[9] 0.003522985 0.003632389 0.003524102 0.003589348 0.003601540 0.003552278 0.003660917 0.003553422 0.004040784 0.003700252 
[AVERAGE] 0.003684765 s
[STANDARD DEVIATION] 0.000203462 s

FEN: 5k2/1R6/4p1p1/1pr3Pp/7P/1K6/8/8 w - - 0 0
        [0]         [1]         [2]         [3]         [4]         [5]         [6]         [7]         [8]         [9]
[0] 0.001991132 0.002357098 0.002699819 0.002020793 0.002122471 0.002186979 0.002462739 0.002885557 0.002542354 0.003072701 
[1] 0.003085631 0.002876951 0.002371548 0.002386961 0.002396144 0.002170362 0.002506672 0.002169888 0.002215574 0.002214949 
[2] 0.002163853 0.002279235 0.002094168 0.002126701 0.002377369 0.002093567 0.002427483 0.002347804 0.002179135 0.002625807 
[3] 0.002358882 0.002558763 0.002299116 0.002414067 0.002519039 0.002440717 0.002598114 0.002472599 0.002304944 0.002618298 
[4] 0.002096177 0.002487753 0.002347819 0.002369943 0.002342716 0.002153292 0.002237347 0.002126165 0.002150668 0.002232922 
[5] 0.002157169 0.002276220 0.002186556 0.002200956 0.002479601 0.002124083 0.002234761 0.002953080 0.002608990 0.002729536 
[6] 0.002447638 0.002661070 0.002376220 0.002623967 0.002650897 0.002468008 0.002508299 0.002212862 0.002662604 0.002375620 
[7] 0.002351475 0.002320859 0.002280574 0.002626338 0.002237108 0.002191315 0.002524140 0.002304990 0.002383281 0.002225659 
[8] 0.002303779 0.002295857 0.002496517 0.002866090 0.002272072 0.002699268 0.002244336 0.002626025 0.002590867 0.002286427 
[9] 0.002610863 0.002374868 0.002443254 0.002281516 0.002504226 0.002600002 0.002626453 0.002379251 0.002496629 0.002329158 
[AVERAGE] 0.002402921 s
[STANDARD DEVIATION] 0.000222652 s

FEN: 5k2/8/p7/4K1P1/P4R2/6r1/8/8 b - - 0 0
        [0]         [1]         [2]         [3]         [4]         [5]         [6]         [7]         [8]         [9]
[0] 0.002067772 0.001486284 0.001438973 0.001929422 0.001571310 0.001527746 0.001644967 0.002020095 0.002387505 0.001689178 
[1] 0.002092766 0.001955299 0.001466381 0.001796417 0.002388311 0.002108818 0.001697790 0.001484688 0.001585689 0.001590997 
[2] 0.001628087 0.001452452 0.001527339 0.001681139 0.001761367 0.001587089 0.001503064 0.001885947 0.001480500 0.001435482 
[3] 0.001572253 0.001827392 0.001609421 0.001433916 0.001687302 0.001803307 0.001532364 0.001542074 0.001474653 0.001435082 
[4] 0.001716542 0.001520150 0.001573989 0.001418000 0.001832607 0.001977474 0.001553834 0.001418173 0.001861162 0.001571136 
[5] 0.001572555 0.001441471 0.001773380 0.001586974 0.001418410 0.001892487 0.001661972 0.001548607 0.001716039 0.001559279 
[6] 0.001882944 0.002339269 0.001888059 0.001506275 0.001739527 0.002644747 0.001494381 0.001728545 0.001528386 0.001575755 
[7] 0.001508652 0.001462024 0.001555296 0.001622982 0.001597993 0.001499680 0.001502389 0.001744940 0.001524282 0.001464850 
[8] 0.001509302 0.001528082 0.001825190 0.001458776 0.001462379 0.001745354 0.001814870 0.001419136 0.001523175 0.001528946 
[9] 0.002118748 0.001560447 0.001535665 0.001561030 0.001622474 0.001562146 0.001565727 0.001487020 0.001549140 0.001790344 
[AVERAGE] 0.001663838 s
[STANDARD DEVIATION] 0.000235082 s

FEN: 8/8/8/p2r1k2/7p/PP1RK3/6P1/8 b - - 0 0
        [0]         [1]         [2]         [3]         [4]         [5]         [6]         [7]         [8]         [9]
[0] 0.003155114 0.003453743 0.003327562 0.003593601 0.003236310 0.003660028 0.004118704 0.003421837 0.003278224 0.003382564 
[1] 0.003186052 0.003568752 0.003190781 0.003285088 0.003347442 0.003141581 0.003453606 0.003281311 0.003400239 0.003066016 
[2] 0.003342575 0.003062996 0.003229846 0.003178243 0.003627220 0.003091446 0.003255848 0.003138667 0.003273713 0.003117171 
[3] 0.003108417 0.003222859 0.003055309 0.003387284 0.003084460 0.003322669 0.003077608 0.003209591 0.003135987 0.003206607 
[4] 0.003115725 0.003366621 0.003192933 0.003251649 0.003516018 0.003234566 0.003246318 0.003058135 0.003804708 0.003077091 
[5] 0.003383984 0.003161106 0.003520489 0.003478728 0.003466467 0.003029268 0.003457609 0.003029492 0.003744726 0.003137613 
[6] 0.003573720 0.003193409 0.003462932 0.003103955 0.003229637 0.003235376 0.003097081 0.003218713 0.003091108 0.003312792 
[7] 0.003084894 0.003243715 0.003084441 0.003607170 0.003155201 0.003692477 0.003202530 0.003282547 0.003312151 0.003345180 
[8] 0.003059691 0.003303914 0.003093842 0.003080560 0.003299747 0.003132522 0.003374514 0.003104228 0.003648499 0.003235060 
[9] 0.003455185 0.003011110 0.003330981 0.002987072 0.003635614 0.002988173 0.003344261 0.003047997 0.003055113 0.003746752 
[AVERAGE] 0.003284142 s
[STANDARD DEVIATION] 0.000209817 s

FEN: 8/8/8/1P4p1/5k2/5p2/P6K/8 b - - 0 0
        [0]         [1]         [2]         [3]         [4]         [5]         [6]         [7]         [8]         [9]
[0] 0.000117571 0.000113812 0.000112793 0.000149212 0.000111987 0.000111855 0.000111641 0.000111580 0.000111580 0.000111460 
[1] 0.000111518 0.000111195 0.000111630 0.000111805 0.000111792 0.000111528 0.000111871 0.000111399 0.000111515 0.000111463 
[2] 0.000112137 0.000111398 0.000111541 0.000111491 0.000111413 0.000141993 0.000124223 0.000111537 0.000111506 0.000172194 
[3] 0.000177672 0.000156195 0.000108741 0.000108529 0.000108602 0.000108628 0.000108616 0.000108496 0.000108588 0.000108811 
[4] 0.000108921 0.000162618 0.000121823 0.000138779 0.000122218 0.000108666 0.000108450 0.000108743 0.000108549 0.000108848 
[5] 0.000108612 0.000108640 0.000108676 0.000108645 0.000108722 0.000108661 0.000108823 0.000108750 0.000108675 0.000108856 
[6] 0.000148571 0.000109146 0.000108708 0.000108843 0.000108332 0.000108692 0.000108917 0.000108860 0.000108460 0.000108592 
[7] 0.000108430 0.000108511 0.000108357 0.000108620 0.000108633 0.000108564 0.000108557 0.000108534 0.000108782 0.000108606 
[8] 0.000108593 0.000108468 0.000108379 0.000108624 0.000108765 0.000138165 0.000121516 0.000108577 0.000108718 0.000130538 
[9] 0.000249802 0.000217316 0.000137110 0.000166901 0.000151313 0.000108454 0.000108707 0.000108720 0.000108642 0.000108663 
[AVERAGE] 0.000118149 s
[STANDARD DEVIATION] 0.000022452 s

FEN: 3b2k1/1p3p2/p1p5/2P4p/1P2P1p1/5p2/5P2/4RK2 w - - 0 0
        [0]         [1]         [2]         [3]         [4]         [5]         [6]         [7]         [8]         [9]
[0] 0.001725026 0.002041555 0.002003316 0.001764851 0.001697624 0.001650599 0.001982663 0.001635203 0.001688163 0.001676854 
[1] 0.002125735 0.001691492 0.001726922 0.001679761 0.001914444 0.001799621 0.001635374 0.001669994 0.002021762 0.001866192 
[2] 0.001853330 0.001713521 0.001874103 0.001687715 0.001635174 0.001722610 0.001978167 0.001686717 0.001660201 0.001786722 
[3] 0.002000152 0.001677241 0.001734421 0.001735241 0.001810199 0.001672929 0.001666968 0.001754239 0.002038685 0.002025288 
[4] 0.001683295 0.001955522 0.001650742 0.001669121 0.001637941 0.001865838 0.001736008 0.001671479 0.001961175 0.001922559 
[5] 0.001703572 0.001714654 0.001672385 0.001936267 0.001636133 0.001800121 0.001633989 0.002141518 0.002062311 0.001723385 
[6] 0.001783179 0.001888624 0.001672760 0.001634016 0.001721732 0.001852625 0.002014428 0.001676172 0.001995415 0.001706851 
[7] 0.001633615 0.001736265 0.001875459 0.001768485 0.001714560 0.001966470 0.001953636 0.001681516 0.001728671 0.001683441 
[8] 0.001913289 0.001805364 0.001670338 0.001632733 0.002076381 0.002149490 0.001689696 0.001798151 0.001828041 0.001635043 
[9] 0.001696358 0.001741463 0.001903873 0.001635641 0.001961278 0.001872812 0.001707098 0.001716704 0.001634682 0.001876113 
[AVERAGE] 0.001791213 s
[STANDARD DEVIATION] 0.000141246 s

FEN: 5k2/3R4/2K1p1p1/4P1P1/5P2/8/3r4/8 b - - 0 0
        [0]         [1]         [2]         [3]         [4]         [5]         [6]         [7]         [8]         [9]
[0] 0.002829064 0.002615015 0.003265276 0.002746371 0.002846327 0.002667259 0.002692892 0.002970211 0.003120134 0.002971072 
[1] 0.002722798 0.002691129 0.002932498 0.002861213 0.003287914 0.002675473 0.002868393 0.002710527 0.002661691 0.003369783 
[2] 0.002687918 0.003242203 0.003187928 0.002771165 0.003234993 0.002788766 0.003105793 0.003103086 0.002774362 0.002889639 
[3] 0.002725253 0.003063237 0.002757308 0.002914118 0.002692533 0.002810973 0.002819793 0.002782917 0.003522656 0.002749327 
[4] 0.002722598 0.002735971 0.002687331 0.004737412 0.002942555 0.002725448 0.002694728 0.002692177 0.002691468 0.002684051 
[5] 0.002684380 0.002684773 0.002694869 0.002678103 0.002964716 0.002684030 0.002696011 0.002663876 0.002670239 0.002665916 
[6] 0.002762893 0.002687371 0.002670354 0.002669770 0.002616853 0.002666226 0.002966912 0.002676794 0.002622593 0.002667835 
[7] 0.002613047 0.002696248 0.003084388 0.002691335 0.002672161 0.002690774 0.002664770 0.002756614 0.003056367 0.002842446 
[8] 0.002927028 0.002704816 0.002685102 0.002767664 0.002690896 0.002716738 0.002689749 0.002683948 0.002687725 0.002685773 
[9] 0.002687445 0.002969416 0.002690511 0.002682586 0.002749783 0.002727463 0.002842589 0.003060049 0.002798714 0.002615629 
[AVERAGE] 0.002823690 s
[STANDARD DEVIATION] 0.000267397 s

FEN: 6k1/6pp/5p2/8/5P2/P7/2K4P/8 b - - 0 0
        [0]         [1]         [2]         [3]         [4]         [5]         [6]         [7]         [8]         [9]
[0] 0.000280561 0.000274048 0.000273575 0.000272504 0.000272256 0.000272506 0.000272102 0.000272094 0.000272209 0.000271812 
[1] 0.000272336 0.000271976 0.000274138 0.000271697 0.000271916 0.000271903 0.000271967 0.000272257 0.000272004 0.000272154 
[2] 0.000271649 0.000271831 0.000272023 0.000328559 0.000330950 0.000455051 0.000404033 0.000278997 0.000279353 0.000279004 
[3] 0.000279005 0.000279363 0.000278889 0.000278456 0.000278910 0.000324243 0.000278766 0.000279132 0.000279769 0.000279164 
[4] 0.000278738 0.000278705 0.000279156 0.000279090 0.000279098 0.000279343 0.000279422 0.000281277 0.000279293 0.000278873 
[5] 0.000279245 0.000279436 0.000278951 0.000279391 0.000279537 0.000279216 0.000279505 0.000278429 0.000279170 0.000281831 
[6] 0.000279626 0.000279264 0.000279053 0.000279076 0.000279428 0.000279359 0.000279021 0.000279583 0.000279286 0.000279286 
[7] 0.000279043 0.000281465 0.000322470 0.000288489 0.000272304 0.000272181 0.000271948 0.000272092 0.000271812 0.000272350 
[8] 0.000272080 0.000271918 0.000272146 0.000275209 0.000315683 0.000341803 0.000441932 0.000414615 0.000279430 0.000279350 
[9] 0.000279985 0.000279195 0.000278483 0.000281568 0.000279912 0.000279647 0.000279485 0.000279559 0.000279315 0.000279314 
[AVERAGE] 0.000286086 s
[STANDARD DEVIATION] 0.000032014 s

FEN: 8/3R4/8/r3N2p/P1Pp1P2/2k2K1P/3r4/8 w - - 0 0
        [0]         [1]         [2]         [3]         [4]         [5]         [6]         [7]         [8]         [9]
[0] 0.012245617 0.012542384 0.012726212 0.012254224 0.011827816 0.012053785 0.011934328 0.011715499 0.011819942 0.011803688 
[1] 0.011758187 0.011778213 0.011886137 0.011916627 0.011980721 0.011805891 0.011895998 0.011851770 0.011854320 0.011831723 
[2] 0.011814760 0.011756515 0.011915691 0.011946984 0.011745349 0.011818729 0.011879387 0.011757694 0.011756589 0.011819133 
[3] 0.011868722 0.011934869 0.011844758 0.011846355 0.012240886 0.012730505 0.011894859 0.011827372 0.011912479 0.012012635 
[4] 0.011842755 0.011797236 0.011756141 0.011849022 0.011801681 0.011758492 0.012175697 0.012168972 0.012007957 0.011741211 
[5] 0.011869015 0.012236638 0.012254792 0.011794571 0.011929075 0.011884864 0.011903847 0.011863967 0.011846737 0.020026750 
[6] 0.023284849 0.012764878 0.013205041 0.015841629 0.017133788 0.014942611 0.013092351 0.013290814 0.012860049 0.013274085 
[7] 0.013405073 0.013073794 0.013399822 0.013155900 0.012613928 0.012734316 0.012572277 0.011992414 0.014203589 0.012712076 
[8] 0.012629186 0.012810034 0.013154497 0.013004541 0.016032117 0.013873876 0.012766910 0.013185350 0.013045712 0.013116914 
[9] 0.014080563 0.014010262 0.014776516 0.013200135 0.013475292 0.013905844 0.014306188 0.016262374 0.013410509 0.014307068 
[AVERAGE] 0.012792239 s
[STANDARD DEVIATION] 0.001684575 s

FEN: 6k1/8/6r1/8/5b2/2PR4/4K3/8 w - - 0 0        [0]         [1]         [2]         [3]         [4]         [5]         [6]         [7]         [8]         [9]
[0] 0.006803130 0.007540886 0.007480828 0.006377575 0.008850626 0.006789657 0.007215658 0.007347153 0.006288822 0.006814652 
[1] 0.006345892 0.006894771 0.006484741 0.006511551 0.006231538 0.006455000 0.006869700 0.006385246 0.006287829 0.006858810 
[2] 0.006433000 0.006546591 0.006142670 0.006220846 0.006267557 0.006368977 0.006229706 0.007204029 0.006316553 0.006905041 
[3] 0.006693164 0.006481166 0.006230044 0.006476821 0.006487601 0.006316259 0.007347879 0.006450573 0.005987905 0.006099221 
[4] 0.006312798 0.006726223 0.006472245 0.006434149 0.006540459 0.006727192 0.006533942 0.006313478 0.006525064 0.006206528 
[5] 0.006262102 0.006324147 0.006386692 0.006317839 0.005934463 0.006393373 0.006301477 0.006134744 0.006380735 0.006124656 
[6] 0.006391499 0.005979510 0.006317697 0.006048662 0.005981918 0.005822106 0.005573672 0.005597350 0.005644074 0.005586348 
[7] 0.006197979 0.005827613 0.005616916 0.006127355 0.005750432 0.005664801 0.005756414 0.005758938 0.006284402 0.006171223 
[8] 0.005807703 0.005675828 0.007021119 0.006081127 0.005921377 0.005906266 0.005796830 0.006113854 0.006364907 0.005833922 
[9] 0.005731416 0.005695647 0.005573254 0.005829611 0.006237401 0.005732633 0.005589517 0.005586577 0.005545358 0.005716963 
[AVERAGE] 0.006292522 s
[STANDARD DEVIATION] 0.000520221 s

----------------------------------- AVERAGES ------------------------------------------


---------- REGULAR POSITIONS ----------

    [AVERAGE (s)]    [STANDARD DEVIATION (s)]
 [0] 0.073206850          0.002784861
 [1] 0.063528132          0.000397632
 [2] 0.095438616          0.005785123
 [3] 0.066925511          0.003811329
 [4] 0.095383877          0.008471830
 [5] 0.220556430          0.011512029
 [6] 0.236867166          0.001418662
 [7] 0.112176035          0.000364137
 [8] 0.128930664          0.007248282
 [9] 0.092233312          0.002222094
[10] 0.121352657          0.005886032
[11] 0.051678113          0.005486923
[12] 0.078718071          0.004443091
[13] 0.032115459          0.002693864
[14] 0.171457773          0.008188048
[15] 0.061750480          0.002241580
[16] 0.272456398          0.014994590
[17] 0.106499575          0.008550003
[18] 0.186096689          0.013929440
[19] 0.097166725          0.005511698

---------- TACTICAL POSITINOS ----------

    [AVERAGE (s)]    [STANDARD DEVIATION (s)]
 [0] 0.019360937          0.001241747
 [1] 0.070853472          0.005060663
 [2] 0.023222053          0.002122105
 [3] 0.217600558          0.011926597
 [4] 0.188678724          0.017302863
 [5] 0.028563472          0.003053329
 [6] 0.111150628          0.012450839
 [7] 0.292848722          0.016110028
 [8] 0.075569835          0.003819756
 [9] 0.162702698          0.014676865
[10] 0.128118579          0.005453826
[11] 0.003018413          0.000112566
[12] 0.061391999          0.003592852
[13] 0.008505230          0.000229648
[14] 0.118589702          0.010524908
[15] 0.007696679          0.000762820
[16] 0.157019146          0.012266304
[17] 0.023223854          0.000283064
[18] 0.100291936          0.009043787
[19] 0.044742010          0.003132118

---------- SMALL POSITIONS ----------

    [AVERAGE (s)]    [STANDARD DEVIATION (s)]
 [0] 0.000085865          0.000007122
 [1] 0.004691721          0.000314568
 [2] 0.004817775          0.000077950
 [3] 0.003382008          0.000163262
 [4] 0.000785317          0.000048728
 [5] 0.008801022          0.000595966
 [6] 0.018677467          0.001102754
 [7] 0.003241469          0.000238275
 [8] 0.045919727          0.002311386
 [9] 0.030986937          0.002727451
[10] 0.003684765          0.000203462
[11] 0.002402921          0.000222652
[12] 0.001663838          0.000235082
[13] 0.003284142          0.000209817
[14] 0.000118149          0.000022452
[15] 0.001791213          0.000141246
[16] 0.002823690          0.000267397
[17] 0.000286086          0.000032014
[18] 0.012792239          0.001684575
[19] 0.006292522          0.000520221


----------------------------------- AVERAGES ------------------------------------------





---------- SUMMARY ----------

0.073206850 0.063528132 0.095438616 0.066925511 0.095383877 0.220556430 0.236867166 0.112176035 0.128930664 0.092233312 0.121352657 0.051678113 0.078718071 0.032115459 0.171457773 0.061750480 0.272456398 0.106499575 0.186096689 0.097166725 
0.019360937 0.070853472 0.023222053 0.217600558 0.188678724 0.028563472 0.111150628 0.292848722 0.075569835 0.162702698 0.128118579 0.003018413 0.061391999 0.008505230 0.118589702 0.007696679 0.157019146 0.023223854 0.100291936 0.044742010 
0.000085865 0.004691721 0.004817775 0.003382008 0.000785317 0.008801022 0.018677467 0.003241469 0.045919727 0.030986937 0.003684765 0.002402921 0.001663838 0.003284142 0.000118149 0.001791213 0.002823690 0.000286086 0.012792239 0.006292522 
0.007092226 0.008727499 0.000946976 
