FEN: rn1q1rk1/pbp2pp1/1p2pb1p/3p4/2PP4/2N1PN2/PP2BPPP/R2QK2R w KQ - 0 10
        [0]         [1]         [2]         [3]         [4]         [5]         [6]         [7]         [8]         [9]
[0] 0.078080700 0.079268000 0.077099300 0.082748600 0.070512700 0.072632400 0.071143200 0.079682700 0.110770500 0.109103900 
[1] 0.106225600 0.083327700 0.088610900 0.080494800 0.076372700 0.074551900 0.073628600 0.076426300 0.075849800 0.073503700 
[2] 0.073053800 0.077297100 0.075092400 0.073231500 0.072063600 0.070772300 0.071861600 0.073887400 0.075890700 0.074311400 
[3] 0.071658200 0.073660700 0.073644200 0.072817300 0.071928300 0.070394700 0.072154700 0.071696800 0.070970700 0.070787300 
[4] 0.072006200 0.074292900 0.073547400 0.073843500 0.072439100 0.073727300 0.074447600 0.072642500 0.075298900 0.074383100 
[5] 0.074295100 0.073722400 0.073160900 0.075033500 0.073401200 0.075075400 0.074686100 0.073083400 0.074191000 0.070904100 
[6] 0.075689100 0.072490500 0.071747900 0.074870800 0.071975300 0.071080100 0.073781300 0.072223600 0.073927400 0.073664800 
[7] 0.073964400 0.072489300 0.070997500 0.073440900 0.073582800 0.071614500 0.071164800 0.073877400 0.072466000 0.073304800 
[8] 0.075032300 0.071817800 0.072460900 0.074942400 0.075559100 0.072560400 0.070882800 0.076731900 0.071306900 0.072159200 
[9] 0.075072900 0.079138600 0.080628000 0.078019600 0.072938600 0.076083800 0.079508900 0.071501900 0.070767300 0.071889800 
[AVERAGE] 0.075187466 s
[STANDARD DEVIATION] 0.006618240 s

FEN: rn1q1rk1/pp2ppbp/2p3p1/3p1b2/2PPn3/1P3NP1/P2NPPBP/R1BQ1RK1 w - - 1 9
        [0]         [1]         [2]         [3]         [4]         [5]         [6]         [7]         [8]         [9]
[0] 0.064241800 0.067172700 0.068955200 0.069652100 0.071207100 0.067221600 0.067417600 0.062875400 0.062405900 0.062011200 
[1] 0.064293900 0.067394800 0.065244700 0.064396000 0.065545300 0.067135100 0.064300700 0.063008800 0.063286000 0.065936600 
[2] 0.062713600 0.071822900 0.076552500 0.073228800 0.067806400 0.065526000 0.065541900 0.062941600 0.064635400 0.066096200 
[3] 0.069059800 0.067649900 0.064274100 0.062812800 0.065202400 0.071031500 0.069895300 0.063689200 0.063332100 0.064385600 
[4] 0.062490400 0.065234500 0.063273600 0.062507700 0.062905100 0.063683600 0.064825100 0.064246700 0.070627500 0.073724900 
[5] 0.073029100 0.068204800 0.068001300 0.064221500 0.063715300 0.065762000 0.077439600 0.062790200 0.063551600 0.066328500 
[6] 0.071067700 0.068878000 0.065461300 0.062486600 0.063298800 0.063874900 0.064192500 0.067103000 0.066564400 0.062459100 
[7] 0.073419300 0.067053100 0.063806800 0.064875600 0.061970900 0.061540800 0.061694800 0.063353600 0.063490500 0.062917500 
[8] 0.065952300 0.066155600 0.064881600 0.064935200 0.063110800 0.062969300 0.066870500 0.066059500 0.065412500 0.065786000 
[9] 0.062214700 0.064055200 0.065716600 0.065036500 0.065119800 0.069296600 0.068572000 0.067009200 0.067709400 0.066387900 
[AVERAGE] 0.065912239 s
[STANDARD DEVIATION] 0.003245502 s

FEN: 1rbq1rk1/pp2ppbp/2n2np1/2pp4/5P2/N1PP1NP1/PP2P1BP/R1BQ1RK1 w - - 3 9
        [0]         [1]         [2]         [3]         [4]         [5]         [6]         [7]         [8]         [9]
[0] 0.093005600 0.098182500 0.094130800 0.093975000 0.093673300 0.092847300 0.090913100 0.098525800 0.100025500 0.098443900 
[1] 0.092686300 0.093124700 0.093788300 0.091401800 0.092600800 0.091679400 0.090943000 0.093025000 0.091505200 0.095892400 
[2] 0.091113200 0.090505400 0.094108400 0.092740600 0.093371500 0.093609400 0.092679600 0.091427700 0.091158200 0.090963200 
[3] 0.093998800 0.092211200 0.092685000 0.096628200 0.092527300 0.092581900 0.094371500 0.091679400 0.093659900 0.095712500 
[4] 0.096010100 0.093795200 0.091851600 0.092935200 0.095101900 0.091271100 0.095012600 0.091544800 0.096718500 0.091962500 
[5] 0.093217100 0.095412100 0.091436400 0.093317900 0.092737000 0.097932300 0.095486100 0.092704000 0.091620200 0.092444700 
[6] 0.092913300 0.091440400 0.092655600 0.097728700 0.092226900 0.093792500 0.094505200 0.094819200 0.092860900 0.090092400 
[7] 0.101534700 0.107664600 0.108760600 0.102610300 0.099378500 0.098215700 0.095771800 0.092185100 0.093820200 0.091328300 
[8] 0.092864200 0.097948000 0.098480100 0.097368000 0.097187600 0.095026100 0.094715900 0.091009400 0.091091200 0.089984800 
[9] 0.102137900 0.108844700 0.108125100 0.096547500 0.101302500 0.102098300 0.095306600 0.091683300 0.094601000 0.093713300 
[AVERAGE] 0.094749543 s
[STANDARD DEVIATION] 0.003984661 s

FEN: r2qkb1r/pp1n1ppp/2p2n2/3pp3/6b1/3P1NP1/PPPNPPBP/R1BQ1RK1 w kq - 0 7
        [0]         [1]         [2]         [3]         [4]         [5]         [6]         [7]         [8]         [9]
[0] 0.075027100 0.072421200 0.069807300 0.066882800 0.062989400 0.065553500 0.068854700 0.065630700 0.065204300 0.066213600 
[1] 0.066815600 0.063963200 0.062950300 0.062790800 0.061933800 0.062114100 0.062909000 0.062891500 0.062832000 0.065231800 
[2] 0.067736800 0.074019300 0.074929300 0.069445100 0.069459300 0.070545000 0.070255500 0.069781700 0.071769500 0.068979200 
[3] 0.068411200 0.068332200 0.066483600 0.065138000 0.063138800 0.067482500 0.070128200 0.071080000 0.071360900 0.070083400 
[4] 0.067550200 0.069159200 0.062902200 0.066583100 0.062551900 0.062752200 0.062178700 0.061937200 0.062253800 0.063027000 
[5] 0.062405600 0.062393900 0.062852600 0.063560800 0.062708800 0.065578700 0.062870800 0.061952000 0.062132000 0.062276100 
[6] 0.062605900 0.063195900 0.062512100 0.067566300 0.068700900 0.068368200 0.069605500 0.069934000 0.066819300 0.071513600 
[7] 0.074790900 0.075665700 0.071841200 0.068843600 0.068366800 0.067886700 0.068544500 0.065466000 0.066947200 0.066162300 
[8] 0.068883900 0.068706600 0.073209200 0.066282300 0.064771800 0.068248400 0.067085000 0.066409800 0.065192800 0.066121100 
[9] 0.065754500 0.066023600 0.068394600 0.068449400 0.063863800 0.061800400 0.064940300 0.064030900 0.065775500 0.072058800 
[AVERAGE] 0.066725423 s
[STANDARD DEVIATION] 0.003551418 s

FEN: rnbqkb1r/pp3pp1/2p1pn1p/8/2pP3B/2N2N2/PP2PPPP/R2QKB1R w KQkq - 0 7
        [0]         [1]         [2]         [3]         [4]         [5]         [6]         [7]         [8]         [9]
[0] 0.103668400 0.102645000 0.100952000 0.088228800 0.090655000 0.097367800 0.090145800 0.096184700 0.092975300 0.089505100 
[1] 0.091428700 0.088452800 0.088486800 0.089097300 0.088955300 0.088554700 0.088770100 0.089218300 0.087755400 0.087373600 
[2] 0.087194200 0.094314400 0.102484800 0.103019500 0.097445000 0.098935200 0.088643300 0.089299400 0.092796300 0.088152400 
[3] 0.087607000 0.088988600 0.091898000 0.088209400 0.088245800 0.086479000 0.086429500 0.086975600 0.086693600 0.087803800 
[4] 0.088305500 0.092699900 0.091510300 0.092450800 0.093264600 0.088240900 0.092368800 0.090174400 0.089057600 0.090208000 
[5] 0.093098400 0.092370400 0.090900700 0.092096100 0.092734400 0.092469300 0.091757900 0.091822600 0.092834000 0.091919200 
[6] 0.092685300 0.096365000 0.092181400 0.102279400 0.087864300 0.090198100 0.093229200 0.094827900 0.088565100 0.093798000 
[7] 0.089354800 0.088420400 0.089131000 0.089059200 0.086767200 0.088755000 0.091905900 0.093609800 0.091598600 0.093075200 
[8] 0.088495300 0.087782400 0.087701100 0.086460900 0.087432700 0.088371100 0.090180100 0.093625500 0.098496600 0.093959500 
[9] 0.089873000 0.087831200 0.088452300 0.086583800 0.088706000 0.087095500 0.087487600 0.087901000 0.090541500 0.095030900 
[AVERAGE] 0.091179983 s
[STANDARD DEVIATION] 0.004024330 s

FEN: r3k2r/pppqb1pp/2np1n2/4p2b/P1B1P3/2N1BN1P/1PP2PP1/R2Q1RK1 b kq - 0 11
        [0]         [1]         [2]         [3]         [4]         [5]         [6]         [7]         [8]         [9]
[0] 0.239453500 0.232897600 0.227000600 0.215646900 0.215229000 0.212862800 0.224900000 0.242705600 0.223584000 0.221478800 
[1] 0.215548600 0.213267100 0.220005900 0.230399000 0.226432400 0.219024000 0.211234400 0.215436200 0.210648500 0.219415500 
[2] 0.222725300 0.221468700 0.215844900 0.211834700 0.211946900 0.210432800 0.212474000 0.208747000 0.207210300 0.225579200 
[3] 0.236654700 0.228108000 0.216806500 0.214237400 0.216696500 0.215369700 0.214781100 0.211879400 0.210771800 0.220182700 
[4] 0.214361400 0.230623900 0.226094000 0.226536200 0.224103200 0.214354300 0.227829000 0.230787700 0.228148200 0.227163900 
[5] 0.212686300 0.209945000 0.208339100 0.208315300 0.213919600 0.210984000 0.210615700 0.209725600 0.211198500 0.209878100 
[6] 0.210059200 0.229378400 0.214771100 0.215721400 0.209167900 0.205674900 0.214521900 0.206730700 0.208865100 0.209751500 
[7] 0.206778900 0.220689600 0.238381700 0.217719300 0.221578000 0.216523800 0.214324200 0.227396600 0.221163700 0.218151700 
[8] 0.208832600 0.209835400 0.224134100 0.219911800 0.218828200 0.214665100 0.221645300 0.222887700 0.210208700 0.209167800 
[9] 0.208539400 0.211342200 0.207024900 0.205681700 0.206234700 0.208327600 0.210138200 0.209536600 0.209212800 0.209160500 
[AVERAGE] 0.216991959 s
[STANDARD DEVIATION] 0.008312539 s

FEN: r3k2r/1ppqb1pp/p1np1n2/4p2b/P1B1P3/2N1BN1P/1PP2PP1/R2QR1K1 b kq - 1 12
        [0]         [1]         [2]         [3]         [4]         [5]         [6]         [7]         [8]         [9]
[0] 0.229589500 0.226333700 0.228256700 0.233046500 0.228406500 0.230425100 0.232781100 0.243924600 0.230941500 0.234231500 
[1] 0.233522100 0.227284400 0.228629000 0.230617700 0.227489700 0.227264200 0.232516500 0.240060000 0.242551200 0.241815600 
[2] 0.240525900 0.240065500 0.232431400 0.229641300 0.245363900 0.240882500 0.231932200 0.231374700 0.226511100 0.226514200 
[3] 0.231373600 0.231366000 0.249755300 0.235025300 0.236707100 0.250232800 0.237188000 0.232215600 0.231689200 0.232667000 
[4] 0.226599000 0.237239200 0.238034100 0.230101300 0.231334900 0.233819300 0.228387700 0.226216800 0.228798500 0.228533700 
[5] 0.227429600 0.225560100 0.230098700 0.224178200 0.225249600 0.228385800 0.230662900 0.246166300 0.238690900 0.229348000 
[6] 0.230027900 0.231818400 0.229455000 0.233353500 0.227735700 0.240976000 0.239851600 0.240201800 0.243939000 0.229665800 
[7] 0.226400100 0.231404200 0.232729600 0.230453200 0.228012600 0.224699600 0.225253800 0.226770400 0.233120500 0.234235000 
[8] 0.238886100 0.230126700 0.237687200 0.241367200 0.232311900 0.239285000 0.249161300 0.245775300 0.233281600 0.229153500 
[9] 0.231076900 0.227754800 0.227896000 0.225586600 0.224930600 0.229367500 0.225829500 0.238866700 0.254914200 0.241107600 
[AVERAGE] 0.233224542 s
[STANDARD DEVIATION] 0.006568868 s

FEN: rn1qkb1r/1pp2ppp/p3bn2/3p2B1/3P4/2N1PN2/PP3PPP/R2QKB1R b KQkq - 0 7
        [0]         [1]         [2]         [3]         [4]         [5]         [6]         [7]         [8]         [9]
[0] 0.111625800 0.110313600 0.111753300 0.108228400 0.110573200 0.108253900 0.110991200 0.114857000 0.112283500 0.112687100 
[1] 0.108578800 0.110408700 0.113541400 0.110352900 0.110497500 0.110023300 0.114709500 0.109458000 0.109489100 0.124725700 
[2] 0.120297000 0.113657700 0.111777600 0.114442300 0.113367100 0.111774500 0.110014300 0.109176500 0.108615100 0.109145400 
[3] 0.109155300 0.109117000 0.108448800 0.107548800 0.109371400 0.107613400 0.106870900 0.107433100 0.108541800 0.108606900 
[4] 0.109004000 0.109584500 0.117597200 0.120254300 0.126735600 0.107262300 0.112477000 0.110917600 0.108647500 0.108882400 
[5] 0.108064900 0.109580700 0.111659700 0.108807400 0.110308100 0.109433500 0.110367700 0.108678100 0.108404500 0.107678300 
[6] 0.108287300 0.116942200 0.110624400 0.109046500 0.114342000 0.109203300 0.110376600 0.109825000 0.109492000 0.108486500 
[7] 0.110093500 0.107980800 0.107087000 0.109275600 0.109305300 0.107913200 0.109098500 0.107928900 0.108890800 0.110234500 
[8] 0.110549500 0.108773000 0.108315800 0.108383300 0.108900300 0.107351900 0.107200800 0.107099500 0.107954400 0.111267300 
[9] 0.108992500 0.107428700 0.107803300 0.113782100 0.108696000 0.120179200 0.117351500 0.129494100 0.160051300 0.121602500 
[AVERAGE] 0.111382830 s
[STANDARD DEVIATION] 0.006427844 s

FEN: r2qkb1r/1p1n1p1p/p1bpp3/2p5/4P3/2N3QP/PPP2PP1/R1B1RBK1 b kq - 1 13
        [0]         [1]         [2]         [3]         [4]         [5]         [6]         [7]         [8]         [9]
[0] 0.121722700 0.124092500 0.135708900 0.128757400 0.122028300 0.122089900 0.119042700 0.120787900 0.120214700 0.118029900 
[1] 0.118162800 0.126042900 0.117920500 0.118798500 0.118829500 0.121027300 0.122602000 0.121778400 0.120482900 0.128346900 
[2] 0.132077500 0.144988800 0.131250000 0.127102100 0.138342900 0.149262000 0.135847200 0.134547700 0.120470300 0.118977700 
[3] 0.119659000 0.124869000 0.125436600 0.123258900 0.126183400 0.127308500 0.139382100 0.137683200 0.119574000 0.135258900 
[4] 0.141430900 0.126034700 0.123905500 0.121884900 0.136763100 0.126429700 0.125268500 0.126513400 0.123646500 0.125555700 
[5] 0.124508100 0.124795500 0.123973000 0.123967100 0.123237000 0.136528700 0.121817400 0.121208300 0.119381400 0.120815800 
[6] 0.120561300 0.122994100 0.119183200 0.122769600 0.118844800 0.118965600 0.120718200 0.119506800 0.122431900 0.121933100 
[7] 0.123009400 0.125406800 0.121154400 0.119741600 0.125730700 0.119971400 0.121899900 0.124563900 0.125695600 0.124227700 
[8] 0.121546200 0.123720200 0.123564600 0.120134400 0.126864900 0.120737100 0.123920600 0.121245200 0.120262200 0.121514300 
[9] 0.119418400 0.122796100 0.119546800 0.117861000 0.117915500 0.119985200 0.121653800 0.117763400 0.118059900 0.118826300 
[AVERAGE] 0.124322577 s
[STANDARD DEVIATION] 0.006258582 s

FEN: rn1q1rk1/p1p2ppp/bp3n2/3p4/1b1P4/2N1PN2/PPBB1PPP/R2QK2R b KQ - 3 9
        [0]         [1]         [2]         [3]         [4]         [5]         [6]         [7]         [8]         [9]
[0] 0.088391400 0.086811800 0.086930600 0.087917700 0.087459700 0.087705500 0.090793700 0.087591400 0.088416900 0.087764400 
[1] 0.088092000 0.087903300 0.087994100 0.089082900 0.088118900 0.087956300 0.088128500 0.090650900 0.095148300 0.092250400 
[2] 0.090276000 0.094803600 0.102626300 0.091942200 0.089216200 0.089885900 0.093614800 0.092089900 0.093404200 0.093114600 
[3] 0.092879800 0.089094400 0.087981400 0.087286300 0.087833400 0.087894200 0.090015700 0.090952300 0.088130300 0.091335700 
[4] 0.088264600 0.087720800 0.088503900 0.089181500 0.090606000 0.090570600 0.086746800 0.092140100 0.088860200 0.088065300 
[5] 0.090910300 0.088321100 0.088349200 0.089061600 0.090758700 0.094598900 0.088547200 0.088573200 0.087051900 0.088818300 
[6] 0.095218600 0.097453200 0.100211000 0.093659200 0.087103300 0.088159900 0.088336200 0.102835500 0.103147500 0.094288000 
[7] 0.096058200 0.090665300 0.094921200 0.090294500 0.089536300 0.089224300 0.090425300 0.095883600 0.101372300 0.089759300 
[8] 0.091474200 0.087343300 0.087970900 0.090828200 0.087956700 0.087794400 0.088876100 0.087479800 0.087466500 0.087515800 
[9] 0.100143000 0.097611800 0.091281100 0.090693100 0.091413300 0.092098800 0.103947600 0.099654100 0.096325500 0.097035400 
[AVERAGE] 0.091085984 s
[STANDARD DEVIATION] 0.004140563 s

FEN: rnbq1rk1/pp2bppp/4pn2/3p4/2PN4/6P1/PPQ1PPBP/RNB2RK1 b - - 0 8
        [0]         [1]         [2]         [3]         [4]         [5]         [6]         [7]         [8]         [9]
[0] 0.121452200 0.117899200 0.131386100 0.125834900 0.115347400 0.114254300 0.114533300 0.114711700 0.113429900 0.113170700 
[1] 0.113866700 0.130908200 0.130078500 0.123234200 0.127757300 0.124544300 0.125299100 0.124697800 0.116898700 0.124827400 
[2] 0.121998000 0.114953800 0.113371100 0.116508100 0.129169100 0.116785500 0.121105000 0.127916500 0.121670500 0.122493200 
[3] 0.118343900 0.115635200 0.130854200 0.127818700 0.117017400 0.122018800 0.117732500 0.117078600 0.119678200 0.122571100 
[4] 0.127374300 0.119609900 0.117939900 0.122345500 0.133457400 0.126651800 0.119123100 0.121553800 0.116181800 0.116446900 
[5] 0.120245300 0.131330200 0.118488700 0.118764700 0.123163600 0.121050600 0.128083500 0.123610100 0.115562100 0.122425300 
[6] 0.133163700 0.131160800 0.126205200 0.124695500 0.122896700 0.123917300 0.128199800 0.134916800 0.124165700 0.123966500 
[7] 0.131892000 0.126342300 0.121890100 0.126994800 0.126715500 0.119996400 0.120800200 0.122369300 0.116621900 0.113130400 
[8] 0.113810800 0.131488800 0.128658800 0.117974700 0.116653000 0.121722200 0.141668500 0.126037700 0.124155000 0.115299400 
[9] 0.116456300 0.119303300 0.114359800 0.119227900 0.115984400 0.114138600 0.115310000 0.143018500 0.124531400 0.116655100 
[AVERAGE] 0.122187549 s
[STANDARD DEVIATION] 0.006259632 s

FEN: rnbqkb1r/pp1p1ppp/4pn2/2p5/2PP4/4PN2/PP3PPP/RNBQKB1R b KQkq - 0 4
        [0]         [1]         [2]         [3]         [4]         [5]         [6]         [7]         [8]         [9]
[0] 0.046990900 0.046736400 0.046635100 0.047319700 0.048871100 0.046731600 0.046844400 0.046605100 0.046558100 0.046846700 
[1] 0.046900100 0.046691700 0.046859800 0.046408000 0.046893500 0.049978000 0.047165400 0.047144600 0.045952800 0.046164300 
[2] 0.048318400 0.046615000 0.046585500 0.050712100 0.049018900 0.049684300 0.051838200 0.049026000 0.047138700 0.046409600 
[3] 0.048745900 0.049662100 0.047979600 0.049910200 0.049389600 0.049452000 0.049260200 0.049559600 0.048646200 0.047804300 
[4] 0.048649000 0.049586600 0.047725800 0.047149300 0.046949800 0.046794800 0.050230900 0.047656000 0.047265700 0.046785500 
[5] 0.047949900 0.047695000 0.047910800 0.047442100 0.046673300 0.046465800 0.050141300 0.049810500 0.049537000 0.047372800 
[6] 0.047862500 0.047109100 0.046649200 0.046798800 0.049377200 0.049160500 0.048429100 0.048110200 0.046448100 0.045803800 
[7] 0.047325700 0.046987400 0.047256000 0.047089100 0.046765400 0.048510000 0.048405700 0.048512100 0.054855900 0.047658000 
[8] 0.046556600 0.049134300 0.050240700 0.047716400 0.049262100 0.049408500 0.046665700 0.048495700 0.047512200 0.047244600 
[9] 0.046543700 0.047646700 0.046890200 0.046677700 0.046879400 0.047235700 0.050540500 0.046937200 0.046857200 0.046175600 
[AVERAGE] 0.047895801 s
[STANDARD DEVIATION] 0.001460301 s

FEN: rnbqk2r/ppp2ppp/4pn2/3p4/1bPP4/2N2P2/PP2P1PP/R1BQKBNR w KQkq - 0 5
        [0]         [1]         [2]         [3]         [4]         [5]         [6]         [7]         [8]         [9]
[0] 0.070297200 0.071390300 0.070801600 0.070071800 0.070817400 0.071229600 0.073566900 0.074343200 0.073585700 0.074464000 
[1] 0.076314400 0.073996800 0.075950600 0.073095100 0.070344000 0.070571600 0.071009100 0.071325600 0.070560100 0.072383500 
[2] 0.071551000 0.073502200 0.070162900 0.070858000 0.070803400 0.070283100 0.071220500 0.071894800 0.070548800 0.070618800 
[3] 0.070407700 0.071350900 0.072810500 0.072986700 0.074026100 0.082842400 0.072544400 0.091140100 0.071433700 0.070725100 
[4] 0.070971100 0.080402500 0.078047100 0.070721600 0.072530400 0.071375600 0.072342600 0.072500000 0.071730400 0.072712100 
[5] 0.071457400 0.072224800 0.072207400 0.070970100 0.070385500 0.072475900 0.071495900 0.070592400 0.070682900 0.071891000 
[6] 0.070873900 0.073472600 0.071269900 0.071517200 0.070821700 0.070905700 0.071876000 0.070452600 0.070159200 0.070179300 
[7] 0.070531500 0.071052900 0.074983100 0.076606900 0.074989600 0.073564700 0.071186300 0.071004400 0.072173300 0.072590400 
[8] 0.071190600 0.073571900 0.071814600 0.070565500 0.071970000 0.070486200 0.070916900 0.071114800 0.072664300 0.076449100 
[9] 0.071248500 0.070803000 0.073732700 0.072610900 0.074982200 0.073820200 0.071369100 0.072205000 0.073127600 0.071778900 
[AVERAGE] 0.072421795 s
[STANDARD DEVIATION] 0.002827143 s

FEN: rnbqr1k1/pp1p1ppp/2p2n2/4p3/2P1P3/2P2PP1/P2P1K1P/R1BQ1BNR w - - 0 8
        [0]         [1]         [2]         [3]         [4]         [5]         [6]         [7]         [8]         [9]
[0] 0.028748100 0.028744800 0.028740700 0.029167500 0.028686700 0.029957900 0.031700500 0.029414500 0.029391500 0.029089600 
[1] 0.028506400 0.028540300 0.029608200 0.029134600 0.029134900 0.028726300 0.028621500 0.028781900 0.028733700 0.028421000 
[2] 0.028673100 0.028727100 0.028849300 0.028705000 0.029555700 0.029104000 0.028554500 0.028466600 0.028589400 0.028592500 
[3] 0.028469200 0.028534100 0.028574300 0.028625900 0.028240000 0.028575200 0.028692900 0.028443100 0.028842500 0.028443100 
[4] 0.028826100 0.031236200 0.029701900 0.029620900 0.029080900 0.029284000 0.028592600 0.028577200 0.028915400 0.028826400 
[5] 0.029034200 0.028971500 0.029218300 0.028886200 0.029172800 0.028626400 0.031767700 0.030154200 0.029833300 0.029092800 
[6] 0.028461100 0.028452700 0.028622500 0.029698600 0.029069800 0.029201400 0.028878400 0.028864300 0.029327500 0.028697800 
[7] 0.029622600 0.029384300 0.029304500 0.028799600 0.030505600 0.029496800 0.029502000 0.029537100 0.029393000 0.029126100 
[8] 0.028891000 0.029010300 0.029226600 0.028779600 0.029117900 0.031855800 0.030140800 0.030169600 0.029286900 0.029156800 
[9] 0.031614400 0.030319400 0.030220500 0.030128600 0.029311800 0.029424600 0.029013700 0.028982100 0.030167600 0.029718300 
[AVERAGE] 0.029210091 s
[STANDARD DEVIATION] 0.000748202 s

FEN: r1bq1rk1/1p2bppp/p1n1pn2/8/P1BP4/2N1BN2/1P3PPP/R2Q1RK1 w - - 3 11
        [0]         [1]         [2]         [3]         [4]         [5]         [6]         [7]         [8]         [9]
[0] 0.155882000 0.155963400 0.154748000 0.154863500 0.157928200 0.160691400 0.159743500 0.162794400 0.156226100 0.156038600 
[1] 0.154696500 0.163788500 0.160252700 0.166886300 0.164765300 0.161381500 0.165803300 0.166517300 0.160126000 0.174418100 
[2] 0.160010400 0.162533400 0.155927200 0.161530000 0.160038700 0.154341400 0.161135200 0.159997100 0.160038700 0.163513200 
[3] 0.167636000 0.157520400 0.158089600 0.156135300 0.155263900 0.163887000 0.154074600 0.154954100 0.154144300 0.158603100 
[4] 0.156697800 0.154266900 0.154107300 0.155964200 0.154078800 0.156667100 0.154416200 0.155250900 0.154684500 0.154863900 
[5] 0.154094800 0.152558100 0.157033500 0.154665100 0.153346700 0.153755400 0.155122900 0.153282300 0.160837800 0.158816000 
[6] 0.153602800 0.153811600 0.152921000 0.152990500 0.154971200 0.160567800 0.153303600 0.160353400 0.160967900 0.154685600 
[7] 0.156580900 0.157138500 0.158552400 0.164753900 0.161189600 0.158416900 0.158718100 0.163016100 0.158923800 0.155147900 
[8] 0.158224000 0.161184700 0.162449200 0.163371800 0.166141200 0.167161600 0.172428900 0.162773900 0.197984100 0.182615800 
[9] 0.172999800 0.165751200 0.179837700 0.176657900 0.160618400 0.167076000 0.153847000 0.160170800 0.178861200 0.172878400 
[AVERAGE] 0.160310455 s
[STANDARD DEVIATION] 0.007355853 s

FEN: rn1q1rk1/pbpp1ppp/8/3nP3/2BP4/5PP1/P6P/R1BQK1NR w KQ - 1 11
        [0]         [1]         [2]         [3]         [4]         [5]         [6]         [7]         [8]         [9]
[0] 0.068667100 0.067320000 0.065409900 0.078440200 0.064048500 0.059882600 0.062409000 0.062084600 0.063022200 0.062354500 
[1] 0.063244900 0.062572600 0.061118200 0.060021700 0.061934400 0.059397200 0.059696000 0.059218800 0.058996400 0.062018900 
[2] 0.060660200 0.061832800 0.061060100 0.059827500 0.063269500 0.064004400 0.064353600 0.060148200 0.061692700 0.060031900 
[3] 0.062069500 0.061130400 0.060104300 0.067759300 0.068932100 0.066902600 0.062856600 0.062678000 0.059507000 0.060802500 
[4] 0.062126600 0.061604100 0.059019500 0.060665700 0.060381100 0.060804400 0.060643400 0.061335900 0.059506700 0.059518400 
[5] 0.059379300 0.068838200 0.071058000 0.061230400 0.058980600 0.062813700 0.062212000 0.060279800 0.060788500 0.062975900 
[6] 0.060240600 0.063533300 0.063067200 0.060520600 0.062005700 0.062484400 0.064114900 0.060937300 0.059149400 0.063448300 
[7] 0.058744100 0.060141700 0.058484000 0.058986800 0.058496600 0.058075100 0.059552400 0.064470100 0.061696700 0.062324600 
[8] 0.063139500 0.065845300 0.066098500 0.066030200 0.062905900 0.060165900 0.059519300 0.058278500 0.060115800 0.059161800 
[9] 0.061429500 0.061006700 0.060838000 0.060376700 0.060029700 0.060350000 0.061692300 0.062205300 0.063489000 0.063215800 
[AVERAGE] 0.062020106 s
[STANDARD DEVIATION] 0.003043800 s

FEN: r2qk2r/1p1n1ppp/p1pbbn2/3p2B1/3P4/2NBPN1P/PP3PP1/R2QK2R w KQkq - 0 10
        [0]         [1]         [2]         [3]         [4]         [5]         [6]         [7]         [8]         [9]
[0] 0.256654300 0.257368700 0.254376400 0.254108400 0.256269700 0.262572900 0.254204100 0.256803100 0.253427800 0.258378600 
[1] 0.257615200 0.252980800 0.261436200 0.256133300 0.257585600 0.265350700 0.256867700 0.255874800 0.256731100 0.256421000 
[2] 0.257502400 0.254263100 0.283310300 0.282158600 0.265664300 0.255736600 0.255718300 0.261956700 0.265049900 0.269906300 
[3] 0.289902300 0.292732700 0.284172200 0.263015500 0.259841200 0.261605900 0.269141900 0.261909800 0.258049200 0.261752300 
[4] 0.261491600 0.256216100 0.271002400 0.262240900 0.254416500 0.258824500 0.260008700 0.260702700 0.260333500 0.262527300 
[5] 0.257624300 0.261451700 0.266741800 0.265957600 0.259926800 0.259443200 0.255817900 0.265687800 0.289547600 0.263681300 
[6] 0.293909400 0.277835600 0.258568800 0.257094700 0.260329200 0.268074700 0.272222600 0.273132800 0.275529900 0.272699500 
[7] 0.265771600 0.260711700 0.286855800 0.264821200 0.261245400 0.280993300 0.268832400 0.254994500 0.267435700 0.263928300 
[8] 0.261070700 0.276081000 0.266622500 0.258958000 0.254334700 0.267132400 0.298210900 0.285303000 0.260584300 0.261238600 
[9] 0.257863500 0.255710000 0.258664500 0.261777600 0.265634600 0.260393000 0.256330500 0.257605400 0.257442100 0.253313400 
[AVERAGE] 0.264074519 s
[STANDARD DEVIATION] 0.010053172 s

FEN: r1bq1rk1/pp2bppp/2n1pn2/2pp4/P3PB2/3P1NP1/1PP2PBP/RN1Q1RK1 b - - 2 8
        [0]         [1]         [2]         [3]         [4]         [5]         [6]         [7]         [8]         [9]
[0] 0.094392800 0.096177000 0.094977000 0.095520100 0.095840000 0.095679000 0.100254500 0.096370200 0.094889300 0.095732000 
[1] 0.095437400 0.096898900 0.095408300 0.095721900 0.094516500 0.095776100 0.101553900 0.097328900 0.097497700 0.098368700 
[2] 0.099057900 0.099135500 0.100528900 0.099592000 0.098938600 0.096947300 0.097523100 0.096809100 0.096762400 0.096037500 
[3] 0.096111600 0.097869600 0.096396400 0.094601500 0.096236500 0.094792600 0.097901900 0.099707100 0.098219700 0.096134600 
[4] 0.097031400 0.097088000 0.095330400 0.094489200 0.096627800 0.096675500 0.096558400 0.099152000 0.098341700 0.095953700 
[5] 0.096442300 0.096468700 0.096388300 0.096007700 0.094809500 0.095097300 0.095010000 0.096113000 0.098142200 0.095123500 
[6] 0.096320300 0.095849200 0.106352500 0.106744900 0.110813100 0.094176100 0.095920300 0.106029900 0.101929300 0.102344600 
[7] 0.098177700 0.097633300 0.101295900 0.101216900 0.097371600 0.095684900 0.098925100 0.104807500 0.101863500 0.101115100 
[8] 0.100107500 0.096374100 0.095540800 0.097683000 0.095832300 0.097144200 0.096753800 0.097339900 0.098483100 0.095437400 
[9] 0.095495000 0.096528800 0.097914000 0.096461500 0.094878700 0.094755200 0.097838900 0.096890200 0.100626300 0.098510800 
[AVERAGE] 0.097596618 s
[STANDARD DEVIATION] 0.002899885 s

FEN: r1bqr1k1/ppp2ppp/2n5/2bnp3/8/2NP1NP1/PP2PPBP/R1BQ1RK1 w - - 1 9
        [0]         [1]         [2]         [3]         [4]         [5]         [6]         [7]         [8]         [9]
[0] 0.169394400 0.169815800 0.167036800 0.167943400 0.167132200 0.171349600 0.168612200 0.168715800 0.166887000 0.166828200 
[1] 0.169078000 0.172816900 0.170609700 0.167489800 0.169072300 0.169985100 0.171407100 0.171771600 0.169319200 0.166949700 
[2] 0.173364500 0.176666200 0.178391300 0.173668900 0.177545000 0.177066400 0.177976500 0.173286300 0.174517200 0.171551900 
[3] 0.168191700 0.187332700 0.171671400 0.168370800 0.169364200 0.168336300 0.168442000 0.169238700 0.168321000 0.167441900 
[4] 0.170411300 0.170370000 0.169952500 0.168241900 0.168277900 0.170327900 0.170512400 0.168907000 0.168123100 0.168300500 
[5] 0.167610500 0.169647800 0.169058000 0.168492800 0.167115400 0.166904500 0.172368400 0.170117300 0.168020500 0.169506000 
[6] 0.168208800 0.174191500 0.190383500 0.190695700 0.175680200 0.171530700 0.178032900 0.177802700 0.177740400 0.173776800 
[7] 0.170109600 0.171812600 0.171076200 0.169142400 0.168474000 0.168943100 0.168267000 0.168481400 0.168775900 0.169915100 
[8] 0.170227300 0.168114700 0.167627800 0.174055800 0.181406100 0.172704200 0.173518100 0.176940900 0.170939500 0.184965600 
[9] 0.194950800 0.177918500 0.191842500 0.192181000 0.186098600 0.180269400 0.178158300 0.193864400 0.178814200 0.175883900 
[AVERAGE] 0.172887475 s
[STANDARD DEVIATION] 0.006552660 s

FEN: rnbqk2r/ppp2pp1/5n1p/3p4/1b1P3B/2N2N2/PP2PPPP/R2QKB1R b KQkq - 1 7
        [0]         [1]         [2]         [3]         [4]         [5]         [6]         [7]         [8]         [9]
[0] 0.093047400 0.090568200 0.097734900 0.089466300 0.098030400 0.092947500 0.098254400 0.089160800 0.091919800 0.101830700 
[1] 0.092104000 0.089193400 0.089336800 0.088748300 0.089010800 0.089986100 0.092581700 0.090066900 0.088454500 0.089734200 
[2] 0.088546800 0.088550200 0.089899300 0.097339600 0.093614100 0.087888300 0.092581400 0.089860200 0.092371500 0.089951200 
[3] 0.088885300 0.092914400 0.089790800 0.090830100 0.089002600 0.088549100 0.092064000 0.089532200 0.090142700 0.091607500 
[4] 0.088993200 0.088422900 0.088458100 0.098851600 0.092277500 0.093656700 0.100118700 0.090002300 0.093298200 0.090555000 
[5] 0.087931100 0.090761300 0.097328300 0.101910900 0.107462500 0.099692600 0.097508200 0.092466600 0.096872800 0.088777100 
[6] 0.090385000 0.089669700 0.092528300 0.093805100 0.093357300 0.092431000 0.090962500 0.091023900 0.092144700 0.090545400 
[7] 0.088901800 0.091189500 0.089299400 0.088180900 0.087792800 0.088827400 0.089754700 0.087197000 0.088120800 0.088657900 
[8] 0.089920300 0.089685700 0.090527200 0.087712500 0.088996800 0.088017000 0.089845200 0.090817300 0.091547300 0.090123300 
[9] 0.088394600 0.088249100 0.087526800 0.091904300 0.088870000 0.092313900 0.090499500 0.090146000 0.089341400 0.089881300 
[AVERAGE] 0.091405386 s
[STANDARD DEVIATION] 0.003630434 s

FEN: 2r5/1p2kp2/p3pn1P/6R1/6p1/2P3P1/2PR4/6K1 b - - 4 31
        [0]         [1]         [2]         [3]         [4]         [5]         [6]         [7]         [8]         [9]
[0] 0.017990700 0.017381200 0.018069800 0.018309500 0.017727300 0.017630900 0.018165700 0.018552200 0.018247600 0.018275600 
[1] 0.017361200 0.017971300 0.018256300 0.018180500 0.018464900 0.018054000 0.017834200 0.018369300 0.017681500 0.018067800 
[2] 0.017694200 0.018058100 0.018232500 0.019955300 0.018147800 0.018071900 0.018035500 0.018099700 0.018087100 0.018198700 
[3] 0.018289300 0.018015500 0.018368500 0.018528700 0.019127700 0.021098000 0.020359100 0.020797100 0.020446700 0.020078700 
[4] 0.020780700 0.020434800 0.020998000 0.020102400 0.020961600 0.019762900 0.019394400 0.018762400 0.017932500 0.018577200 
[5] 0.018100400 0.017987200 0.017604600 0.018327100 0.017423300 0.017770200 0.017563400 0.017426000 0.017103900 0.018338200 
[6] 0.018603000 0.017711500 0.018390800 0.017936300 0.017666400 0.017926500 0.017607100 0.017358500 0.017404500 0.017268200 
[7] 0.017298100 0.017028800 0.017864600 0.017429400 0.017519900 0.017363500 0.017527900 0.018820600 0.017831700 0.017818600 
[8] 0.017463100 0.017591400 0.017336200 0.017383800 0.017230600 0.017388900 0.017313800 0.017246100 0.017405900 0.017642400 
[9] 0.017235800 0.017260100 0.017260500 0.017268600 0.017556900 0.017106400 0.018010800 0.017215500 0.017351200 0.016955600 
[AVERAGE] 0.018152323 s
[STANDARD DEVIATION] 0.000987508 s

FEN: 1r4k1/p5p1/5p1p/q2p4/2rPn3/b1PQRN1P/P1RB1PP1/6K1 w - - 1 2
        [0]         [1]         [2]         [3]         [4]         [5]         [6]         [7]         [8]         [9]
[0] 0.063870600 0.063636600 0.063628700 0.063438400 0.063715600 0.064657100 0.063747400 0.063301400 0.064662100 0.067150500 
[1] 0.063943400 0.063294500 0.064438600 0.063311200 0.064803800 0.063828800 0.063707100 0.063568200 0.063806600 0.063566500 
[2] 0.063588200 0.063254700 0.063655700 0.063961900 0.064150300 0.066467500 0.063987300 0.064618900 0.063285000 0.063511600 
[3] 0.063349500 0.063343700 0.063635400 0.063923800 0.064851500 0.065589100 0.064453700 0.064104100 0.064328200 0.065879300 
[4] 0.068325900 0.066204300 0.064757800 0.063635100 0.063584000 0.063674800 0.063206600 0.064235200 0.073274000 0.073719700 
[5] 0.074673200 0.071565200 0.065811700 0.073025600 0.065686100 0.067870200 0.068897800 0.066818400 0.064525200 0.066135000 
[6] 0.066019900 0.065961000 0.064176100 0.064449000 0.063510600 0.068598000 0.066018400 0.068281700 0.066173700 0.064702900 
[7] 0.066207300 0.066801100 0.067328100 0.064341500 0.064323300 0.071643100 0.064645100 0.065756900 0.068286500 0.063750900 
[8] 0.063268400 0.063482600 0.063930100 0.073827700 0.064429100 0.066102000 0.068725800 0.066537900 0.064693100 0.064915400 
[9] 0.065094000 0.067333800 0.066536400 0.068923900 0.072018700 0.071842900 0.069907600 0.068623300 0.064749900 0.064536400 
[AVERAGE] 0.065740964 s
[STANDARD DEVIATION] 0.002762635 s

FEN: 5rk1/rNR2ppp/P3p3/3p4/2p5/2n1P3/R4PPP/6K1 w - - 0 1
        [0]         [1]         [2]         [3]         [4]         [5]         [6]         [7]         [8]         [9]
[0] 0.022265000 0.022613800 0.021346300 0.022031600 0.022542600 0.023797100 0.022809800 0.022876700 0.022178100 0.021554700 
[1] 0.022164600 0.021648900 0.020810400 0.020746800 0.020795400 0.020608900 0.020571700 0.020976100 0.020469100 0.020448800 
[2] 0.020575500 0.020486100 0.021462100 0.023310000 0.022592000 0.022941200 0.023274600 0.022775300 0.022800600 0.022070900 
[3] 0.024738000 0.024361100 0.023546500 0.024450000 0.023542200 0.023434600 0.023826700 0.024142000 0.023672300 0.021475300 
[4] 0.020629000 0.023964300 0.023582700 0.023448000 0.023836400 0.024827000 0.025070600 0.023009900 0.021697700 0.021343200 
[5] 0.020697700 0.020506400 0.020359500 0.020499100 0.020987500 0.021787400 0.021871300 0.022098200 0.021072200 0.020860100 
[6] 0.021914700 0.021013900 0.020571000 0.020340000 0.021301800 0.021150800 0.021061300 0.021909700 0.023518400 0.023394200 
[7] 0.023343300 0.022754200 0.022045500 0.020874500 0.020656800 0.021016000 0.020546100 0.022963200 0.021454700 0.021980700 
[8] 0.021343700 0.021337900 0.020558600 0.020726800 0.021987900 0.021020300 0.020963400 0.020538700 0.021900700 0.020551600 
[9] 0.020374000 0.020770700 0.023929300 0.021872800 0.020369200 0.022267500 0.021649000 0.022105200 0.020675300 0.020913900 
[AVERAGE] 0.021945489 s
[STANDARD DEVIATION] 0.001259644 s

FEN: r1bk2r1/ppp1n2p/3q3Q/1B2Np2/4n3/2P5/PP3PPP/RN3RK1 b - - 2 16
        [0]         [1]         [2]         [3]         [4]         [5]         [6]         [7]         [8]         [9]
[0] 0.198191800 0.205852700 0.219884000 0.230926900 0.210444400 0.201464900 0.195274800 0.199052000 0.209445600 0.197985200 
[1] 0.200066800 0.196858400 0.202967400 0.203827900 0.198939700 0.197806800 0.202644800 0.200995300 0.201535000 0.203036300 
[2] 0.200614600 0.200493700 0.199306100 0.210312900 0.230494000 0.220390500 0.206309800 0.212118900 0.212722400 0.197507000 
[3] 0.201231400 0.202655800 0.205346500 0.208028200 0.200226700 0.216114800 0.210388700 0.208853800 0.204820500 0.224754800 
[4] 0.203173700 0.202445400 0.201406000 0.214763300 0.204819800 0.200356500 0.201880000 0.205683200 0.224603500 0.246285400 
[5] 0.212485500 0.214699300 0.225967500 0.219256800 0.205743400 0.204709200 0.204789400 0.215007100 0.199295900 0.197578900 
[6] 0.201270700 0.208498900 0.202199000 0.207180500 0.203502800 0.201339400 0.206506200 0.202939200 0.207497100 0.200142100 
[7] 0.199053000 0.204460600 0.198749700 0.201834900 0.204314800 0.202839900 0.201350000 0.203321600 0.202950500 0.199327100 
[8] 0.202351700 0.207695900 0.203265300 0.198122400 0.200184000 0.198572500 0.203286000 0.199295200 0.198383600 0.198078700 
[9] 0.198221200 0.198850000 0.197070200 0.197511400 0.197254000 0.229480000 0.199440100 0.200816000 0.198818500 0.199591900 
[AVERAGE] 0.205404082 s
[STANDARD DEVIATION] 0.008854183 s

FEN: r2qkb1r/pp2nppp/3p4/2pNN1B1/2BnP3/3P4/PPP2PPP/R2bK2R w KQkq - 1 0
        [0]         [1]         [2]         [3]         [4]         [5]         [6]         [7]         [8]         [9]
[0] 0.166819400 0.166710400 0.161310100 0.163082300 0.161956900 0.161569500 0.166038600 0.176501000 0.169274200 0.164025600 
[1] 0.162116400 0.171823400 0.168153200 0.168969900 0.163141300 0.166364600 0.164288500 0.184686600 0.176080400 0.173019600 
[2] 0.175098400 0.180884000 0.167064100 0.167035200 0.167319900 0.169801500 0.166023200 0.169819900 0.170436000 0.166320400 
[3] 0.168486200 0.168513100 0.165415000 0.163364000 0.164585800 0.164690000 0.162390000 0.167698300 0.184343800 0.185780800 
[4] 0.179412300 0.163863400 0.171951000 0.173251000 0.175046500 0.177300900 0.177739500 0.181188700 0.181659300 0.175875700 
[5] 0.168794000 0.162957700 0.168318900 0.164159200 0.167045900 0.164580100 0.163606100 0.163082300 0.163494100 0.175256300 
[6] 0.185488400 0.176974000 0.170792800 0.178150100 0.177561000 0.171379700 0.175017400 0.170444600 0.165978800 0.168089700 
[7] 0.166846200 0.164032700 0.167990500 0.163912500 0.164531700 0.165420800 0.167532900 0.164508500 0.168530900 0.164029600 
[8] 0.163328300 0.162939100 0.162224800 0.162466800 0.165270100 0.162959300 0.162641000 0.163063500 0.162272200 0.163471200 
[9] 0.166719000 0.162292500 0.164926900 0.162594500 0.164045300 0.162467900 0.165728300 0.162986800 0.164547500 0.164911600 
[AVERAGE] 0.168386538 s
[STANDARD DEVIATION] 0.006138012 s

FEN: 1rb4r/pkPp3p/1b1P3n/1Q6/N3Pp2/8/P1P3PP/7K w - - 1 0
        [0]         [1]         [2]         [3]         [4]         [5]         [6]         [7]         [8]         [9]
[0] 0.023851900 0.023256300 0.023209200 0.023683600 0.023099500 0.023469900 0.023431500 0.023054500 0.023100400 0.023281700 
[1] 0.023161600 0.023496300 0.023376400 0.023078300 0.023115500 0.023608800 0.023326800 0.023230400 0.023667500 0.024839100 
[2] 0.024460700 0.023726400 0.023720200 0.023649800 0.023316700 0.025079700 0.023281900 0.023411000 0.023636300 0.023789200 
[3] 0.023965100 0.024718300 0.023101700 0.023205200 0.023345600 0.022919200 0.023612200 0.023541200 0.023547400 0.024188100 
[4] 0.023393300 0.023409800 0.022991000 0.022965500 0.022873400 0.024270500 0.023722700 0.023471900 0.023388300 0.023785000 
[5] 0.024001000 0.024136400 0.024505900 0.024174800 0.027556900 0.028850400 0.025108700 0.024922300 0.026206800 0.025837000 
[6] 0.025254000 0.025080800 0.023656000 0.023715600 0.023441900 0.023415700 0.023182600 0.023757700 0.023780100 0.023464700 
[7] 0.023594000 0.024095900 0.023630200 0.023597200 0.023337600 0.023648900 0.022939000 0.023089300 0.023380200 0.023243500 
[8] 0.023350700 0.023396300 0.023166900 0.023244100 0.023176000 0.023019800 0.023340400 0.023729500 0.022990300 0.023235200 
[9] 0.023747700 0.023488300 0.023602200 0.023209300 0.023091900 0.023564000 0.023540900 0.023431100 0.023288000 0.023515000 
[AVERAGE] 0.023725592 s
[STANDARD DEVIATION] 0.000890195 s

FEN: 4kb1r/p2n1ppp/4q3/4p1B1/4P3/1Q6/PPP2PPP/2KR4 w k - 1 0
        [0]         [1]         [2]         [3]         [4]         [5]         [6]         [7]         [8]         [9]
[0] 0.091551300 0.090876900 0.089938900 0.090939700 0.091122000 0.090284200 0.091451500 0.091419200 0.093786800 0.091275300 
[1] 0.090292900 0.091468800 0.092614800 0.090364000 0.090291600 0.090725400 0.090650000 0.089858900 0.090092000 0.090587200 
[2] 0.090962000 0.090938900 0.092064800 0.092942100 0.090387100 0.090414600 0.091328500 0.093389600 0.090087100 0.090331900 
[3] 0.089980600 0.090275100 0.090158900 0.092474500 0.093532000 0.091001500 0.090437500 0.090578500 0.092917900 0.091332800 
[4] 0.089712600 0.089740500 0.090054400 0.090479400 0.092676700 0.091638700 0.090989500 0.090227200 0.089840000 0.089636800 
[5] 0.090678700 0.090445800 0.090709800 0.090234600 0.090327000 0.091887200 0.090345400 0.089632700 0.090733900 0.090154900 
[6] 0.089827900 0.089449300 0.090869000 0.090731100 0.091091800 0.090296300 0.091272500 0.091368900 0.090423100 0.090591300 
[7] 0.091589300 0.090698600 0.091464500 0.090304200 0.090450500 0.090241500 0.091192000 0.091959300 0.091264700 0.091276300 
[8] 0.091697800 0.091038100 0.091615500 0.089685600 0.090019900 0.091011100 0.089614700 0.090080100 0.093032300 0.090539700 
[9] 0.089779200 0.089400100 0.089086200 0.089950500 0.093242600 0.089915300 0.090156600 0.089665700 0.089668000 0.090402800 
[AVERAGE] 0.090812370 s
[STANDARD DEVIATION] 0.000982914 s

FEN: r1b2k1r/ppp1bppp/8/1B1Q4/5q2/2P5/PPP2PPP/R3R1K1 w - - 1 0
        [0]         [1]         [2]         [3]         [4]         [5]         [6]         [7]         [8]         [9]
[0] 0.263481000 0.263522500 0.263804700 0.277892200 0.283958400 0.271880300 0.265270100 0.266117000 0.275614700 0.278846100 
[1] 0.293749300 0.271453700 0.273126600 0.304176000 0.356924200 0.285109400 0.281894400 0.268425900 0.268503000 0.264680000 
[2] 0.273499400 0.265525900 0.264978900 0.267941800 0.266807800 0.279772100 0.273863000 0.269853700 0.268734900 0.272016200 
[3] 0.273504500 0.269718700 0.265431000 0.273456000 0.282683800 0.276487800 0.269650000 0.274889700 0.281195700 0.273546400 
[4] 0.278084800 0.294656800 0.271463300 0.273502200 0.270692100 0.269831600 0.276269300 0.267986500 0.264263100 0.263251300 
[5] 0.267506600 0.270478000 0.260251000 0.263563300 0.261172600 0.266721200 0.262679100 0.264196000 0.265750500 0.262632200 
[6] 0.265239200 0.262330200 0.268991200 0.261557500 0.268440300 0.265463400 0.271741400 0.277831600 0.263725000 0.261773300 
[7] 0.267740400 0.262620100 0.263158800 0.266278500 0.265666900 0.262144900 0.262806900 0.264240700 0.261162800 0.265247200 
[8] 0.279250700 0.267850200 0.261590800 0.312778600 0.276354100 0.272211600 0.262710700 0.261993000 0.266402000 0.268809000 
[9] 0.262898200 0.264551100 0.269286400 0.300564700 0.278840100 0.272748400 0.269527000 0.290300000 0.266638200 0.264670100 
[AVERAGE] 0.271750735 s
[STANDARD DEVIATION] 0.012720452 s

FEN: 5rkr/pp2Rp2/1b1p1Pb1/3P2Q1/2n3P1/2p5/P4P2/4R1K1 w - - 1 0
        [0]         [1]         [2]         [3]         [4]         [5]         [6]         [7]         [8]         [9]
[0] 0.065529600 0.065757800 0.067332000 0.066418800 0.067326600 0.066889000 0.067021600 0.067948900 0.066181800 0.066034800 
[1] 0.067302500 0.067500800 0.066153400 0.069177100 0.066727200 0.064788400 0.066722500 0.065291600 0.066177200 0.065705400 
[2] 0.065097300 0.065538500 0.064993900 0.065068200 0.066125700 0.065760800 0.065393800 0.066083200 0.065924200 0.068205300 
[3] 0.065421100 0.064669600 0.064577800 0.064193200 0.066170700 0.065332400 0.065121000 0.064612200 0.064982600 0.064703200 
[4] 0.065066000 0.065244500 0.066276600 0.064857000 0.070576100 0.067073900 0.065622600 0.067114300 0.069341000 0.068420000 
[5] 0.068060700 0.069747500 0.067211000 0.064974400 0.064863700 0.065727000 0.065385000 0.065027900 0.066775600 0.070410900 
[6] 0.065974400 0.064829700 0.065112700 0.066601500 0.067082300 0.069499400 0.067226100 0.076367100 0.077682400 0.076533400 
[7] 0.075155000 0.073786500 0.076995700 0.074105100 0.071257300 0.071714000 0.067209600 0.065411900 0.065344500 0.067048700 
[8] 0.077407200 0.080464700 0.079835000 0.077709300 0.078182100 0.077587600 0.071175900 0.067478100 0.065866100 0.065230800 
[9] 0.065820200 0.065134100 0.065546900 0.065268500 0.065338400 0.065724500 0.065424800 0.065004900 0.066059500 0.064982600 
[AVERAGE] 0.067779159 s
[STANDARD DEVIATION] 0.003962632 s

FEN: rnbqk2r/p4p2/2pbpn1p/1p4p1/2pPP3/2N2NB1/PP2BPPP/R2QK2R w KQkq - 2 10
        [0]         [1]         [2]         [3]         [4]         [5]         [6]         [7]         [8]         [9]
[0] 0.136138700 0.140202200 0.139662200 0.143752800 0.142441800 0.143664100 0.150101800 0.147590700 0.145552400 0.136869700 
[1] 0.144698600 0.170740800 0.171479800 0.165346100 0.154964500 0.154309800 0.141052000 0.153641800 0.147148500 0.137945100 
[2] 0.151369800 0.149938200 0.150469600 0.151211400 0.154047400 0.142455800 0.135286500 0.139780000 0.148301100 0.157686000 
[3] 0.154696900 0.149672500 0.135145200 0.136312500 0.146572300 0.142528600 0.137397500 0.136477100 0.136497500 0.137517800 
[4] 0.143262900 0.147984700 0.138399100 0.136855400 0.138022100 0.138624100 0.140669500 0.142283800 0.139601300 0.138338100 
[5] 0.137340300 0.136388500 0.135880500 0.135875600 0.136602000 0.138407500 0.142204800 0.138045800 0.135252900 0.137003400 
[6] 0.135212900 0.135619800 0.135965400 0.138505800 0.141570600 0.144536100 0.144323600 0.142516100 0.137806900 0.139918000 
[7] 0.140603400 0.135595700 0.135220800 0.136967400 0.136482500 0.137564100 0.136692300 0.136220100 0.140646100 0.138331400 
[8] 0.142487700 0.138100200 0.137784700 0.136982100 0.139039600 0.138556000 0.144491900 0.142617300 0.137925800 0.140025300 
[9] 0.138107100 0.139821900 0.145954000 0.150879600 0.137495400 0.138544000 0.138517900 0.142750800 0.139246000 0.139342800 
[AVERAGE] 0.142166785 s
[STANDARD DEVIATION] 0.007219443 s

FEN: r1bqk2r/ppp1nppp/2np4/2b1p1N1/2B1P3/3P4/PPP2PPP/RNBQK2R w KQkq - 2 6
        [0]         [1]         [2]         [3]         [4]         [5]         [6]         [7]         [8]         [9]
[0] 0.127962400 0.133983000 0.128916800 0.128376300 0.123825500 0.123977800 0.126743300 0.125976300 0.127967100 0.134323900 
[1] 0.134367400 0.138760900 0.147190900 0.131904400 0.139765100 0.144539700 0.144245400 0.130392400 0.133977400 0.132875300 
[2] 0.136017300 0.131696000 0.131465400 0.130067200 0.141627100 0.136624200 0.128751100 0.122055900 0.124111500 0.126376300 
[3] 0.125530100 0.135013700 0.136469300 0.142484400 0.131981200 0.129100500 0.126103800 0.128865700 0.132451300 0.132253700 
[4] 0.124299900 0.123947900 0.123840300 0.121974200 0.124389600 0.134908000 0.124452200 0.124633300 0.126079100 0.123999100 
[5] 0.124453700 0.136084900 0.135277500 0.126596600 0.125261700 0.125967400 0.123618900 0.124658100 0.124967600 0.125290400 
[6] 0.126101800 0.126029400 0.125529000 0.126766900 0.124268300 0.124774600 0.122789200 0.126192000 0.137809200 0.132275500 
[7] 0.125490200 0.132000000 0.133975200 0.125947300 0.126080900 0.134584400 0.130625700 0.138410600 0.130539000 0.123370900 
[8] 0.125585200 0.125246400 0.123234700 0.129199000 0.133957100 0.123504000 0.123858300 0.125146400 0.129056700 0.123758100 
[9] 0.129751400 0.129361900 0.131088500 0.127251700 0.124207100 0.124960700 0.128395000 0.124756300 0.126267300 0.128418500 
[AVERAGE] 0.129243818 s
[STANDARD DEVIATION] 0.005525258 s

FEN: 8/pK1p3p/7p/1P4N1/8/6k1/5r2/8 w - - 0 2
        [0]         [1]         [2]         [3]         [4]         [5]         [6]         [7]         [8]         [9]
[0] 0.003043200 0.003523300 0.002991900 0.002752900 0.003048900 0.002635600 0.002828600 0.002629400 0.002629700 0.002635500 
[1] 0.003232000 0.002603100 0.002732500 0.002675400 0.002814200 0.002624900 0.002826200 0.002914200 0.002905900 0.002793500 
[2] 0.003138200 0.002820700 0.002806500 0.002848800 0.002946600 0.002870900 0.002777200 0.003067000 0.002993300 0.002908400 
[3] 0.003044400 0.003267400 0.003130500 0.002987000 0.003091000 0.003058500 0.002893100 0.002748600 0.002963800 0.002845900 
[4] 0.003152700 0.002788800 0.002989600 0.002651800 0.003323600 0.002926500 0.002643500 0.002753600 0.002935400 0.002652200 
[5] 0.002634100 0.002768400 0.002586200 0.002710900 0.002570300 0.002808500 0.002567800 0.002625800 0.002571200 0.002760900 
[6] 0.002766400 0.002563800 0.002660800 0.002718700 0.002692000 0.002570000 0.002682900 0.002770800 0.002746200 0.002570900 
[7] 0.002737900 0.002571400 0.002570700 0.002563700 0.002750500 0.002571200 0.002689300 0.002612000 0.002723000 0.002571200 
[8] 0.002564200 0.002676700 0.002736800 0.002569400 0.002564400 0.002749400 0.002563200 0.002910800 0.002570900 0.002835600 
[9] 0.002579300 0.002569100 0.002602700 0.002716900 0.002572200 0.002564200 0.002719100 0.002704100 0.002573700 0.002572300 
[AVERAGE] 0.002774889 s
[STANDARD DEVIATION] 0.000198768 s

FEN: 8/1p4pk/p4b1p/4p3/1P2P1q1/P1R2NPn/7P/3Q1B1K b - - 0 2
        [0]         [1]         [2]         [3]         [4]         [5]         [6]         [7]         [8]         [9]
[0] 0.055043400 0.055205400 0.057509000 0.062433900 0.055780800 0.056129200 0.056294000 0.056800300 0.059300100 0.055457000 
[1] 0.055581100 0.055716500 0.057889900 0.056129900 0.055510200 0.056357400 0.060355200 0.060296200 0.058511000 0.060275200 
[2] 0.060241600 0.056198800 0.055307900 0.055729900 0.055032700 0.055277800 0.055159400 0.055553500 0.055185400 0.055980100 
[3] 0.060306200 0.059404100 0.058581000 0.057192600 0.056661200 0.056778800 0.056340400 0.055651100 0.055927700 0.055292500 
[4] 0.055711700 0.057801500 0.059169600 0.058145100 0.055428500 0.055212700 0.055625700 0.056121300 0.057665900 0.055733500 
[5] 0.055523500 0.055186800 0.054981300 0.055010300 0.054912800 0.055269200 0.055596500 0.057304600 0.055735000 0.056329600 
[6] 0.056480000 0.056079700 0.055872800 0.055613400 0.055369300 0.057247100 0.056886000 0.055357500 0.055719700 0.056424600 
[7] 0.056234500 0.055735900 0.055810200 0.055830300 0.055614500 0.055313600 0.055088100 0.063805000 0.061221200 0.059807700 
[8] 0.063210700 0.073031300 0.068118900 0.065666700 0.062895100 0.064113500 0.061132900 0.058176200 0.065961700 0.071507200 
[9] 0.065518300 0.062275100 0.057077300 0.060419800 0.061443900 0.060496200 0.060637700 0.058611300 0.056848400 0.059141200 
[AVERAGE] 0.057926380 s
[STANDARD DEVIATION] 0.003544889 s

FEN: 2r5/2P4R/p3kp1p/n3pNpP/4P1P1/8/3b1P2/6K1 w - - 0 2
        [0]         [1]         [2]         [3]         [4]         [5]         [6]         [7]         [8]         [9]
[0] 0.008179500 0.008040500 0.008894200 0.008244000 0.008869700 0.008687900 0.007973800 0.008263600 0.007993000 0.008506100 
[1] 0.008513900 0.008153800 0.008348900 0.008037400 0.008394100 0.008222900 0.008080000 0.008790500 0.007949400 0.007946000 
[2] 0.008115500 0.008566400 0.008218700 0.007940800 0.007870500 0.008129700 0.008080900 0.008536300 0.007922100 0.007826400 
[3] 0.008489600 0.008062700 0.008170900 0.007923700 0.007759000 0.008155300 0.008047200 0.008226900 0.007881600 0.007930900 
[4] 0.008134100 0.007876200 0.007966800 0.007795200 0.007805300 0.008382800 0.008166800 0.007869500 0.007992200 0.007780300 
[5] 0.008194600 0.007965000 0.008349100 0.009179800 0.008111300 0.007785300 0.008242500 0.007940700 0.007955500 0.008077300 
[6] 0.007771700 0.008064900 0.007957700 0.008025100 0.008167600 0.007888400 0.008179300 0.007843600 0.007920200 0.009147200 
[7] 0.009445200 0.007937700 0.007981500 0.008031000 0.008026700 0.008562600 0.008249200 0.008613300 0.008057000 0.008090200 
[8] 0.008123900 0.008037200 0.007937400 0.007946200 0.007956200 0.008081800 0.007924400 0.007918400 0.007842000 0.007959300 
[9] 0.007942800 0.008545200 0.007874500 0.007898600 0.008081900 0.007899000 0.008163700 0.008204000 0.008007000 0.007897400 
[AVERAGE] 0.008137156 s
[STANDARD DEVIATION] 0.000314188 s

FEN: r3k2r/5ppp/p2q2b1/1p2p3/5BP1/7P/PPP1QP2/R5K1 w kq - 0 2
        [0]         [1]         [2]         [3]         [4]         [5]         [6]         [7]         [8]         [9]
[0] 0.104423200 0.107168000 0.104237800 0.104558900 0.105568900 0.103930300 0.103164600 0.104251700 0.103943000 0.103383200 
[1] 0.105050400 0.103778100 0.102747800 0.102119800 0.101919700 0.102040000 0.102481100 0.102491100 0.105705800 0.113074200 
[2] 0.112338000 0.108225700 0.105099600 0.106455000 0.107395300 0.108314700 0.108848200 0.113308900 0.106888300 0.107969200 
[3] 0.105063300 0.110984900 0.110301300 0.108119900 0.107305500 0.103904800 0.102293300 0.102951400 0.104514400 0.102413600 
[4] 0.101329400 0.101751600 0.105633400 0.103987000 0.103345300 0.103067900 0.102029400 0.102390000 0.105481200 0.103556900 
[5] 0.103542200 0.104107400 0.107875600 0.112365600 0.113002000 0.112091400 0.122392600 0.116040600 0.107075600 0.109546200 
[6] 0.113466600 0.115835900 0.113066200 0.113507600 0.104442700 0.102536900 0.107995700 0.116041300 0.103587200 0.103069300 
[7] 0.103145800 0.104303900 0.106568500 0.104772400 0.103063900 0.107059100 0.106017800 0.109737000 0.103074500 0.102778100 
[8] 0.103766100 0.103463500 0.104755300 0.102819600 0.109111900 0.116990300 0.118858600 0.109941000 0.113908800 0.105010500 
[9] 0.102483100 0.105292200 0.107002000 0.110562400 0.113294200 0.107559900 0.105087400 0.114313400 0.121690900 0.120993700 
[AVERAGE] 0.107103194 s
[STANDARD DEVIATION] 0.004858122 s

FEN: 5bk1/pp3Qpn/3q4/4NpP1/2p2P2/7P/4K3/8 b - - 0 2
        [0]         [1]         [2]         [3]         [4]         [5]         [6]         [7]         [8]         [9]
[0] 0.007250900 0.007033500 0.006899000 0.006935200 0.007177400 0.006926700 0.007186700 0.007023700 0.007430000 0.006956400 
[1] 0.007109500 0.006898500 0.006966200 0.006553900 0.006567100 0.006245300 0.006123400 0.006141500 0.006196500 0.006180200 
[2] 0.006123400 0.006176100 0.007370000 0.006099100 0.006196600 0.006110800 0.006024400 0.006263200 0.005990500 0.006247200 
[3] 0.006187500 0.005826000 0.006292600 0.006530800 0.006538200 0.006352200 0.006037000 0.006112400 0.006753200 0.006054500 
[4] 0.006202600 0.006666700 0.006150400 0.006618500 0.006796400 0.006477600 0.006514000 0.007121300 0.006778500 0.006490100 
[5] 0.006871600 0.006722400 0.006410600 0.006703700 0.006542900 0.006645500 0.006622300 0.006380400 0.006698600 0.006614900 
[6] 0.006695400 0.006674100 0.006387400 0.007157100 0.006489700 0.006337700 0.006587700 0.006550600 0.006219100 0.007227400 
[7] 0.006377300 0.006259900 0.006464100 0.006386100 0.006389100 0.006592600 0.006223500 0.006413400 0.006520300 0.006155500 
[8] 0.006312700 0.006252000 0.006250900 0.006287900 0.010531100 0.006165800 0.006381800 0.006949000 0.007552300 0.006801800 
[9] 0.006798900 0.006975800 0.007179200 0.007329600 0.006856900 0.006721200 0.006916600 0.006738600 0.006917400 0.006447700 
[AVERAGE] 0.006615915 s
[STANDARD DEVIATION] 0.000543152 s

FEN: 3r1r1k/p4q1n/1p5p/2p1bp1n/P2p3N/8/1PPQ1B1P/1K1R2R1 w - - 0 2
        [0]         [1]         [2]         [3]         [4]         [5]         [6]         [7]         [8]         [9]
[0] 0.161779800 0.154374700 0.151456100 0.166852900 0.166398300 0.157773500 0.158006900 0.158224400 0.159082500 0.155898000 
[1] 0.150233900 0.154619800 0.147468900 0.153459500 0.150335000 0.159518600 0.167548100 0.178607100 0.148729400 0.147274500 
[2] 0.151486800 0.147702400 0.152097300 0.150848400 0.151582500 0.149386200 0.146898800 0.145282500 0.148725800 0.159921000 
[3] 0.166039900 0.169634100 0.161614400 0.149574900 0.142246500 0.148217300 0.158027200 0.143124900 0.143166200 0.159313800 
[4] 0.151648600 0.158711600 0.153577400 0.147121000 0.142346500 0.141993600 0.145051400 0.159873900 0.171328200 0.151952800 
[5] 0.170785000 0.167627500 0.154322700 0.145909500 0.142846700 0.149877300 0.148974900 0.146337100 0.164810300 0.160056100 
[6] 0.163880600 0.162037200 0.150840600 0.152285000 0.149862100 0.142817700 0.143713100 0.145212700 0.141880200 0.146661600 
[7] 0.143208300 0.147934300 0.144499300 0.146899200 0.143884100 0.145134600 0.146165700 0.162008300 0.150993200 0.152607400 
[8] 0.149183400 0.168613600 0.157418800 0.171200200 0.150547700 0.146542800 0.160722700 0.166509500 0.163138400 0.153746800 
[9] 0.151220200 0.148527200 0.145152700 0.144403800 0.144864800 0.144383300 0.148705300 0.148334800 0.144966400 0.148682000 
[AVERAGE] 0.153070745 s
[STANDARD DEVIATION] 0.008357614 s

FEN: r7/6kp/3pp1p1/8/4P3/5P2/5BPP/rR4K1 w - - 0 2
        [0]         [1]         [2]         [3]         [4]         [5]         [6]         [7]         [8]         [9]
[0] 0.022346600 0.022268100 0.022164000 0.021991400 0.021474000 0.021363400 0.021424800 0.021746200 0.021444000 0.021576600 
[1] 0.022572800 0.021908300 0.022015000 0.021806700 0.021505500 0.021527900 0.022183200 0.021672900 0.021811700 0.021696800 
[2] 0.023906600 0.021897100 0.021716600 0.021872100 0.022079800 0.022143700 0.021438000 0.021507700 0.021780000 0.023637400 
[3] 0.021889200 0.022921300 0.021812900 0.021539200 0.021573200 0.021434500 0.022593200 0.023252800 0.021587200 0.021796400 
[4] 0.022203500 0.022007600 0.021780500 0.021849000 0.021559300 0.021325000 0.021278300 0.022413600 0.023090200 0.021989000 
[5] 0.021731700 0.021571500 0.021410500 0.022106600 0.021401000 0.021371500 0.021659200 0.022728800 0.023588300 0.025200100 
[6] 0.028685000 0.026451500 0.023096800 0.022022300 0.023318700 0.021905200 0.022619200 0.021693900 0.021824200 0.021283700 
[7] 0.021531600 0.024052100 0.029418500 0.025672700 0.022658400 0.022368800 0.022734800 0.022992000 0.022889800 0.021734600 
[8] 0.021694700 0.022165700 0.021595800 0.021420900 0.021304200 0.021320300 0.022089000 0.021598700 0.021772000 0.022246700 
[9] 0.022037000 0.023506200 0.023543000 0.023613100 0.023642100 0.023879900 0.024413700 0.024368500 0.024832700 0.025357600 
[AVERAGE] 0.022464996 s
[STANDARD DEVIATION] 0.001414020 s

FEN: 2r1n1k1/1bq2pp1/p3p2p/8/1P1R1Q2/2N2P1P/1P3P2/1B4K1 b - - 0 2
        [0]         [1]         [2]         [3]         [4]         [5]         [6]         [7]         [8]         [9]
[0] 0.097582300 0.100603800 0.100178500 0.095162200 0.099482000 0.091452100 0.090445600 0.106089400 0.097144300 0.097120500 
[1] 0.095815900 0.102206300 0.097145100 0.095496000 0.096178700 0.095753900 0.088463600 0.087168500 0.100713100 0.091814100 
[2] 0.090344800 0.088690800 0.091627800 0.093202900 0.097789300 0.101820700 0.094653700 0.092956000 0.089788900 0.086867900 
[3] 0.090534300 0.087101700 0.089942300 0.102369300 0.101216200 0.099461400 0.097365000 0.093030900 0.099211700 0.100421600 
[4] 0.097677300 0.095961100 0.093825400 0.092894900 0.096242000 0.098788400 0.094826000 0.089366800 0.091265000 0.095430700 
[5] 0.092942800 0.093378300 0.095471900 0.090670600 0.091760700 0.088884500 0.092137300 0.092701000 0.090132200 0.092428500 
[6] 0.091412300 0.089910900 0.090409400 0.094643200 0.093056800 0.093223200 0.093107800 0.089707800 0.091728400 0.090727100 
[7] 0.090940200 0.088108400 0.087616800 0.089700300 0.089250400 0.088554300 0.089436000 0.088162600 0.092280400 0.090587600 
[8] 0.087555400 0.090368000 0.091228200 0.092570300 0.091829700 0.092193900 0.088408400 0.089428500 0.088813900 0.089057300 
[9] 0.091311800 0.088942800 0.087789500 0.087301700 0.087042700 0.086840700 0.086969600 0.086771500 0.086632300 0.090153100 
[AVERAGE] 0.092749717 s
[STANDARD DEVIATION] 0.004338391 s

FEN: 4rb2/5kp1/1p2p2p/5p2/1PP5/2Bq1NP1/5P1P/4R1K1 w - - 0 2
        [0]         [1]         [2]         [3]         [4]         [5]         [6]         [7]         [8]         [9]
[0] 0.040055300 0.040201700 0.040645000 0.041615100 0.040891100 0.040678400 0.040820700 0.040654800 0.040808000 0.040510600 
[1] 0.040490600 0.040367600 0.040603200 0.040390500 0.040361000 0.040427700 0.040379400 0.040771900 0.041370200 0.040780500 
[2] 0.040776200 0.040501700 0.042803900 0.041390400 0.041147000 0.040518600 0.040309800 0.041655100 0.040420700 0.040982700 
[3] 0.040862600 0.040940000 0.041154300 0.040991600 0.040805800 0.040083400 0.040611400 0.040643000 0.040549300 0.040382900 
[4] 0.040557300 0.040477900 0.040363500 0.041305400 0.040547800 0.041049300 0.042358700 0.042996700 0.041183800 0.040061100 
[5] 0.040058200 0.040075200 0.040132500 0.041549000 0.040692100 0.040394100 0.040266800 0.040284500 0.040705400 0.040766500 
[6] 0.040554600 0.040772300 0.040924700 0.040585500 0.040693200 0.040718000 0.040659900 0.041749300 0.040707300 0.040637300 
[7] 0.040683600 0.042995300 0.041445000 0.040612200 0.040465200 0.040683300 0.040115800 0.040518500 0.040337200 0.040067000 
[8] 0.040206900 0.041127300 0.040659900 0.040616100 0.040475600 0.040967700 0.041525900 0.041839900 0.041616200 0.041850700 
[9] 0.044997300 0.046872300 0.043551400 0.041088900 0.040379000 0.042657700 0.040764000 0.040423500 0.040018600 0.041241300 
[AVERAGE] 0.040949849 s
[STANDARD DEVIATION] 0.000988217 s

FEN: 6k1/5p2/6p1/8/7p/8/6PP/6K1 b - - 0 0
        [0]         [1]         [2]         [3]         [4]         [5]         [6]         [7]         [8]         [9]
[0] 0.000080200 0.000077100 0.000075500 0.000075100 0.000075000 0.000075200 0.000075000 0.000074700 0.000078700 0.000119700 
[1] 0.000106600 0.000077000 0.000077000 0.000087700 0.000074700 0.000074800 0.000074700 0.000074800 0.000074600 0.000074900 
[2] 0.000075200 0.000075100 0.000075300 0.000075400 0.000074800 0.000074700 0.000074700 0.000074700 0.000074800 0.000074800 
[3] 0.000074600 0.000074800 0.000074800 0.000074800 0.000074700 0.000075200 0.000074800 0.000074700 0.000075000 0.000074800 
[4] 0.000074700 0.000074800 0.000074900 0.000074900 0.000075100 0.000075100 0.000075100 0.000075300 0.000074800 0.000074800 
[5] 0.000074800 0.000074900 0.000074800 0.000074700 0.000074800 0.000074900 0.000074800 0.000074700 0.000074800 0.000074700 
[6] 0.000074800 0.000074900 0.000074900 0.000075500 0.000075200 0.000075400 0.000075200 0.000074900 0.000074800 0.000074800 
[7] 0.000074700 0.000074800 0.000164900 0.000162300 0.000101600 0.000074200 0.000073500 0.000073300 0.000073600 0.000117200 
[8] 0.000129700 0.000147300 0.000089100 0.000074900 0.000085900 0.000073100 0.000073100 0.000073100 0.000073200 0.000073400 
[9] 0.000073100 0.000073400 0.000073000 0.000072800 0.000073100 0.000073200 0.000073000 0.000073600 0.000073200 0.000073200 
[AVERAGE] 0.000079630 s
[STANDARD DEVIATION] 0.000016691 s

FEN: 3k4/2n2B2/1KP5/2B2p2/5b1p/7P/8/8 b - - 0 0
        [0]         [1]         [2]         [3]         [4]         [5]         [6]         [7]         [8]         [9]
[0] 0.003773500 0.003876800 0.004314600 0.003809000 0.004249500 0.003845500 0.003927200 0.003984900 0.003826700 0.004163600 
[1] 0.003768800 0.003813400 0.004009500 0.003815900 0.004120700 0.003767700 0.003882500 0.004004000 0.003770100 0.004072300 
[2] 0.003871100 0.004259800 0.004152400 0.003842600 0.004098200 0.003769100 0.003813600 0.004054500 0.003771300 0.004216500 
[3] 0.003811700 0.003768100 0.004091900 0.003814900 0.003911800 0.004060800 0.003768700 0.004008400 0.003768800 0.003768300 
[4] 0.004156600 0.003771600 0.004009700 0.003770200 0.003768000 0.004080200 0.003768700 0.004004700 0.003772200 0.003771000 
[5] 0.004180900 0.003770600 0.003837100 0.003941300 0.003771700 0.004099700 0.003768800 0.003876100 0.004041800 0.003771100 
[6] 0.004258800 0.003770200 0.003840400 0.004033600 0.003920400 0.004036800 0.003832700 0.003770900 0.004361300 0.003828700 
[7] 0.004228100 0.003939900 0.003813300 0.004119800 0.003811700 0.004133800 0.003860400 0.004174800 0.004426800 0.003867100 
[8] 0.004177300 0.003813700 0.003770500 0.004206700 0.003814400 0.004073600 0.003984900 0.003815100 0.004073500 0.003875200 
[9] 0.004195800 0.004425200 0.003914100 0.004114000 0.003916200 0.004082700 0.003944300 0.003882800 0.004025800 0.004039300 
[AVERAGE] 0.003955253 s
[STANDARD DEVIATION] 0.000174031 s

FEN: r7/4R2P/3p4/3k1K2/2p5/8/8/8 b - - 0 0
        [0]         [1]         [2]         [3]         [4]         [5]         [6]         [7]         [8]         [9]
[0] 0.004402400 0.004338700 0.004430200 0.004423100 0.004395400 0.004384200 0.004284900 0.004504200 0.004370700 0.004415000 
[1] 0.004422500 0.004481400 0.004548000 0.004241000 0.004420800 0.004480100 0.004443400 0.004260900 0.004496000 0.004388700 
[2] 0.004626300 0.004372000 0.004332200 0.004531600 0.004255500 0.004390300 0.004298800 0.004483300 0.004223100 0.004281500 
[3] 0.004384200 0.004628800 0.004493600 0.004207600 0.004487400 0.004178400 0.004255000 0.004319600 0.004310100 0.004371200 
[4] 0.004205600 0.004369200 0.004348100 0.004404000 0.004170900 0.004224600 0.004529300 0.004205700 0.004362400 0.004306400 
[5] 0.004440800 0.004170000 0.004224400 0.004476400 0.004173600 0.004438200 0.004179800 0.004492100 0.004175100 0.004244600 
[6] 0.004369600 0.004324400 0.004402000 0.004177100 0.004527200 0.004174900 0.004259100 0.004378300 0.004166200 0.004527600 
[7] 0.004170000 0.004418200 0.004170200 0.004485500 0.004370800 0.004168300 0.004416000 0.004170300 0.004513000 0.004167900 
[8] 0.004207600 0.004345300 0.004168800 0.004520700 0.004168200 0.004395300 0.004172400 0.004696100 0.005360000 0.004239500 
[9] 0.004328500 0.004168900 0.004846900 0.005084800 0.005124700 0.004382200 0.004766900 0.004384800 0.004501700 0.004314800 
[AVERAGE] 0.004382380 s
[STANDARD DEVIATION] 0.000201520 s

FEN: 8/8/5p2/1P1K1k2/8/2r5/8/7R w - - 0 0
        [0]         [1]         [2]         [3]         [4]         [5]         [6]         [7]         [8]         [9]
[0] 0.002803100 0.003331100 0.002796100 0.002838300 0.003100300 0.002998000 0.002852700 0.002837400 0.003208300 0.002900400 
[1] 0.002795800 0.003193600 0.002974500 0.002838400 0.003091600 0.002989700 0.002882900 0.002796200 0.003120600 0.003008000 
[2] 0.002814100 0.003022600 0.002857100 0.002856100 0.002853400 0.002965500 0.003116500 0.002796700 0.003090600 0.002870800 
[3] 0.002840900 0.003167300 0.002797100 0.002917900 0.002795900 0.003030100 0.002877100 0.003134600 0.003055900 0.002796100 
[4] 0.002939800 0.002855900 0.002965800 0.002991700 0.002855400 0.003013800 0.002880100 0.002871200 0.003014400 0.002809800 
[5] 0.002913300 0.002877300 0.003027100 0.002868600 0.002854700 0.003027700 0.002796900 0.003103300 0.002933000 0.002993600 
[6] 0.002954400 0.002936000 0.003153600 0.002829100 0.002884800 0.003027900 0.002809200 0.003014100 0.002871500 0.003152100 
[7] 0.002840700 0.002975300 0.003013900 0.002795400 0.002982100 0.002914800 0.002966500 0.002835500 0.002945500 0.003363800 
[8] 0.002809400 0.003145000 0.003125100 0.002868400 0.003068100 0.003103300 0.002997000 0.002867100 0.002966800 0.002991200 
[9] 0.002797000 0.003062000 0.003113600 0.003205700 0.002882500 0.002987500 0.003039000 0.002920300 0.003582000 0.002994900 
[AVERAGE] 0.002963988 s
[STANDARD DEVIATION] 0.000141044 s

FEN: 5n2/R7/4pk2/8/5PK1/8/8/8 b - - 0 0
        [0]         [1]         [2]         [3]         [4]         [5]         [6]         [7]         [8]         [9]
[0] 0.000696500 0.000691100 0.000690800 0.000690000 0.000690300 0.000731700 0.000690500 0.000689900 0.000721400 0.000721500 
[1] 0.000762000 0.000732400 0.000672800 0.000672800 0.000673200 0.000672600 0.000671900 0.000672500 0.000672400 0.000761400 
[2] 0.000700400 0.000672500 0.000733900 0.000674200 0.000746900 0.000831500 0.000672200 0.000672500 0.000671200 0.000673200 
[3] 0.000672300 0.000673300 0.000672600 0.000672100 0.000740800 0.000672300 0.000673100 0.000749400 0.000731100 0.000767900 
[4] 0.000752500 0.000672300 0.000671900 0.000673000 0.000672500 0.000672400 0.000673000 0.000672800 0.000878300 0.000674000 
[5] 0.000673900 0.000734100 0.000732300 0.000843200 0.000672500 0.000672800 0.000673100 0.000672600 0.000672600 0.000672500 
[6] 0.000672700 0.000672900 0.000673200 0.000732700 0.000673300 0.000671700 0.000789400 0.000790400 0.000713200 0.000672300 
[7] 0.000672400 0.000673100 0.000672400 0.000672900 0.000672600 0.000672500 0.000672500 0.000878300 0.000796100 0.000691000 
[8] 0.000753600 0.000839600 0.000698800 0.000673500 0.000672500 0.000672500 0.000672400 0.000672800 0.000672100 0.000672300 
[9] 0.000672900 0.000766400 0.000673100 0.000673100 0.000791000 0.000671800 0.000840900 0.000672000 0.000674100 0.000671500 
[AVERAGE] 0.000703259 s
[STANDARD DEVIATION] 0.000050664 s

FEN: 3Q4/8/1k6/7p/p1p4P/2q3PB/7K/8 b - - 0 0
        [0]         [1]         [2]         [3]         [4]         [5]         [6]         [7]         [8]         [9]
[0] 0.007976600 0.007561200 0.007693600 0.007915000 0.007799300 0.009728600 0.007776100 0.007776800 0.007792500 0.007936700 
[1] 0.007706100 0.007624600 0.007708800 0.007676800 0.007913000 0.007483700 0.007761700 0.007705300 0.007920400 0.007636000 
[2] 0.007616200 0.007875600 0.007695800 0.007998500 0.007454800 0.007637500 0.007938300 0.007863400 0.008003400 0.007774700 
[3] 0.007723500 0.007966200 0.007759800 0.007515100 0.007768400 0.007717300 0.007871000 0.007539000 0.007699600 0.007974000 
[4] 0.007717200 0.007726200 0.007495600 0.007737600 0.007854600 0.007693800 0.007494300 0.008070000 0.007875200 0.007960300 
[5] 0.007857500 0.007708900 0.008093300 0.007970800 0.007942700 0.007729500 0.007821100 0.007911300 0.007943600 0.007873100 
[6] 0.007697800 0.007753600 0.007722900 0.007816600 0.007851700 0.007856200 0.007804600 0.007877700 0.007813000 0.007801000 
[7] 0.007722000 0.007815200 0.007927300 0.007769500 0.007661500 0.007735600 0.008394500 0.008969400 0.008302500 0.007775500 
[8] 0.007719900 0.007947400 0.007922100 0.007865100 0.007655600 0.007951100 0.008024200 0.007807100 0.007788800 0.007616200 
[9] 0.007789400 0.007977400 0.008172800 0.007936300 0.007876200 0.008017900 0.007846600 0.007838500 0.007768500 0.007886800 
[AVERAGE] 0.007844375 s
[STANDARD DEVIATION] 0.000272291 s

FEN: 4q3/2R4P/5R2/1p6/p3k3/P7/KP6/8 b - - 0 0
        [0]         [1]         [2]         [3]         [4]         [5]         [6]         [7]         [8]         [9]
[0] 0.016427700 0.016265900 0.016259200 0.016548800 0.016057000 0.016428700 0.016186700 0.016043600 0.016244100 0.015989800 
[1] 0.016363600 0.016397000 0.015861400 0.016287000 0.016291700 0.015982100 0.016301900 0.016097500 0.016288000 0.016081700 
[2] 0.016183600 0.016158400 0.016247800 0.016107500 0.016372500 0.016203100 0.016175300 0.016250000 0.015990900 0.016274600 
[3] 0.016039600 0.016165600 0.016465300 0.015903500 0.016320200 0.016149200 0.015935700 0.016174800 0.015922600 0.016288700 
[4] 0.016119100 0.016152800 0.016097300 0.016326200 0.016248900 0.016472400 0.016353900 0.016539100 0.016519800 0.016315500 
[5] 0.017521600 0.017331700 0.016185500 0.016050000 0.016133200 0.017074400 0.015982600 0.015949400 0.015878300 0.015861500 
[6] 0.015798600 0.015965700 0.016021800 0.015956200 0.015908200 0.015767900 0.016478700 0.016142800 0.015726400 0.016034400 
[7] 0.015756600 0.015958700 0.015837300 0.015947800 0.016119400 0.015844200 0.016011100 0.016097900 0.015901400 0.016005400 
[8] 0.016260600 0.016166000 0.016153100 0.015934700 0.016084100 0.015797900 0.016004800 0.015719000 0.016047400 0.016018300 
[9] 0.015906200 0.016023600 0.015814600 0.015959700 0.016064900 0.015804800 0.015946700 0.015773300 0.015879800 0.016047200 
[AVERAGE] 0.016135327 s
[STANDARD DEVIATION] 0.000287669 s

FEN: R7/8/5rk1/5p2/1p5P/5KP1/P7/8 b - - 0 0
        [0]         [1]         [2]         [3]         [4]         [5]         [6]         [7]         [8]         [9]
[0] 0.002732900 0.002728500 0.002953500 0.002876000 0.002743700 0.002728500 0.002921400 0.002728500 0.002729900 0.002907600 
[1] 0.002896200 0.002729400 0.002727500 0.002929100 0.002729300 0.002891300 0.002761300 0.002888600 0.002729900 0.002728700 
[2] 0.002937200 0.002727800 0.002872200 0.002727500 0.002932200 0.002738800 0.002727500 0.002760900 0.002911900 0.002865400 
[3] 0.002727500 0.002936600 0.002728200 0.002731000 0.002760100 0.002897800 0.002848900 0.002777000 0.002918600 0.002726900 
[4] 0.002728900 0.002728100 0.002923500 0.002889800 0.002730000 0.003095600 0.002732500 0.002736800 0.002819500 0.003003300 
[5] 0.002732900 0.002730400 0.003016700 0.002730400 0.002728700 0.002953000 0.002944400 0.002730300 0.002728600 0.002959100 
[6] 0.002760900 0.002726700 0.002862300 0.003104400 0.002799500 0.002728800 0.002909900 0.002775100 0.002727400 0.002728000 
[7] 0.003320300 0.003165800 0.003526900 0.003220500 0.003301200 0.002801100 0.003301900 0.002878200 0.002830200 0.002855600 
[8] 0.002958300 0.002798000 0.002798700 0.003138100 0.002757000 0.002728100 0.002888200 0.002970700 0.002813300 0.002727900 
[9] 0.003134100 0.002855900 0.002770000 0.002837100 0.003064000 0.002727500 0.002842800 0.003133900 0.002823900 0.002728100 
[AVERAGE] 0.002857786 s
[STANDARD DEVIATION] 0.000159415 s

FEN: 3k4/5ppp/2q5/3p2r1/8/1Q3P2/P4P1P/3R3K w - - 0 1
        [0]         [1]         [2]         [3]         [4]         [5]         [6]         [7]         [8]         [9]
[0] 0.041683300 0.041989200 0.041430000 0.041486700 0.041663200 0.041302300 0.041008000 0.041070400 0.041775400 0.041175100 
[1] 0.041369900 0.042044600 0.041711600 0.041270900 0.041462700 0.041812100 0.041187300 0.041085700 0.040988700 0.041078100 
[2] 0.041286800 0.041230800 0.044057000 0.041752900 0.041800900 0.041674500 0.041253300 0.041573700 0.041351700 0.041530000 
[3] 0.041207400 0.041215200 0.041089800 0.041292400 0.041109900 0.041244000 0.041648700 0.042062900 0.041630600 0.041586800 
[4] 0.041598700 0.041284700 0.040876400 0.041197400 0.040714900 0.041616300 0.043841100 0.041825600 0.041167200 0.041170300 
[5] 0.041517900 0.041380300 0.041159400 0.041306300 0.043730800 0.041074500 0.040822000 0.041161700 0.041240700 0.041509000 
[6] 0.041237000 0.041762300 0.041305200 0.041404400 0.042132700 0.042221900 0.041188600 0.041191600 0.040903400 0.040653400 
[7] 0.043130800 0.042625700 0.041078700 0.041082000 0.041729900 0.041171300 0.041014200 0.042070600 0.042102300 0.041746700 
[8] 0.041526200 0.041175400 0.040910200 0.041263000 0.041573400 0.041326300 0.040946800 0.041476600 0.041427000 0.041318300 
[9] 0.042088400 0.042296200 0.042330100 0.041085500 0.043562000 0.041416200 0.041637800 0.041108000 0.041339200 0.041559900 
[AVERAGE] 0.041535089 s
[STANDARD DEVIATION] 0.000615348 s

FEN: 4R3/1k6/1p2P1p1/p7/4r3/1P1r4/1K6/2R5 w - - 0 0
        [0]         [1]         [2]         [3]         [4]         [5]         [6]         [7]         [8]         [9]
[0] 0.026076200 0.026637900 0.026017200 0.025993700 0.026122500 0.025686900 0.026120100 0.026232000 0.026235500 0.026285000 
[1] 0.026021900 0.026159900 0.026385800 0.026002000 0.026141900 0.026066600 0.026069600 0.026224700 0.025659800 0.026193800 
[2] 0.025945800 0.026096300 0.026093300 0.026141000 0.026200800 0.026142500 0.026125100 0.025794600 0.026474300 0.027886100 
[3] 0.026462500 0.026314900 0.026040100 0.026174000 0.025939100 0.026151600 0.026030900 0.026254800 0.026166000 0.026171200 
[4] 0.026072400 0.026742400 0.026379100 0.026148100 0.027936000 0.026206700 0.026373000 0.026687200 0.026627000 0.026120700 
[5] 0.025847300 0.025888500 0.026286400 0.025689400 0.025975300 0.025893900 0.025683400 0.025789100 0.026308700 0.026354000 
[6] 0.025936000 0.026139000 0.026178300 0.026078800 0.026088900 0.026122800 0.026131500 0.028244400 0.026664800 0.026039100 
[7] 0.029451800 0.026057600 0.026075000 0.025915700 0.026016400 0.025681400 0.026104800 0.025964000 0.026214000 0.026053200 
[8] 0.025994300 0.026085900 0.026140200 0.026348300 0.026334700 0.026105000 0.026399600 0.026202000 0.026102800 0.026178100 
[9] 0.026366700 0.026418800 0.026605600 0.025910400 0.026236500 0.026147100 0.025821600 0.026066100 0.025968700 0.026023300 
[AVERAGE] 0.026225597 s
[STANDARD DEVIATION] 0.000505958 s

FEN: 5k2/R7/3K4/4p3/5P2/8/8/5r2 w - - 0 0
        [0]         [1]         [2]         [3]         [4]         [5]         [6]         [7]         [8]         [9]
[0] 0.002974000 0.003309900 0.002970200 0.002969000 0.003167200 0.003138100 0.002972400 0.003057100 0.003174700 0.002969900 
[1] 0.003100600 0.003274300 0.002999300 0.002968700 0.003380900 0.002968400 0.003180500 0.003105500 0.003156500 0.003006600 
[2] 0.003059300 0.003309400 0.002969800 0.002968700 0.003344400 0.002967500 0.002968800 0.003411100 0.002984300 0.002969900 
[3] 0.003003500 0.003135100 0.002969700 0.002968700 0.003574700 0.002970200 0.002974000 0.003172800 0.002968600 0.002969200 
[4] 0.003235700 0.003005000 0.002969800 0.003010100 0.003215200 0.002969000 0.003090200 0.004020300 0.003883100 0.003633500 
[5] 0.003091800 0.003390300 0.003234200 0.003151500 0.003046000 0.003076500 0.003585500 0.002969300 0.003087600 0.003269800 
[6] 0.003071900 0.003012200 0.003316200 0.003074400 0.003013800 0.003389400 0.003137600 0.003115000 0.003200600 0.003030100 
[7] 0.003104200 0.003303600 0.003105600 0.003104700 0.003075000 0.003128300 0.003179600 0.002970000 0.003204700 0.003058100 
[8] 0.003160600 0.003206800 0.003101900 0.003030400 0.003230700 0.003061400 0.003030200 0.003268800 0.002986800 0.003149800 
[9] 0.003028200 0.003137500 0.003118600 0.003056200 0.003188400 0.003062700 0.003028200 0.003218600 0.003066100 0.003147700 
[AVERAGE] 0.003133125 s
[STANDARD DEVIATION] 0.000185352 s

FEN: 5k2/1R6/4p1p1/1pr3Pp/7P/1K6/8/8 w - - 0 0
        [0]         [1]         [2]         [3]         [4]         [5]         [6]         [7]         [8]         [9]
[0] 0.001867200 0.001943000 0.001771600 0.001855800 0.001831600 0.001770900 0.002001600 0.001770200 0.001770100 0.002074700 
[1] 0.001863000 0.001830100 0.002111300 0.001770300 0.001832000 0.001916300 0.001770800 0.002148000 0.001830300 0.001878000 
[2] 0.001770600 0.001887500 0.002033200 0.001769700 0.001856800 0.001958200 0.001837000 0.002031900 0.001784000 0.001772400 
[3] 0.001802300 0.001871200 0.001838600 0.002005100 0.001817500 0.001952300 0.001844400 0.001874600 0.001990000 0.001772100 
[4] 0.001870700 0.001769900 0.001865300 0.002131300 0.001782900 0.001770500 0.001800300 0.001878900 0.001848900 0.001942200 
[5] 0.001770000 0.001934000 0.001791700 0.001975000 0.002016900 0.001772100 0.001809500 0.001770000 0.001857500 0.001829900 
[6] 0.001914700 0.001770300 0.001953300 0.001770700 0.001864900 0.002062000 0.001769500 0.001799900 0.001770500 0.001860800 
[7] 0.002061500 0.001793200 0.001771100 0.001808900 0.001772000 0.001919100 0.002033500 0.001770200 0.001771100 0.001770100 
[8] 0.001914700 0.002051300 0.001772500 0.001772000 0.001769900 0.001770700 0.001916300 0.001973300 0.001771000 0.001772000 
[9] 0.001770700 0.001772200 0.002056700 0.001830800 0.001769700 0.001772200 0.001771500 0.001880000 0.001947200 0.001770700 
[AVERAGE] 0.001860964 s
[STANDARD DEVIATION] 0.000101159 s

FEN: 5k2/8/p7/4K1P1/P4R2/6r1/8/8 b - - 0 0
        [0]         [1]         [2]         [3]         [4]         [5]         [6]         [7]         [8]         [9]
[0] 0.001209800 0.001206400 0.001205400 0.001202800 0.001331000 0.001364600 0.001317600 0.001203100 0.001205100 0.001203400 
[1] 0.001201900 0.001204500 0.001455900 0.001303600 0.001279200 0.001202300 0.001203400 0.001202900 0.001202500 0.001202500 
[2] 0.001454400 0.001278000 0.001291200 0.001203000 0.001203500 0.001202500 0.001203800 0.001202500 0.001308200 0.001363400 
[3] 0.001286800 0.001202800 0.001204000 0.001202500 0.001200500 0.001202500 0.001388600 0.001377600 0.001201700 0.001291100 
[4] 0.001202900 0.001202500 0.001201600 0.001202400 0.001386400 0.001306600 0.001203200 0.001262600 0.001203400 0.001306400 
[5] 0.001202900 0.001204400 0.001571200 0.001288500 0.001204200 0.001203000 0.001204400 0.001203500 0.001203800 0.001201400 
[6] 0.001351300 0.001333900 0.001205900 0.001290100 0.001203000 0.001203800 0.001203700 0.001202100 0.001909400 0.001405600 
[7] 0.001202400 0.001289900 0.001204500 0.001204500 0.001202500 0.001263700 0.001373000 0.001296900 0.001202600 0.001409900 
[8] 0.001206800 0.001204500 0.001204700 0.001240500 0.001364400 0.001221700 0.001219600 0.001251100 0.001203100 0.001203000 
[9] 0.001203400 0.001246700 0.001363600 0.001204300 0.001579400 0.001242400 0.001205900 0.001203400 0.001203400 0.001267300 
[AVERAGE] 0.001261397 s
[STANDARD DEVIATION] 0.000103597 s

FEN: 8/8/8/p2r1k2/7p/PP1RK3/6P1/8 b - - 0 0
        [0]         [1]         [2]         [3]         [4]         [5]         [6]         [7]         [8]         [9]
[0] 0.002735200 0.002598200 0.002564200 0.002838300 0.002597600 0.002599300 0.002563000 0.002763800 0.002598400 0.002681700 
[1] 0.002598600 0.002813700 0.002606300 0.002601000 0.002599100 0.002721600 0.004106100 0.002628700 0.002776600 0.002612800 
[2] 0.002596200 0.002675700 0.002722600 0.002609700 0.002600100 0.002693400 0.002652800 0.002740400 0.002561900 0.002778100 
[3] 0.002599200 0.002599200 0.002562600 0.002766100 0.002709200 0.002598400 0.002610000 0.002732000 0.002612700 0.002605700 
[4] 0.002954700 0.002564300 0.002597700 0.002611200 0.002780800 0.002608000 0.002849800 0.002567300 0.002766400 0.002596300 
[5] 0.002606600 0.002595600 0.002736000 0.002753000 0.002597600 0.002770300 0.002564600 0.002606000 0.002594300 0.003176400 
[6] 0.002793700 0.002747900 0.002640300 0.002713600 0.002704900 0.002640200 0.002800700 0.002570000 0.002690200 0.002627800 
[7] 0.002788400 0.002565500 0.002757900 0.002567200 0.002760300 0.002567800 0.002628600 0.002843000 0.002631700 0.002565500 
[8] 0.002761500 0.002797000 0.002567800 0.002817100 0.002660000 0.002811400 0.002565200 0.002626500 0.002713500 0.002733100 
[9] 0.002565700 0.002675700 0.002849500 0.002566400 0.002566000 0.002730500 0.002782500 0.002563300 0.002883500 0.002751300 
[AVERAGE] 0.002691198 s
[STANDARD DEVIATION] 0.000177440 s

FEN: 8/8/8/1P4p1/5k2/5p2/P6K/8 b - - 0 0
        [0]         [1]         [2]         [3]         [4]         [5]         [6]         [7]         [8]         [9]
[0] 0.000099900 0.000095600 0.000094600 0.000093700 0.000093400 0.000152300 0.000128200 0.000122800 0.000090900 0.000091000 
[1] 0.000091000 0.000090800 0.000090600 0.000090800 0.000090600 0.000090900 0.000090700 0.000090900 0.000090900 0.000090900 
[2] 0.000090700 0.000090500 0.000090600 0.000090600 0.000090700 0.000090500 0.000090700 0.000090700 0.000090600 0.000090700 
[3] 0.000090900 0.000090800 0.000090700 0.000094200 0.000090800 0.000090800 0.000090700 0.000090600 0.000090700 0.000090600 
[4] 0.000090700 0.000090700 0.000090900 0.000090800 0.000090700 0.000090700 0.000090600 0.000090700 0.000090700 0.000130700 
[5] 0.000103700 0.000090800 0.000090500 0.000090700 0.000090500 0.000090800 0.000090700 0.000090700 0.000090500 0.000090700 
[6] 0.000119900 0.000121600 0.000105000 0.000090700 0.000090800 0.000090800 0.000090500 0.000090600 0.000090700 0.000090600 
[7] 0.000164400 0.000104300 0.000090500 0.000090600 0.000090600 0.000090500 0.000090700 0.000090500 0.000090800 0.000090600 
[8] 0.000090600 0.000090400 0.000090500 0.000090700 0.000090600 0.000090700 0.000090700 0.000090600 0.000090900 0.000090600 
[9] 0.000090900 0.000090600 0.000135800 0.000105400 0.000090600 0.000090500 0.000090600 0.000090700 0.000090600 0.000090700 
[AVERAGE] 0.000095018 s
[STANDARD DEVIATION] 0.000012715 s

FEN: 3b2k1/1p3p2/p1p5/2P4p/1P2P1p1/5p2/5P2/4RK2 w - - 0 0
        [0]         [1]         [2]         [3]         [4]         [5]         [6]         [7]         [8]         [9]
[0] 0.001875900 0.001522200 0.001478300 0.001604200 0.001614700 0.001479200 0.001744000 0.001493400 0.001534100 0.001507700 
[1] 0.001475700 0.001539500 0.001578900 0.001647600 0.001473300 0.001489900 0.001669400 0.001567900 0.001476500 0.001697300 
[2] 0.001568100 0.001475300 0.001506600 0.001521400 0.001569500 0.001650400 0.001619100 0.001592200 0.001506200 0.001476200 
[3] 0.001476300 0.001565300 0.001757800 0.001476400 0.001478100 0.001476600 0.001476900 0.001630500 0.001565600 0.001681300 
[4] 0.001474800 0.001477900 0.001477700 0.001578600 0.001583600 0.001809000 0.001475500 0.001477500 0.001478800 0.001475300 
[5] 0.001475100 0.001662900 0.001695300 0.001475700 0.001476600 0.001475400 0.001476500 0.001571400 0.001611800 0.001554200 
[6] 0.001478600 0.001479200 0.001477800 0.001477100 0.001643400 0.001738600 0.001476000 0.001478000 0.001475800 0.001476200 
[7] 0.001475800 0.001709100 0.001582700 0.001477600 0.001475800 0.001475500 0.001476900 0.001896000 0.001552000 0.001563100 
[8] 0.001475800 0.001476000 0.001477500 0.001477100 0.001679600 0.001537000 0.001477300 0.001477600 0.001478300 0.001477500 
[9] 0.001631100 0.001680600 0.001546600 0.001483300 0.001477100 0.001477900 0.001537200 0.001706900 0.001501900 0.001535400 
[AVERAGE] 0.001548200 s
[STANDARD DEVIATION] 0.000095845 s

FEN: 5k2/3R4/2K1p1p1/4P1P1/5P2/8/3r4/8 b - - 0 0
        [0]         [1]         [2]         [3]         [4]         [5]         [6]         [7]         [8]         [9]
[0] 0.002268700 0.002259200 0.002553100 0.002380800 0.002258700 0.002260900 0.002490400 0.002366500 0.002345700 0.002258500 
[1] 0.002423600 0.002544800 0.002329800 0.002257500 0.002258000 0.002533300 0.002392500 0.002257200 0.002256200 0.002512800 
[2] 0.002352000 0.002388900 0.002257000 0.002489600 0.002320800 0.002401000 0.002257800 0.002352900 0.002430900 0.002333200 
[3] 0.002319400 0.002423800 0.002432300 0.002940900 0.002606300 0.003100600 0.002524800 0.002579100 0.002332900 0.002782600 
[4] 0.002334800 0.002416600 0.002344200 0.002488000 0.002272100 0.002386600 0.002394800 0.002293600 0.002478600 0.002469700 
[5] 0.002530900 0.002365300 0.002473200 0.002303100 0.002346500 0.002464700 0.002474900 0.002313600 0.002467000 0.002321800 
[6] 0.002633000 0.002257700 0.002390400 0.002466200 0.002476000 0.002259000 0.002596300 0.002346900 0.002491000 0.002259200 
[7] 0.002257600 0.002353400 0.002406900 0.002428100 0.002257500 0.002447500 0.002526600 0.002466600 0.002257500 0.002346100 
[8] 0.002404900 0.002432200 0.002259400 0.002372500 0.002347400 0.002492500 0.002258700 0.002258500 0.002398200 0.002518400 
[9] 0.002260100 0.002260400 0.002464000 0.002485800 0.002457600 0.002257900 0.002352200 0.002379000 0.002442800 0.002335000 
[AVERAGE] 0.002401360 s
[STANDARD DEVIATION] 0.000138563 s

FEN: 6k1/6pp/5p2/8/5P2/P7/2K4P/8 b - - 0 0
        [0]         [1]         [2]         [3]         [4]         [5]         [6]         [7]         [8]         [9]
[0] 0.000347800 0.000269900 0.000249900 0.000234600 0.000232900 0.000234100 0.000234000 0.000343300 0.000234100 0.000234300 
[1] 0.000233800 0.000234100 0.000233800 0.000233900 0.000234100 0.000249800 0.000292000 0.000233800 0.000233800 0.000234200 
[2] 0.000293600 0.000233700 0.000264500 0.000375400 0.000233900 0.000233700 0.000234100 0.000387500 0.000297200 0.000311200 
[3] 0.000313300 0.000303600 0.000276100 0.000234000 0.000233900 0.000234000 0.000234100 0.000232900 0.000233400 0.000234200 
[4] 0.000233900 0.000232800 0.000234100 0.000234100 0.000234400 0.000233500 0.000320400 0.000234400 0.000234200 0.000339500 
[5] 0.000233700 0.000233800 0.000233000 0.000234200 0.000265200 0.000262800 0.000234000 0.000294300 0.000233400 0.000233700 
[6] 0.000233800 0.000380100 0.000264200 0.000240200 0.000239900 0.000239200 0.000238800 0.000239800 0.000240300 0.000239800 
[7] 0.000239200 0.000239300 0.000240000 0.000240100 0.000239700 0.000239000 0.000239700 0.000239100 0.000240200 0.000240100 
[8] 0.000240400 0.000240500 0.000239500 0.000239600 0.000240100 0.000239800 0.000358900 0.000241300 0.000240300 0.000240700 
[9] 0.000240100 0.000239900 0.000240100 0.000240200 0.000300000 0.000240000 0.000240100 0.000271400 0.000239600 0.000239900 
[AVERAGE] 0.000253768 s
[STANDARD DEVIATION] 0.000036155 s

FEN: 8/3R4/8/r3N2p/P1Pp1P2/2k2K1P/3r4/8 w - - 0 0
        [0]         [1]         [2]         [3]         [4]         [5]         [6]         [7]         [8]         [9]
[0] 0.010809400 0.010830400 0.010665200 0.010804600 0.010691200 0.010708900 0.010678100 0.010747100 0.010933100 0.011162700 
[1] 0.010784200 0.010840900 0.011294900 0.010837800 0.010963900 0.010797800 0.010839300 0.010660100 0.010702300 0.010622700 
[2] 0.010871300 0.010673800 0.010582800 0.010752500 0.010805300 0.010717900 0.010754100 0.010570400 0.010671300 0.010566900 
[3] 0.010803500 0.010633700 0.010531400 0.010628300 0.010548600 0.010935700 0.010678700 0.010573800 0.010665300 0.011044200 
[4] 0.010626600 0.010655400 0.010497300 0.010887000 0.010458500 0.010647900 0.010533600 0.010664100 0.010548500 0.010717100 
[5] 0.010664700 0.010543200 0.010528700 0.010628200 0.010527800 0.010712100 0.011790000 0.010960200 0.010713300 0.010546200 
[6] 0.010619400 0.010545900 0.011076000 0.010781900 0.010694600 0.010647100 0.010769200 0.011192600 0.010561200 0.010667400 
[7] 0.010560600 0.010665200 0.010642600 0.010527500 0.010667600 0.011382400 0.011878500 0.011178300 0.010855000 0.010931200 
[8] 0.010831500 0.010855200 0.010848500 0.010620500 0.010844700 0.010979600 0.010745500 0.010675000 0.010650000 0.010928200 
[9] 0.010576300 0.010901200 0.010640700 0.010552800 0.010686400 0.010649900 0.010888600 0.010674900 0.010539600 0.010678300 
[AVERAGE] 0.010758461 s
[STANDARD DEVIATION] 0.000233220 s

FEN: 6k1/8/6r1/8/5b2/2PR4/4K3/8 w - - 0 0        [0]         [1]         [2]         [3]         [4]         [5]         [6]         [7]         [8]         [9]
[0] 0.004984400 0.005200700 0.004995900 0.004725500 0.004999400 0.004873400 0.004992900 0.004723200 0.005095100 0.004720300 
[1] 0.004822400 0.004873000 0.004901800 0.004895800 0.004806900 0.005151100 0.004909100 0.005001400 0.004752700 0.005019700 
[2] 0.004811000 0.004923900 0.004837900 0.004958000 0.004759000 0.004939400 0.005084700 0.005140200 0.004830100 0.004992200 
[3] 0.004889800 0.004951500 0.004763300 0.005167600 0.004764600 0.005005000 0.004760200 0.005302900 0.004837400 0.005036500 
[4] 0.004718100 0.005044900 0.004725700 0.004957700 0.004716900 0.005086300 0.004723700 0.004926500 0.004721500 0.005213600 
[5] 0.004720000 0.004936100 0.004756300 0.005040800 0.004779400 0.004923700 0.004754400 0.005022900 0.004788800 0.005003300 
[6] 0.004794000 0.005094300 0.004884600 0.004918000 0.004838200 0.004951700 0.004868100 0.004753100 0.004987500 0.004890500 
[7] 0.005047900 0.004752100 0.004961900 0.004722700 0.005204700 0.004787100 0.004917700 0.004797300 0.005142600 0.004719400 
[8] 0.004953100 0.004843100 0.004949900 0.004755300 0.005493600 0.005882500 0.004916200 0.004754300 0.005107100 0.004785300 
[9] 0.004946600 0.004886500 0.004987300 0.004751900 0.005167100 0.004757300 0.004994000 0.004756100 0.005021300 0.004802200 
[AVERAGE] 0.004923046 s
[STANDARD DEVIATION] 0.000180029 s

----------------------------------- AVERAGES ------------------------------------------


---------- REGULAR POSITIONS ----------

    [AVERAGE (s)]    [STANDARD DEVIATION (s)]
 [0] 0.075187466          0.006618240
 [1] 0.065912239          0.003245502
 [2] 0.094749543          0.003984661
 [3] 0.066725423          0.003551418
 [4] 0.091179983          0.004024330
 [5] 0.216991959          0.008312539
 [6] 0.233224542          0.006568868
 [7] 0.111382830          0.006427844
 [8] 0.124322577          0.006258582
 [9] 0.091085984          0.004140563
[10] 0.122187549          0.006259632
[11] 0.047895801          0.001460301
[12] 0.072421795          0.002827143
[13] 0.029210091          0.000748202
[14] 0.160310455          0.007355853
[15] 0.062020106          0.003043800
[16] 0.264074519          0.010053172
[17] 0.097596618          0.002899885
[18] 0.172887475          0.006552660
[19] 0.091405386          0.003630434

---------- TACTICAL POSITINOS ----------

    [AVERAGE (s)]    [STANDARD DEVIATION (s)]
 [0] 0.018152323          0.000987508
 [1] 0.065740964          0.002762635
 [2] 0.021945489          0.001259644
 [3] 0.205404082          0.008854183
 [4] 0.168386538          0.006138012
 [5] 0.023725592          0.000890195
 [6] 0.090812370          0.000982914
 [7] 0.271750735          0.012720452
 [8] 0.067779159          0.003962632
 [9] 0.142166785          0.007219443
[10] 0.129243818          0.005525258
[11] 0.002774889          0.000198768
[12] 0.057926380          0.003544889
[13] 0.008137156          0.000314188
[14] 0.107103194          0.004858122
[15] 0.006615915          0.000543152
[16] 0.153070745          0.008357614
[17] 0.022464996          0.001414020
[18] 0.092749717          0.004338391
[19] 0.040949849          0.000988217

---------- SMALL POSITIONS ----------

    [AVERAGE (s)]    [STANDARD DEVIATION (s)]
 [0] 0.000079630          0.000016691
 [1] 0.003955253          0.000174031
 [2] 0.004382380          0.000201520
 [3] 0.002963988          0.000141044
 [4] 0.000703259          0.000050664
 [5] 0.007844375          0.000272291
 [6] 0.016135327          0.000287669
 [7] 0.002857786          0.000159415
 [8] 0.041535089          0.000615348
 [9] 0.026225597          0.000505958
[10] 0.003133125          0.000185352
[11] 0.001860964          0.000101159
[12] 0.001261397          0.000103597
[13] 0.002691198          0.000177440
[14] 0.000095018          0.000012715
[15] 0.001548200          0.000095845
[16] 0.002401360          0.000138563
[17] 0.000253768          0.000036155
[18] 0.010758461          0.000233220
[19] 0.004923046          0.000180029


----------------------------------- AVERAGES ------------------------------------------





---------- SUMMARY ----------

0.075187466 0.065912239 0.094749543 0.066725423 0.091179983 0.216991959 0.233224542 0.111382830 0.124322577 0.091085984 0.122187549 0.047895801 0.072421795 0.029210091 0.160310455 0.062020106 0.264074519 0.097596618 0.172887475 0.091405386 
0.018152323 0.065740964 0.021945489 0.205404082 0.168386538 0.023725592 0.090812370 0.271750735 0.067779159 0.142166785 0.129243818 0.002774889 0.057926380 0.008137156 0.107103194 0.006615915 0.153070745 0.022464996 0.092749717 0.040949849 
0.000079630 0.003955253 0.004382380 0.002963988 0.000703259 0.007844375 0.016135327 0.002857786 0.041535089 0.026225597 0.003133125 0.001860964 0.001261397 0.002691198 0.000095018 0.001548200 0.002401360 0.000253768 0.010758461 0.004923046 

