0.013141668 0.035848529 0.016171041 0.108078102 0.072321679 0.013886273 0.063523700 0.141158809 0.043618021 0.063503265 0.058507367 0.002894157 0.035492505 0.005860613 0.058999036 0.006606400 0.086174879 0.014889430 0.056695215 0.026976371 
0.000142213 0.004169694 0.004788285 0.003793128 0.001036957 0.005050322 0.015104145 0.003530682 0.037437105 0.023790639 0.004444219 0.002326705 0.002194318 0.003074887 0.000219050 0.001415757 0.002931021 0.000377332 0.011305610 0.006537597 
0.005390550 0.003990592 0.001179224 
0.009522409 0.023986051 0.010009620 0.074684643 0.053281871 0.011072228 0.038973249 0.091911481 0.030276175 0.046723012 0.043152254 0.002287790 0.024288777 0.004211060 0.042928619 0.005773600 0.058916497 0.009228105 0.037235013 0.019064843 
0.000125444 0.003792515 0.003930335 0.002873647 0.000769723 0.003544603 0.010493097 0.002969276 0.023504008 0.015058607 0.002962341 0.001761492 0.001637994 0.002157777 0.000159031 0.001104971 0.002241830 0.000270419 0.007958442 0.004459805 
0.002603787 0.003368697 0.000596611 
0.003543548 0.016393690 0.002916312 0.028991001 0.015471360 0.001503485 0.004938049 0.039882249 0.008038339 0.039652844 0.013682304 0.002863921 0.011996349 0.001842823 0.011744489 0.015162196 0.017088904 0.004332193 0.013091960 0.009442037 
0.000042877 0.002577050 0.003004889 0.002102799 0.000574980 0.003472735 0.010693370 0.001095927 0.007632691 0.008050199 0.000720005 0.001983307 0.001013657 0.001038888 0.000217200 0.000582591 0.001202249 0.000087220 0.002037016 0.001980282 
0.003053954 0.000314603 0.000274577 
0.002450238 0.029455710 0.003898285 0.007879311 0.006667395 0.002080908 0.005292074 0.021516843 0.007023698 0.004685922 0.007170022 0.000451188 0.005904834 0.001232668 0.005469561 0.000477105 0.007894845 0.001102863 0.006495561 0.002310164 
0.000100747 0.002649283 0.002625884 0.001485087 0.000527076 0.000746385 0.002894075 0.001650512 0.011318478 0.004078005 0.000814239 0.000758059 0.000721719 0.000641763 0.000217722 0.001392664 0.001070085 0.000151939 0.004036045 0.001759255 
0.001359722 0.000450292 0.000131244 
0.017353394 0.062733365 0.020760434 0.231029863 0.179691487 0.024253418 0.098815144 0.268364336 0.068124127 0.144736662 0.133557728 0.002719715 0.056427183 0.007850628 0.106416715 0.006026392 0.165235735 0.025669218 0.089594094 0.042320986 
0.000073748 0.004327359 0.004641713 0.003041993 0.000689269 0.007745664 0.016840581 0.003057955 0.043250487 0.025725491 0.003173880 0.002012379 0.001241639 0.002637441 0.000091543 0.001509100 0.002377919 0.000241584 0.011206861 0.004874476 
0.005929295 0.019829254 0.000950460 
0.018817210 0.072248370 0.023067608 0.211584906 0.180062654 0.033660802 0.140269917 0.298862600 0.077204210 0.152806187 0.136363971 0.003120337 0.064320967 0.009082887 0.118695539 0.006861932 0.162573881 0.023816927 0.105304231 0.049026591 
0.000085414 0.004558982 0.004902082 0.003417857 0.000796637 0.008753823 0.018060506 0.003271941 0.049541523 0.029212657 0.003379262 0.001998121 0.001376249 0.003428328 0.000116874 0.001774826 0.002603825 0.000264927 0.011688094 0.005426547 
0.006959532 0.012249575 0.000838332 
0.001112206 0.007648373 0.008194209 0.032081941 0.016948191 0.001903840 0.019156862 0.030288208 0.002715249 0.011248209 0.009979753 0.000314216 0.004447576 0.000963186 0.007219741 0.005461248 0.003795778 0.007595269 0.015374105 0.005429343 
0.000012366 0.000554433 0.000595474 0.000677212 0.000199717 0.004309464 0.002361150 0.000561839 0.006021033 0.001809947 0.000207210 0.000696654 0.000787924 0.000386145 0.000044238 0.000334438 0.000365200 0.000036809 0.001139692 0.000940070 
0.000856355 0.001106846 0.000136505 
0.000247335 0.000147068 0.000043510 0.001210042 0.000128184 0.000025074 0.000012480 0.000128987 0.000016547 0.000097406 0.000144071 0.000031960 0.000562887 0.000036162 0.000101041 0.000021817 0.000186372 0.000039122 0.000784453 0.000100937 
0.000011583 0.000148504 0.000278286 0.000027358 0.000019966 0.000107944 0.000395374 0.000179910 0.000029284 0.000014646 0.000017210 0.000013736 0.000023422 0.000142558 0.000024359 0.000028381 0.000090055 0.000021909 0.000050216 0.000068577 
0.000083885 0.000047224 0.000023182 
