FEN: rn1q1rk1/pbp2pp1/1p2pb1p/3p4/2PP4/2N1PN2/PP2BPPP/R2QK2R w KQ - 0 10
        [0]         [1]         [2]         [3]         [4]         [5]         [6]         [7]         [8]         [9]
[0] 0.004510700 0.004588400 0.004444500 0.004383400 0.005347900 0.004632600 0.004425500 0.004641500 0.004449800 0.004324600 
[1] 0.004689200 0.004883200 0.004757400 0.004546300 0.004685000 0.004667800 0.004745900 0.004703500 0.004665600 0.004761900 
[2] 0.004623100 0.004851400 0.004897300 0.004639700 0.004581300 0.004926700 0.004546800 0.004622500 0.004543400 0.004690800 
[3] 0.004557100 0.004440000 0.004609200 0.004276100 0.004355400 0.004315200 0.004270600 0.004673100 0.004313900 0.004315900 
[4] 0.004272500 0.004535300 0.004386900 0.004271000 0.004572800 0.004272800 0.004272400 0.004269800 0.004569300 0.004273100 
[5] 0.004271300 0.004272300 0.004684500 0.004272700 0.004274100 0.004453900 0.004273900 0.004541900 0.004479000 0.004915500 
[6] 0.005110300 0.005114700 0.005147300 0.005346500 0.005142700 0.005077000 0.005186800 0.005123900 0.005146900 0.005443300 
[7] 0.005078400 0.005155800 0.005261200 0.005204700 0.005381000 0.005262100 0.005187200 0.005027400 0.005038300 0.005423900 
[8] 0.005078700 0.005043300 0.005178000 0.005163500 0.005113600 0.005348100 0.005062000 0.005666000 0.006558400 0.005402500 
[9] 0.005291400 0.005314300 0.005450700 0.005013500 0.005587900 0.005751300 0.006260100 0.006202100 0.005896500 0.005503100 
[AVERAGE] 0.004857836 s
[STANDARD DEVIATION] 0.000485489 s

FEN: rn1q1rk1/pp2ppbp/2p3p1/3p1b2/2PPn3/1P3NP1/P2NPPBP/R1BQ1RK1 w - - 1 9
        [0]         [1]         [2]         [3]         [4]         [5]         [6]         [7]         [8]         [9]
[0] 0.005883900 0.005693300 0.005338900 0.008697200 0.007610600 0.011308400 0.008212500 0.006710300 0.005822900 0.005458300 
[1] 0.005058600 0.005012600 0.004986500 0.005409300 0.005002000 0.004999600 0.005201100 0.004922400 0.004904400 0.005151700 
[2] 0.004829700 0.005461000 0.005337900 0.005191300 0.005214800 0.004981000 0.005771400 0.006077200 0.005838100 0.006114900 
[3] 0.005734500 0.006260800 0.006059900 0.006432600 0.005539200 0.005637800 0.005812000 0.006190700 0.005802300 0.005951300 
[4] 0.005928300 0.005873400 0.006194800 0.006392900 0.007198600 0.006005900 0.006004000 0.005724100 0.006556100 0.006481800 
[5] 0.005956200 0.005911500 0.006006700 0.005959600 0.005944000 0.005971700 0.005943200 0.005659600 0.005808900 0.005927200 
[6] 0.006124500 0.006004100 0.006106900 0.005609200 0.005692600 0.006038000 0.005482100 0.005700200 0.005967400 0.005986900 
[7] 0.005519800 0.005574200 0.005708000 0.005362200 0.005190500 0.005667300 0.007203500 0.005552700 0.005540300 0.005052100 
[8] 0.005732200 0.005340500 0.005709500 0.006483100 0.006446600 0.005868500 0.005603500 0.005947200 0.005740500 0.005436400 
[9] 0.005419000 0.005899800 0.005581800 0.005636400 0.006798200 0.005572600 0.006022200 0.005645000 0.005557600 0.005634500 
[AVERAGE] 0.005882290 s
[STANDARD DEVIATION] 0.000825831 s

FEN: 1rbq1rk1/pp2ppbp/2n2np1/2pp4/5P2/N1PP1NP1/PP2P1BP/R1BQ1RK1 w - - 3 9
        [0]         [1]         [2]         [3]         [4]         [5]         [6]         [7]         [8]         [9]
[0] 0.014403200 0.013898900 0.013577900 0.013325300 0.013809400 0.013463400 0.013090000 0.013982100 0.017439300 0.013446800 
[1] 0.013333200 0.012384800 0.011886400 0.014577500 0.013324400 0.012258400 0.012403400 0.011986700 0.011896100 0.012043600 
[2] 0.012151600 0.011881000 0.012064700 0.011812000 0.012232400 0.012065800 0.012090100 0.011813700 0.012157200 0.012282800 
[3] 0.011814800 0.012131800 0.012130800 0.011949200 0.013089100 0.013939200 0.014296200 0.012785100 0.013092700 0.013294900 
[4] 0.013611900 0.012697700 0.012232500 0.011901300 0.013804500 0.013455700 0.014157900 0.013857300 0.012979300 0.012869200 
[5] 0.014336200 0.014097300 0.014085200 0.014182400 0.014707000 0.013661000 0.013428900 0.013659300 0.013946500 0.013111800 
[6] 0.013634100 0.013875100 0.014101000 0.014380100 0.013906300 0.013728200 0.013397800 0.013859600 0.014157600 0.013779600 
[7] 0.013695300 0.013707700 0.013660900 0.013583900 0.013579200 0.013080500 0.014272000 0.012724200 0.013384100 0.013545700 
[8] 0.013274100 0.012602700 0.013110600 0.012406500 0.013298700 0.013820400 0.013423300 0.012686200 0.012337000 0.013574200 
[9] 0.012023500 0.012071500 0.011993600 0.012137200 0.011815600 0.012105100 0.011944000 0.012135100 0.011894600 0.012137200 
[AVERAGE] 0.013112328 s
[STANDARD DEVIATION] 0.000940183 s

FEN: r2qkb1r/pp1n1ppp/2p2n2/3pp3/6b1/3P1NP1/PPPNPPBP/R1BQ1RK1 w kq - 0 7
        [0]         [1]         [2]         [3]         [4]         [5]         [6]         [7]         [8]         [9]
[0] 0.007263800 0.007489800 0.007261500 0.007663600 0.007252000 0.008164400 0.007558300 0.007569900 0.008801900 0.007733200 
[1] 0.008065700 0.008521200 0.007931000 0.008858500 0.009194100 0.010314000 0.009304000 0.008675700 0.009007300 0.008676500 
[2] 0.008499900 0.008521000 0.008526600 0.008371900 0.008043500 0.008302900 0.007839800 0.007634000 0.007466000 0.007653100 
[3] 0.007298000 0.007743500 0.007309100 0.007350000 0.007511700 0.007252100 0.007522000 0.007254700 0.007530000 0.007255400 
[4] 0.007673200 0.007598200 0.007664300 0.007251700 0.007481600 0.007252900 0.007472800 0.007331700 0.007490300 0.008808600 
[5] 0.007323000 0.007281900 0.007735000 0.007532300 0.007539400 0.007308600 0.008513000 0.007696900 0.007437500 0.007596200 
[6] 0.007715700 0.008027700 0.007676600 0.007396900 0.007804700 0.007446600 0.007569100 0.007255800 0.007560200 0.007371600 
[7] 0.007626300 0.007312000 0.007300400 0.007573800 0.007282300 0.008637500 0.009142200 0.009060900 0.009029100 0.008899000 
[8] 0.008978600 0.008088800 0.008765800 0.008300000 0.008181400 0.008407300 0.008428400 0.008558500 0.008377500 0.008806300 
[9] 0.008648000 0.008596900 0.008368200 0.008047900 0.008795800 0.008068100 0.007928300 0.007671500 0.008022500 0.008799300 
[AVERAGE] 0.007977082 s
[STANDARD DEVIATION] 0.000634665 s

FEN: rnbqkb1r/pp3pp1/2p1pn1p/8/2pP3B/2N2N2/PP2PPPP/R2QKB1R w KQkq - 0 7
        [0]         [1]         [2]         [3]         [4]         [5]         [6]         [7]         [8]         [9]
[0] 0.014131500 0.015669000 0.014240500 0.014437000 0.014255100 0.014442400 0.014135500 0.014561700 0.014326800 0.013895700 
[1] 0.015379500 0.014020000 0.014156700 0.014791700 0.014523500 0.014797500 0.014563800 0.014421900 0.014642700 0.014315200 
[2] 0.014025300 0.013651100 0.012661000 0.014289600 0.012990700 0.012636700 0.012800700 0.012478400 0.012561300 0.012572000 
[3] 0.012689300 0.012565300 0.012316900 0.012670900 0.012673400 0.012317600 0.012558600 0.012532300 0.012667500 0.013669300 
[4] 0.013109700 0.012831900 0.012438200 0.012665400 0.012394900 0.012576200 0.012573500 0.012605300 0.012894800 0.012322800 
[5] 0.012717600 0.012443600 0.013603600 0.013845100 0.014899400 0.013693300 0.013433300 0.014436300 0.013240300 0.013180500 
[6] 0.012781100 0.012980500 0.014564100 0.013315100 0.013235100 0.012714900 0.012691800 0.012611000 0.012324600 0.012642900 
[7] 0.017104100 0.013511200 0.012636200 0.012742900 0.012882600 0.012824100 0.013427100 0.013095300 0.012612700 0.012809300 
[8] 0.012700300 0.012416300 0.012669300 0.012568800 0.012566100 0.012689700 0.012569400 0.012323200 0.012595100 0.012322100 
[9] 0.012679800 0.014149900 0.015238700 0.014127500 0.013400200 0.013997300 0.018430700 0.015334100 0.015091500 0.014819200 
[AVERAGE] 0.013451371 s
[STANDARD DEVIATION] 0.001088695 s

FEN: r3k2r/pppqb1pp/2np1n2/4p2b/P1B1P3/2N1BN1P/1PP2PP1/R2Q1RK1 b kq - 0 11
        [0]         [1]         [2]         [3]         [4]         [5]         [6]         [7]         [8]         [9]
[0] 0.010322600 0.010037400 0.010507000 0.009844700 0.009419300 0.010821100 0.010481900 0.011521900 0.010236900 0.010261200 
[1] 0.010529100 0.010030200 0.009360200 0.009337100 0.009227500 0.011048800 0.010093200 0.010601500 0.009681300 0.010683000 
[2] 0.010884900 0.010242600 0.009984500 0.010382300 0.009716400 0.010773000 0.010731300 0.009722000 0.010706700 0.010943500 
[3] 0.011339300 0.010664900 0.010528700 0.010315800 0.011144600 0.010748200 0.010379300 0.011636100 0.011878000 0.010780200 
[4] 0.010639400 0.010710600 0.011598900 0.010826800 0.010835700 0.011092100 0.010729600 0.010683000 0.010816000 0.010423200 
[5] 0.010837500 0.010798700 0.011164900 0.011269200 0.011170500 0.010904500 0.011084000 0.011433200 0.011091000 0.011229300 
[6] 0.011387600 0.011510900 0.010835700 0.010629000 0.010691700 0.010434800 0.010380800 0.010987600 0.010029700 0.010260800 
[7] 0.010623300 0.010733500 0.010872200 0.010152600 0.011291700 0.010863100 0.010657300 0.010878200 0.010597200 0.010743800 
[8] 0.010305400 0.010405300 0.011441800 0.010629500 0.010778400 0.010267600 0.010787100 0.010660800 0.010528000 0.009894900 
[9] 0.010686000 0.009868200 0.009536700 0.010470800 0.009698000 0.009638300 0.009232400 0.009520000 0.009258000 0.009297700 
[AVERAGE] 0.010543527 s
[STANDARD DEVIATION] 0.000590588 s

FEN: r3k2r/1ppqb1pp/p1np1n2/4p2b/P1B1P3/2N1BN1P/1PP2PP1/R2QR1K1 b kq - 1 12
        [0]         [1]         [2]         [3]         [4]         [5]         [6]         [7]         [8]         [9]
[0] 0.009577600 0.009153000 0.009118900 0.009466800 0.009112800 0.009416500 0.008959500 0.009605800 0.009534700 0.009040200 
[1] 0.010217800 0.009263500 0.008880100 0.009666300 0.010377100 0.009696900 0.009594400 0.010542700 0.009477200 0.009578700 
[2] 0.009889700 0.009434800 0.009394900 0.009041800 0.009933300 0.009156600 0.009820500 0.009428000 0.008990100 0.009558100 
[3] 0.010344000 0.009875000 0.009438100 0.009647100 0.009009500 0.009565100 0.009042800 0.009349800 0.009131600 0.008728100 
[4] 0.009589600 0.008834600 0.009892100 0.008753000 0.009847700 0.009652500 0.008726700 0.010159000 0.010017500 0.010591300 
[5] 0.010889400 0.009707000 0.009549400 0.009999000 0.009843500 0.009463000 0.009502300 0.009650000 0.009615200 0.009107100 
[6] 0.009147600 0.010208100 0.008815800 0.009292700 0.009796400 0.008988400 0.010031700 0.010183100 0.009679000 0.009776200 
[7] 0.010697000 0.010201800 0.009901400 0.008987600 0.010020600 0.010000200 0.010374900 0.010462300 0.009603100 0.009132600 
[8] 0.009812400 0.009155200 0.009328400 0.009052500 0.009566200 0.010092600 0.009736500 0.008842300 0.008624900 0.009260500 
[9] 0.009491300 0.009954700 0.008904700 0.009895100 0.008791300 0.008756300 0.009577800 0.008937700 0.008814200 0.008493600 
[AVERAGE] 0.009528380 s
[STANDARD DEVIATION] 0.000509649 s

FEN: rn1qkb1r/1pp2ppp/p3bn2/3p2B1/3P4/2N1PN2/PP3PPP/R2QKB1R b KQkq - 0 7
        [0]         [1]         [2]         [3]         [4]         [5]         [6]         [7]         [8]         [9]
[0] 0.015020600 0.015521500 0.015045900 0.015069600 0.015106200 0.015421100 0.015333200 0.015174100 0.015003300 0.015264300 
[1] 0.015108300 0.015247700 0.014937800 0.015505500 0.015449400 0.015197700 0.014984000 0.016702900 0.015404200 0.015127500 
[2] 0.015033800 0.016401500 0.017253300 0.018379200 0.017434800 0.016878400 0.016851700 0.017080900 0.016842100 0.016576600 
[3] 0.015070000 0.015056000 0.015011300 0.015163300 0.015166100 0.014951800 0.015015000 0.014812600 0.015473000 0.014909200 
[4] 0.014919400 0.015638000 0.016433700 0.015437800 0.016218000 0.015409800 0.016959600 0.017153100 0.017014000 0.016903600 
[5] 0.016905900 0.016673400 0.017003500 0.016774100 0.015362000 0.015560700 0.015421100 0.015765300 0.014780000 0.014911000 
[6] 0.015056000 0.015070100 0.016373400 0.015973700 0.015305600 0.015152500 0.015211300 0.015004800 0.014940800 0.014802300 
[7] 0.015126500 0.014980600 0.015645000 0.016645100 0.015531200 0.015210700 0.015526800 0.016706100 0.015337100 0.015321200 
[8] 0.015807800 0.016706700 0.015417700 0.016208700 0.015005800 0.017218600 0.016386600 0.015362500 0.014981600 0.015262200 
[9] 0.014975800 0.015051400 0.015077800 0.015016900 0.015208600 0.015170600 0.014947500 0.016852200 0.016352100 0.016941800 
[AVERAGE] 0.015691031 s
[STANDARD DEVIATION] 0.000806675 s

FEN: r2qkb1r/1p1n1p1p/p1bpp3/2p5/4P3/2N3QP/PPP2PP1/R1B1RBK1 b kq - 1 13
        [0]         [1]         [2]         [3]         [4]         [5]         [6]         [7]         [8]         [9]
[0] 0.015254600 0.014811300 0.014021700 0.014041300 0.014182300 0.013965100 0.015023200 0.016099600 0.016891700 0.016243000 
[1] 0.015428900 0.016664500 0.015736900 0.016204900 0.015748100 0.016512700 0.015192700 0.017272400 0.015421700 0.014600100 
[2] 0.015470600 0.015499500 0.014466600 0.019250500 0.015724400 0.017288000 0.015946500 0.015872800 0.016647000 0.015917100 
[3] 0.016086400 0.015691800 0.015611300 0.015554500 0.015680000 0.015400400 0.015454600 0.015360000 0.015755000 0.016180700 
[4] 0.015601700 0.016515100 0.016513900 0.022090500 0.018992900 0.018395100 0.017915100 0.017838200 0.018924300 0.018621300 
[5] 0.019399000 0.017846400 0.017750800 0.017569700 0.019953900 0.019017200 0.021161000 0.017254300 0.016876500 0.017025700 
[6] 0.020958900 0.017608800 0.017632800 0.017351700 0.019687800 0.019108500 0.017248800 0.016558100 0.019387900 0.018005400 
[7] 0.016390400 0.017067400 0.016027900 0.015964200 0.017164800 0.017838700 0.018023100 0.017074100 0.017085300 0.016794000 
[8] 0.016098200 0.015973900 0.015858400 0.016467100 0.015943500 0.017764000 0.017433700 0.019069700 0.016944900 0.017465300 
[9] 0.016810000 0.017265400 0.017782700 0.017850400 0.017601400 0.016490100 0.015660200 0.015525600 0.015235400 0.014462600 
[AVERAGE] 0.016801181 s
[STANDARD DEVIATION] 0.001569502 s

FEN: rn1q1rk1/p1p2ppp/bp3n2/3p4/1b1P4/2N1PN2/PPBB1PPP/R2QK2R b KQ - 3 9
        [0]         [1]         [2]         [3]         [4]         [5]         [6]         [7]         [8]         [9]
[0] 0.008626300 0.008628500 0.008629000 0.008822900 0.008534800 0.008880000 0.011030600 0.009615600 0.009273500 0.009361400 
[1] 0.009104300 0.008892000 0.009575700 0.009209200 0.009923900 0.009108800 0.009214500 0.009160400 0.009150700 0.009901900 
[2] 0.010032800 0.009226800 0.009193500 0.009364700 0.009487900 0.009140600 0.010162000 0.009321300 0.008936400 0.009562900 
[3] 0.010854900 0.009456300 0.010005900 0.009424000 0.011360400 0.010996000 0.010513500 0.010963200 0.010201500 0.009812000 
[4] 0.009895900 0.009821800 0.009939700 0.009949500 0.009971800 0.009746900 0.009916000 0.009938900 0.009721700 0.009886800 
[5] 0.009386800 0.010516100 0.009200600 0.009176400 0.010113500 0.009514800 0.009120600 0.009902500 0.009192300 0.009286600 
[6] 0.009164000 0.009214800 0.009811900 0.009090100 0.009260600 0.010103200 0.010028800 0.009387300 0.009123300 0.009218900 
[7] 0.009230600 0.009187900 0.009224200 0.009288400 0.010411900 0.010306400 0.011471500 0.009546300 0.009379200 0.009004600 
[8] 0.010434000 0.010003200 0.009048500 0.009365200 0.008995400 0.009422400 0.010054900 0.008994300 0.009232400 0.009172800 
[9] 0.009172400 0.009209500 0.009108100 0.009218800 0.009061000 0.009366100 0.009126400 0.009263400 0.009218000 0.009788500 
[AVERAGE] 0.009555690 s
[STANDARD DEVIATION] 0.000589708 s

FEN: rnbq1rk1/pp2bppp/4pn2/3p4/2PN4/6P1/PPQ1PPBP/RNB2RK1 b - - 0 8
        [0]         [1]         [2]         [3]         [4]         [5]         [6]         [7]         [8]         [9]
[0] 0.004164800 0.003629800 0.003820400 0.005049300 0.004265200 0.004695800 0.004095800 0.004478600 0.004449800 0.004513600 
[1] 0.004479900 0.004233600 0.004454800 0.004183800 0.004302800 0.004351300 0.004327200 0.004296500 0.004406900 0.004388600 
[2] 0.004294200 0.004482500 0.004380500 0.004192400 0.004119000 0.004483200 0.004111900 0.004256300 0.004153200 0.004361500 
[3] 0.004497600 0.004480500 0.005143100 0.004173300 0.004247700 0.004172200 0.004277000 0.004237400 0.004517500 0.005360000 
[4] 0.004683200 0.004158200 0.004233100 0.004226600 0.004187500 0.004294600 0.004957400 0.004443600 0.004055500 0.004361600 
[5] 0.004297300 0.004425400 0.005404500 0.004568100 0.004512700 0.004820100 0.004935600 0.004360500 0.004203900 0.004645200 
[6] 0.003973800 0.004232000 0.004064900 0.004007200 0.003710000 0.004659300 0.005153300 0.004404100 0.004021200 0.004044800 
[7] 0.004096100 0.003844500 0.004328800 0.004041900 0.003866600 0.003999600 0.004103800 0.004017500 0.004003600 0.003827400 
[8] 0.003860900 0.004169800 0.003825400 0.004083700 0.003682600 0.004686300 0.003896500 0.003971800 0.004147900 0.004276300 
[9] 0.003876500 0.003943700 0.004459700 0.004281200 0.003709000 0.003815300 0.004467700 0.003651700 0.004348100 0.004013300 
[AVERAGE] 0.004278719 s
[STANDARD DEVIATION] 0.000346978 s

FEN: rnbqkb1r/pp1p1ppp/4pn2/2p5/2PP4/4PN2/PP3PPP/RNBQKB1R b KQkq - 0 4
        [0]         [1]         [2]         [3]         [4]         [5]         [6]         [7]         [8]         [9]
[0] 0.002406800 0.002415100 0.002237200 0.002337700 0.002315600 0.002167200 0.002326400 0.002257700 0.002529600 0.002605900 
[1] 0.002163300 0.002315100 0.002175000 0.002163900 0.002878000 0.002245400 0.002342600 0.002164900 0.002173900 0.002568400 
[2] 0.002162500 0.002395600 0.002486200 0.002163300 0.002326300 0.002876100 0.002429100 0.003281100 0.002318000 0.002168700 
[3] 0.002167400 0.002295600 0.002146000 0.002490700 0.002987400 0.002110900 0.002320300 0.002179000 0.002280700 0.002166200 
[4] 0.002262400 0.002313300 0.003088500 0.002221500 0.002109600 0.002172100 0.002410500 0.002168700 0.002165000 0.002210500 
[5] 0.002306600 0.003139500 0.002113100 0.002442500 0.002199100 0.002166200 0.002234800 0.002359400 0.002228000 0.002276100 
[6] 0.002683200 0.002513000 0.002168100 0.002180100 0.002231500 0.002166000 0.003029900 0.002235500 0.002185100 0.002404700 
[7] 0.002128200 0.002249400 0.002160800 0.002237600 0.002248800 0.002131900 0.002132700 0.002102000 0.002103400 0.002130800 
[8] 0.002112400 0.002859500 0.002385900 0.002105100 0.002157800 0.002102500 0.002102000 0.002157500 0.002401100 0.002107200 
[9] 0.002157900 0.002102200 0.002145200 0.002115200 0.002103500 0.002353500 0.003357000 0.002106300 0.002067000 0.002076300 
[AVERAGE] 0.002316260 s
[STANDARD DEVIATION] 0.000269147 s

FEN: rnbqk2r/ppp2ppp/4pn2/3p4/1bPP4/2N2P2/PP2P1PP/R1BQKBNR w KQkq - 0 5
        [0]         [1]         [2]         [3]         [4]         [5]         [6]         [7]         [8]         [9]
[0] 0.003747100 0.003810800 0.003743100 0.003743000 0.003742000 0.004176700 0.003745600 0.003743000 0.003744300 0.003965700 
[1] 0.003745600 0.003741500 0.003740300 0.004035400 0.003742300 0.003742300 0.003740200 0.004084500 0.003746600 0.003742800 
[2] 0.003742900 0.003988500 0.003742700 0.003742300 0.003744700 0.004017200 0.003743400 0.003799700 0.003744500 0.003742200 
[3] 0.003742300 0.004124400 0.003743200 0.003741100 0.003741300 0.004032600 0.003744900 0.003743100 0.003741800 0.004689500 
[4] 0.005948800 0.006180500 0.012901200 0.014085200 0.004651500 0.004187600 0.004191800 0.004140600 0.004092600 0.004670200 
[5] 0.004171000 0.004302300 0.004413000 0.004101500 0.004311200 0.004238000 0.004842800 0.003861400 0.003908600 0.004143300 
[6] 0.003910000 0.003814700 0.003855500 0.004652500 0.004781500 0.004576000 0.004283100 0.003855900 0.004411600 0.004530700 
[7] 0.004461500 0.003852000 0.004995400 0.004330500 0.004457000 0.003949400 0.004380100 0.004073900 0.004497300 0.004881500 
[8] 0.004028900 0.004852800 0.004567100 0.004668500 0.004613600 0.004948400 0.004520500 0.004393900 0.004046100 0.004327300 
[9] 0.004088700 0.005195500 0.003891200 0.004243300 0.003948700 0.003886700 0.003855200 0.003840300 0.003742900 0.003784200 
[AVERAGE] 0.004326121 s
[STANDARD DEVIATION] 0.001390197 s

FEN: rnbqr1k1/pp1p1ppp/2p2n2/4p3/2P1P3/2P2PP1/P2P1K1P/R1BQ1BNR w - - 0 8
        [0]         [1]         [2]         [3]         [4]         [5]         [6]         [7]         [8]         [9]
[0] 0.004655800 0.004373300 0.004411900 0.004413200 0.004823800 0.004373000 0.004370000 0.004611700 0.004378200 0.004371500 
[1] 0.004370900 0.004645000 0.004521300 0.004574400 0.004370800 0.004370200 0.004695300 0.004517700 0.004513500 0.004720900 
[2] 0.004371900 0.004369000 0.004369600 0.004681700 0.004369600 0.004371700 0.005485900 0.004483300 0.004481000 0.005021900 
[3] 0.005000500 0.005429000 0.005155000 0.005169500 0.004887200 0.004706700 0.005183700 0.004845600 0.004856000 0.005246600 
[4] 0.004489000 0.005453600 0.004851900 0.004871600 0.005035100 0.005027700 0.004844400 0.005068000 0.005087200 0.004842200 
[5] 0.004767700 0.005467400 0.005395900 0.004618200 0.005125000 0.004770200 0.004735900 0.005197100 0.005648900 0.004694400 
[6] 0.004724600 0.004707400 0.004579000 0.004488000 0.004814700 0.005127500 0.005475800 0.005022300 0.004682600 0.004696900 
[7] 0.004736600 0.004493600 0.005662200 0.005057400 0.004831100 0.005257500 0.004801100 0.004779400 0.004897300 0.005149800 
[8] 0.004789200 0.004737800 0.005835900 0.005013900 0.004711600 0.004881100 0.004522400 0.004487000 0.004708700 0.004488800 
[9] 0.004431000 0.004424200 0.004631600 0.004400900 0.004380900 0.004744300 0.004372500 0.004371500 0.004371100 0.004423400 
[AVERAGE] 0.004772718 s
[STANDARD DEVIATION] 0.000349813 s

FEN: r1bq1rk1/1p2bppp/p1n1pn2/8/P1BP4/2N1BN2/1P3PPP/R2Q1RK1 w - - 3 11
        [0]         [1]         [2]         [3]         [4]         [5]         [6]         [7]         [8]         [9]
[0] 0.014650400 0.015917600 0.014846900 0.014688500 0.014610900 0.014393900 0.015648100 0.015216300 0.016802900 0.018750000 
[1] 0.018837100 0.017587800 0.017660000 0.015242000 0.014874500 0.014570900 0.014590400 0.014686000 0.014347900 0.014498500 
[2] 0.016937000 0.019297000 0.016933500 0.016962800 0.016554900 0.016075000 0.016397300 0.015727500 0.016641200 0.015468600 
[3] 0.014756900 0.014398200 0.014728400 0.014474100 0.014607100 0.014648200 0.014703200 0.014945400 0.014408500 0.014517500 
[4] 0.016182600 0.016134900 0.015631400 0.014654200 0.014753900 0.016248500 0.014923700 0.014483600 0.014662900 0.014811900 
[5] 0.016053900 0.016252500 0.016732500 0.015139100 0.014774200 0.014571500 0.015023300 0.015537600 0.016170200 0.014675300 
[6] 0.016174000 0.016519900 0.016913500 0.016696000 0.016131600 0.016159200 0.015441200 0.014671100 0.014725500 0.014621500 
[7] 0.014316300 0.014384600 0.014578800 0.014589600 0.014541400 0.014588500 0.015154200 0.014282300 0.014798400 0.014629100 
[8] 0.015977300 0.014693700 0.015820200 0.014948200 0.014329500 0.014662600 0.016841100 0.016736600 0.016796300 0.015815800 
[9] 0.017189200 0.015905300 0.014716000 0.015352600 0.015751800 0.017033600 0.014760800 0.014656500 0.014853600 0.015419300 
[AVERAGE] 0.015491973 s
[STANDARD DEVIATION] 0.001083775 s

FEN: rn1q1rk1/pbpp1ppp/8/3nP3/2BP4/5PP1/P6P/R1BQK1NR w KQ - 1 11
        [0]         [1]         [2]         [3]         [4]         [5]         [6]         [7]         [8]         [9]
[0] 0.008939400 0.008927500 0.008432400 0.009057400 0.010303500 0.010807600 0.009465700 0.009837200 0.010177700 0.010506100 
[1] 0.009456000 0.009686300 0.009737800 0.009270900 0.010854300 0.009465100 0.009070800 0.009205500 0.008821400 0.008490400 
[2] 0.008587400 0.008581500 0.008796800 0.008375400 0.008582300 0.008378100 0.008766700 0.008378900 0.008642100 0.008381200 
[3] 0.008612800 0.008377400 0.008696300 0.008385600 0.008723100 0.008381200 0.008719600 0.008865600 0.008542400 0.008378700 
[4] 0.008630700 0.008384200 0.008637900 0.008377900 0.008607700 0.008378500 0.008811800 0.008639400 0.008381800 0.008587900 
[5] 0.008410600 0.008379100 0.009552000 0.009160100 0.008606800 0.008763400 0.008491000 0.008868700 0.008524300 0.008716300 
[6] 0.008488700 0.008632300 0.008379100 0.008570100 0.008375500 0.008690300 0.008378700 0.008693800 0.008376200 0.008684800 
[7] 0.011026000 0.008917900 0.008928700 0.008566900 0.008507200 0.008843100 0.008762500 0.009192700 0.008849200 0.008476700 
[8] 0.008820200 0.008385100 0.008553900 0.008378000 0.009589100 0.008425200 0.009149400 0.009149000 0.009498500 0.009034300 
[9] 0.009226600 0.009150200 0.010187300 0.009952400 0.009159100 0.009179600 0.009460500 0.008890400 0.009175900 0.009177600 
[AVERAGE] 0.008924589 s
[STANDARD DEVIATION] 0.000593949 s

FEN: r2qk2r/1p1n1ppp/p1pbbn2/3p2B1/3P4/2NBPN1P/PP3PP1/R2QK2R w KQkq - 0 10
        [0]         [1]         [2]         [3]         [4]         [5]         [6]         [7]         [8]         [9]
[0] 0.014528900 0.013150300 0.013329300 0.013373700 0.013650200 0.013299000 0.013421400 0.013479200 0.013528300 0.013360100 
[1] 0.013311200 0.013790200 0.013315800 0.013175000 0.013676400 0.013400500 0.013177600 0.013240900 0.013706900 0.013448100 
[2] 0.013471400 0.013746200 0.013345800 0.013168300 0.013326800 0.013842600 0.013119000 0.013335400 0.013764500 0.013498500 
[3] 0.013363800 0.013100900 0.013748800 0.013326000 0.013362500 0.014171500 0.013388800 0.013363500 0.013780400 0.013176100 
[4] 0.013417600 0.013376600 0.013708100 0.013332200 0.013397000 0.013724100 0.013306900 0.013172800 0.013376200 0.013775800 
[5] 0.013465900 0.013695500 0.013836800 0.013415900 0.013401900 0.013055300 0.013725000 0.013374300 0.013359000 0.013695300 
[6] 0.013291000 0.013400800 0.013100300 0.013576600 0.013394900 0.013393700 0.013568500 0.013345000 0.013361400 0.013193500 
[7] 0.014497600 0.013382700 0.013400200 0.013801800 0.013714800 0.013190500 0.013822400 0.013348200 0.013059700 0.013049400 
[8] 0.012739200 0.012524300 0.012628300 0.012555700 0.012601300 0.012548300 0.012443700 0.012274700 0.012583100 0.012427300 
[9] 0.012465100 0.012233700 0.012846700 0.012614700 0.012530800 0.012473800 0.012588900 0.012456500 0.012636500 0.012229900 
[AVERAGE] 0.013276715 s
[STANDARD DEVIATION] 0.000459207 s

FEN: r1bq1rk1/pp2bppp/2n1pn2/2pp4/P3PB2/3P1NP1/1PP2PBP/RN1Q1RK1 b - - 2 8
        [0]         [1]         [2]         [3]         [4]         [5]         [6]         [7]         [8]         [9]
[0] 0.004308000 0.003990500 0.003988700 0.003988200 0.004297100 0.003993000 0.003989800 0.004547100 0.005342100 0.004313100 
[1] 0.004738600 0.004628800 0.004274800 0.004110000 0.004554600 0.004293300 0.004117000 0.004246500 0.004501400 0.004409700 
[2] 0.004260700 0.004519000 0.004356500 0.004449800 0.004866300 0.008801400 0.007409500 0.013928900 0.010115200 0.009409200 
[3] 0.004468300 0.004421800 0.005321200 0.007566100 0.006429000 0.004565200 0.004624800 0.004490800 0.004939200 0.006350500 
[4] 0.008081700 0.005167700 0.004509600 0.004586400 0.004876600 0.004679200 0.004499500 0.004368400 0.004459000 0.004319900 
[5] 0.004348200 0.004447800 0.004563500 0.004372300 0.004319400 0.004443400 0.004511900 0.004512000 0.004341500 0.004549900 
[6] 0.004516000 0.005241200 0.004699600 0.004286800 0.005042400 0.004373600 0.004841000 0.005590700 0.005385700 0.005463000 
[7] 0.005009000 0.004666200 0.004630500 0.004376300 0.004216900 0.004319100 0.004547500 0.004364900 0.004217700 0.004885300 
[8] 0.005855900 0.004947000 0.004555200 0.004533200 0.004873500 0.004889900 0.004668900 0.004706000 0.004121900 0.004754700 
[9] 0.004509900 0.004383800 0.004581200 0.004138800 0.004437500 0.004595700 0.004294600 0.004177700 0.004389200 0.004643200 
[AVERAGE] 0.004926148 s
[STANDARD DEVIATION] 0.001395991 s

FEN: r1bqr1k1/ppp2ppp/2n5/2bnp3/8/2NP1NP1/PP2PPBP/R1BQ1RK1 w - - 1 9
        [0]         [1]         [2]         [3]         [4]         [5]         [6]         [7]         [8]         [9]
[0] 0.018136100 0.018465100 0.017532500 0.017414500 0.018011200 0.018051500 0.018957000 0.018719600 0.017272500 0.017374600 
[1] 0.017776200 0.017192900 0.017481900 0.017186900 0.018437600 0.017431800 0.017370200 0.017424800 0.017274000 0.017806400 
[2] 0.016990600 0.017277700 0.017857500 0.018625600 0.017158300 0.017235600 0.017721700 0.017236300 0.017844000 0.017333900 
[3] 0.018142600 0.018204300 0.017109400 0.018560600 0.017849200 0.017592100 0.018047300 0.017368600 0.017365800 0.017457200 
[4] 0.018688400 0.019458200 0.017877600 0.017359200 0.017254200 0.017497000 0.018179100 0.017294500 0.017197300 0.017051900 
[5] 0.017396000 0.017301600 0.018566300 0.017321300 0.017328500 0.017322400 0.017296800 0.017345500 0.017076400 0.017444900 
[6] 0.017452500 0.017570600 0.017769200 0.019239200 0.017146500 0.017806500 0.017402100 0.017507500 0.017590900 0.018743800 
[7] 0.017849500 0.017536100 0.017066300 0.017262300 0.017788100 0.017340300 0.020071100 0.018825900 0.017326000 0.017230000 
[8] 0.017673000 0.017758300 0.019250400 0.017658900 0.017183800 0.017151700 0.018020300 0.018791800 0.017932500 0.017220800 
[9] 0.017107000 0.017505300 0.017370600 0.018455800 0.018876300 0.017469800 0.017945000 0.017265000 0.017480900 0.018897700 
[AVERAGE] 0.017740920 s
[STANDARD DEVIATION] 0.000619197 s

FEN: rnbqk2r/ppp2pp1/5n1p/3p4/1b1P3B/2N2N2/PP2PPPP/R2QKB1R b KQkq - 1 7
        [0]         [1]         [2]         [3]         [4]         [5]         [6]         [7]         [8]         [9]
[0] 0.013573700 0.013513600 0.013673900 0.013622500 0.014794300 0.015346500 0.014281100 0.013675000 0.013406100 0.013403500 
[1] 0.013308700 0.014312000 0.013885400 0.014404700 0.013721500 0.013610300 0.014463200 0.015660700 0.014270100 0.014040000 
[2] 0.015376600 0.015293300 0.015164000 0.015742600 0.015188300 0.014157800 0.015748800 0.014783600 0.017462900 0.016093600 
[3] 0.014795700 0.013907200 0.013418700 0.015015600 0.016231900 0.014406500 0.013277800 0.013589400 0.013483400 0.013689800 
[4] 0.013974600 0.014241200 0.013552900 0.013559700 0.013267900 0.015361500 0.013835000 0.014520700 0.014139100 0.013818300 
[5] 0.013599000 0.014090100 0.013639800 0.013755900 0.013727100 0.013902800 0.013675300 0.013620100 0.015966600 0.013457500 
[6] 0.013819700 0.013619100 0.013255200 0.013805500 0.014072000 0.014091000 0.018498000 0.014369700 0.014099500 0.017187400 
[7] 0.014109800 0.013454800 0.014366500 0.015587000 0.014007100 0.013879800 0.013485000 0.013614200 0.013873400 0.013574900 
[8] 0.013881000 0.013539300 0.013633700 0.013402900 0.014349100 0.014445300 0.013672800 0.013431300 0.013551900 0.013357000 
[9] 0.014846500 0.013669300 0.013795000 0.013551900 0.013645100 0.013867000 0.013762800 0.013379500 0.013610300 0.013716500 
[AVERAGE] 0.014193772 s
[STANDARD DEVIATION] 0.000942636 s

FEN: 2r5/1p2kp2/p3pn1P/6R1/6p1/2P3P1/2PR4/6K1 b - - 4 31
        [0]         [1]         [2]         [3]         [4]         [5]         [6]         [7]         [8]         [9]
[0] 0.001040500 0.001024200 0.001052600 0.001324700 0.001025000 0.001256100 0.001025100 0.001022400 0.001266600 0.001024200 
[1] 0.001024800 0.001022800 0.001024000 0.001727700 0.001189400 0.001072200 0.001180900 0.001498200 0.001284600 0.001547700 
[2] 0.001245200 0.001024500 0.001054300 0.001247700 0.001050300 0.001051500 0.001063100 0.001053400 0.001228000 0.001051400 
[3] 0.001050700 0.001255500 0.001025300 0.001266600 0.001057500 0.001024100 0.001051900 0.001023900 0.001023400 0.001277500 
[4] 0.001024200 0.001050700 0.001024000 0.001023900 0.001211400 0.001285000 0.001024000 0.001023700 0.001023500 0.001153700 
[5] 0.001152900 0.001022100 0.001024200 0.001031300 0.001023100 0.001296300 0.001023900 0.001023800 0.001022800 0.001194500 
[6] 0.001285700 0.001040700 0.001027000 0.001025700 0.001026400 0.001026600 0.001293500 0.001039800 0.001025500 0.001025700 
[7] 0.001025300 0.001313600 0.001024600 0.001260200 0.001026100 0.001024100 0.001170800 0.001141800 0.001023000 0.001021400 
[8] 0.001029400 0.001023700 0.001330200 0.001024700 0.001081300 0.001024100 0.001024400 0.001272000 0.001318500 0.001026100 
[9] 0.001025100 0.001024900 0.001138200 0.001153800 0.001034300 0.001025900 0.001025100 0.001026200 0.001292400 0.001054300 
[AVERAGE] 0.001112206 s
[STANDARD DEVIATION] 0.000133187 s

FEN: 1r4k1/p5p1/5p1p/q2p4/2rPn3/b1PQRN1P/P1RB1PP1/6K1 w - - 1 2
        [0]         [1]         [2]         [3]         [4]         [5]         [6]         [7]         [8]         [9]
[0] 0.008129800 0.007159400 0.007605200 0.007204700 0.007303200 0.007224700 0.007762600 0.007577400 0.008891500 0.008109200 
[1] 0.007462400 0.007357200 0.007797200 0.007231500 0.007331700 0.007193100 0.007754200 0.007252100 0.008185500 0.007446400 
[2] 0.007299100 0.007146100 0.007446800 0.008544800 0.008735800 0.007789500 0.007433500 0.007183800 0.007358500 0.007368700 
[3] 0.007461500 0.007225400 0.007481200 0.007537400 0.007528400 0.007192100 0.008354800 0.009896800 0.008284300 0.007664100 
[4] 0.007346600 0.007703400 0.008746400 0.008703300 0.007496900 0.007181900 0.007386800 0.007392700 0.007520500 0.007204100 
[5] 0.007395500 0.007446500 0.007592500 0.007198800 0.007472100 0.009048000 0.008333100 0.007688400 0.007496200 0.007190000 
[6] 0.007299200 0.007359100 0.007429700 0.007176400 0.007500600 0.007500400 0.007316200 0.007541000 0.007856200 0.007182200 
[7] 0.008693300 0.008292100 0.007389600 0.007225700 0.007363800 0.007395900 0.007323900 0.007138500 0.007372300 0.007407100 
[8] 0.007428000 0.010571300 0.008153000 0.007258700 0.009383300 0.008450600 0.007799300 0.007212900 0.007386600 0.007147000 
[9] 0.007601600 0.007180900 0.007372400 0.007203500 0.007654900 0.007201600 0.007557700 0.007179800 0.007670300 0.007205400 
[AVERAGE] 0.007648373 s
[STANDARD DEVIATION] 0.000606231 s

FEN: 5rk1/rNR2ppp/P3p3/3p4/2p5/2n1P3/R4PPP/6K1 w - - 0 1
        [0]         [1]         [2]         [3]         [4]         [5]         [6]         [7]         [8]         [9]
[0] 0.008171300 0.008174600 0.008117600 0.007812800 0.008390900 0.007889000 0.008461300 0.007801700 0.008084800 0.008201300 
[1] 0.007957700 0.007852000 0.008466000 0.007852700 0.008148800 0.008019800 0.008132200 0.008123600 0.008150700 0.008100900 
[2] 0.008194300 0.008044400 0.008064300 0.008289400 0.007869300 0.008372700 0.008296100 0.009112100 0.007944000 0.008119800 
[3] 0.008201300 0.008111000 0.008189300 0.008061700 0.007870400 0.009219000 0.008160600 0.008369400 0.008272800 0.008139900 
[4] 0.008455700 0.007894700 0.008222800 0.007885100 0.008126100 0.008269500 0.008240600 0.008788600 0.008734900 0.008079600 
[5] 0.008052500 0.008114300 0.008166800 0.008023300 0.007855900 0.008413100 0.007879200 0.008425300 0.009421100 0.009572400 
[6] 0.007891300 0.008433800 0.008048800 0.007957800 0.008234000 0.007839100 0.008092900 0.008190200 0.008043800 0.008100800 
[7] 0.008212200 0.007847400 0.008356300 0.008485700 0.008454600 0.007875800 0.008108100 0.008112700 0.009131600 0.008739900 
[8] 0.007879400 0.007951300 0.008132300 0.008062600 0.007951300 0.008154900 0.007850900 0.008286500 0.007851200 0.007993200 
[9] 0.008882800 0.008294100 0.008116400 0.008156200 0.007893500 0.008220200 0.008168500 0.008009400 0.008068600 0.007907800 
[AVERAGE] 0.008194209 s
[STANDARD DEVIATION] 0.000334557 s

FEN: r1bk2r1/ppp1n2p/3q3Q/1B2Np2/4n3/2P5/PP3PPP/RN3RK1 b - - 2 16
        [0]         [1]         [2]         [3]         [4]         [5]         [6]         [7]         [8]         [9]
[0] 0.031449400 0.031316400 0.031155500 0.032550500 0.031212300 0.031430500 0.031558000 0.031378400 0.031290300 0.031590400 
[1] 0.031293100 0.032776400 0.031179800 0.031511300 0.031500500 0.031514600 0.033787900 0.031577500 0.039043800 0.043359100 
[2] 0.031444300 0.031529800 0.031716700 0.033370400 0.031223000 0.033045500 0.030148400 0.030076700 0.031949200 0.031253100 
[3] 0.030151100 0.029691800 0.030142400 0.032594100 0.031653000 0.033371600 0.031110800 0.031309700 0.031683700 0.032997600 
[4] 0.031780900 0.032136500 0.031725100 0.031523300 0.031476800 0.032879000 0.032076200 0.031549000 0.032274600 0.031807600 
[5] 0.033682500 0.031763800 0.032266900 0.031899900 0.031284600 0.034006200 0.032767600 0.031727400 0.031435800 0.031510400 
[6] 0.031727500 0.031366900 0.031523700 0.031580100 0.031133500 0.031501600 0.031414700 0.031532300 0.034255900 0.031190900 
[7] 0.031394000 0.032794800 0.032251800 0.031604700 0.032471500 0.031179000 0.031453600 0.031944800 0.031471200 0.034189300 
[8] 0.031130000 0.032398300 0.032896500 0.032329000 0.032050400 0.031484700 0.033513300 0.031732400 0.032238400 0.031733700 
[9] 0.033567600 0.031357300 0.032034200 0.032557200 0.034194700 0.032303200 0.031639300 0.033448800 0.031328900 0.031761700 
[AVERAGE] 0.032081941 s
[STANDARD DEVIATION] 0.001606754 s

FEN: r2qkb1r/pp2nppp/3p4/2pNN1B1/2BnP3/3P4/PPP2PPP/R2bK2R w KQkq - 1 0
        [0]         [1]         [2]         [3]         [4]         [5]         [6]         [7]         [8]         [9]
[0] 0.017282500 0.016587100 0.016867400 0.016997100 0.016772900 0.016975400 0.017178300 0.016922400 0.016824900 0.016614800 
[1] 0.016911300 0.016824800 0.016828100 0.016992300 0.016902900 0.016813800 0.017856500 0.016957200 0.016744300 0.016617700 
[2] 0.016954300 0.017657500 0.016909300 0.017094100 0.016897400 0.016970300 0.017217400 0.016516300 0.016749500 0.016514400 
[3] 0.017393900 0.016899300 0.016866600 0.016895400 0.016776100 0.016700200 0.018219200 0.017063700 0.016725700 0.016727700 
[4] 0.017780800 0.017736300 0.017071700 0.016737600 0.016792000 0.016503100 0.016863100 0.016901400 0.016796400 0.016782700 
[5] 0.018654900 0.016639500 0.016772700 0.017389500 0.016951200 0.016596000 0.016621200 0.016836500 0.016842100 0.017031100 
[6] 0.016804500 0.016959900 0.018845500 0.017205000 0.017043400 0.016515800 0.016889600 0.017520400 0.017233900 0.016961100 
[7] 0.016851500 0.016807600 0.016937300 0.016787600 0.016658000 0.016753400 0.016900500 0.016787800 0.016589300 0.017218100 
[8] 0.016941600 0.016570500 0.016690800 0.016944400 0.016739600 0.016870200 0.016854400 0.016790100 0.016619400 0.016984400 
[9] 0.016729200 0.017067700 0.016448700 0.016715400 0.017603800 0.016664000 0.016594100 0.016740400 0.016697000 0.016763400 
[AVERAGE] 0.016948191 s
[STANDARD DEVIATION] 0.000399166 s

FEN: 1rb4r/pkPp3p/1b1P3n/1Q6/N3Pp2/8/P1P3PP/7K w - - 1 0
        [0]         [1]         [2]         [3]         [4]         [5]         [6]         [7]         [8]         [9]
[0] 0.001784400 0.001915100 0.002152100 0.001787200 0.001867700 0.001930900 0.001782200 0.001781700 0.002042900 0.001776800 
[1] 0.001981900 0.002071600 0.001778800 0.001780400 0.002079200 0.001781800 0.001781600 0.002044900 0.002010800 0.001783400 
[2] 0.002058400 0.001779000 0.001782800 0.002076300 0.001781200 0.001781300 0.002368400 0.001783000 0.001781400 0.002074300 
[3] 0.001781400 0.001781500 0.002044000 0.001805700 0.001952800 0.001954900 0.001907300 0.001777700 0.001779300 0.002059900 
[4] 0.001779200 0.001777500 0.002290200 0.001779500 0.001777600 0.002066100 0.001778700 0.001777900 0.002038900 0.001778200 
[5] 0.001913800 0.002316700 0.001737500 0.001732300 0.002078800 0.001755200 0.001780200 0.002039500 0.002017000 0.001781900 
[6] 0.002113900 0.001806900 0.001797100 0.001968100 0.001789000 0.001784600 0.002041900 0.002110000 0.001897200 0.002357700 
[7] 0.001777900 0.001733700 0.002053900 0.001774300 0.001977500 0.001960600 0.001854700 0.001780900 0.001776100 0.002048000 
[8] 0.001777900 0.001786500 0.002079200 0.001997700 0.001734800 0.002077500 0.001734000 0.001780400 0.002053700 0.001783800 
[9] 0.001778300 0.002349700 0.001779700 0.001781700 0.002101000 0.001782800 0.001782900 0.002054400 0.001902400 0.001838900 
[AVERAGE] 0.001903840 s
[STANDARD DEVIATION] 0.000159462 s

FEN: 4kb1r/p2n1ppp/4q3/4p1B1/4P3/1Q6/PPP2PPP/2KR4 w k - 1 0
        [0]         [1]         [2]         [3]         [4]         [5]         [6]         [7]         [8]         [9]
[0] 0.019414300 0.019127500 0.019179100 0.019212700 0.019561400 0.019191600 0.019148700 0.019527800 0.019187300 0.019909200 
[1] 0.019230900 0.019507100 0.019728900 0.019055600 0.018942600 0.018092400 0.017960100 0.017805900 0.017855700 0.017873300 
[2] 0.017892900 0.017804000 0.017821200 0.017854400 0.018094000 0.017795800 0.017949400 0.021146400 0.018002600 0.018151900 
[3] 0.018241300 0.017862000 0.019562800 0.019453700 0.019274000 0.019232500 0.019029200 0.021557200 0.019010200 0.019500000 
[4] 0.019720400 0.019715100 0.019547000 0.019098300 0.019147500 0.019762400 0.019424900 0.020782000 0.019456000 0.019372300 
[5] 0.019015600 0.019974800 0.019416000 0.019113000 0.019168700 0.019348800 0.018869700 0.019340100 0.018935600 0.019366900 
[6] 0.019766200 0.021012600 0.018888400 0.019032900 0.019110600 0.019558200 0.019090200 0.019356500 0.019422800 0.019360500 
[7] 0.019013100 0.019157500 0.019500200 0.019388800 0.018973700 0.019030700 0.019302900 0.019330200 0.019242700 0.018917200 
[8] 0.020109800 0.019214800 0.019143000 0.019079500 0.019707000 0.019984700 0.019435600 0.019046900 0.019700800 0.019319000 
[9] 0.019066800 0.019053900 0.019297800 0.019169600 0.019157200 0.019027900 0.019093100 0.019598800 0.018818100 0.018883300 
[AVERAGE] 0.019156862 s
[STANDARD DEVIATION] 0.000691973 s

FEN: r1b2k1r/ppp1bppp/8/1B1Q4/5q2/2P5/PPP2PPP/R3R1K1 w - - 1 0
        [0]         [1]         [2]         [3]         [4]         [5]         [6]         [7]         [8]         [9]
[0] 0.037687600 0.029492400 0.028712100 0.029492000 0.028489600 0.028308400 0.028528600 0.028567600 0.029447100 0.030808600 
[1] 0.027587800 0.027002200 0.026687500 0.028323000 0.028429600 0.028592000 0.028689300 0.028308300 0.028746600 0.028713200 
[2] 0.031411400 0.028696700 0.028854400 0.029242800 0.028733000 0.030843300 0.028535700 0.028490800 0.029308500 0.028289800 
[3] 0.028960000 0.028597000 0.028802000 0.028173400 0.028698500 0.028772500 0.028289700 0.028590200 0.028795300 0.028777900 
[4] 0.028461500 0.028637500 0.028457000 0.028699100 0.029387700 0.029110100 0.029314000 0.028388200 0.029011700 0.028783700 
[5] 0.028678900 0.028851900 0.054406600 0.028533200 0.028830500 0.030078400 0.028614100 0.029568100 0.028637100 0.029629700 
[6] 0.030290300 0.029300800 0.028642100 0.031168800 0.028914400 0.029658200 0.028777200 0.028692800 0.030855700 0.028518700 
[7] 0.029451700 0.028311500 0.028534800 0.028630100 0.028350400 0.029433900 0.028740600 0.028953300 0.028580500 0.030034900 
[8] 0.029044700 0.032640500 0.033831300 0.041686300 0.037544400 0.034140900 0.032928900 0.033947300 0.033846900 0.033635500 
[9] 0.033235200 0.032809700 0.038531000 0.031378500 0.033324900 0.033250800 0.034394400 0.033041800 0.033884300 0.034327400 
[AVERAGE] 0.030288208 s
[STANDARD DEVIATION] 0.003533591 s

FEN: 5rkr/pp2Rp2/1b1p1Pb1/3P2Q1/2n3P1/2p5/P4P2/4R1K1 w - - 1 0
        [0]         [1]         [2]         [3]         [4]         [5]         [6]         [7]         [8]         [9]
[0] 0.002868300 0.002879000 0.002657800 0.002823700 0.002840000 0.002794400 0.002547000 0.002579700 0.002568400 0.002601400 
[1] 0.002504100 0.002734000 0.002821100 0.002781200 0.002827200 0.002853600 0.002875600 0.002686600 0.003227400 0.003420700 
[2] 0.003175800 0.003276700 0.002862200 0.002700200 0.002678500 0.002647000 0.002924000 0.002613700 0.002743400 0.002600900 
[3] 0.002721300 0.002698700 0.002662700 0.002634800 0.002608000 0.002752000 0.002566700 0.002761200 0.002429200 0.002958800 
[4] 0.002593000 0.002614100 0.002377400 0.002526600 0.002276100 0.002306100 0.002663400 0.002245600 0.002302900 0.002276400 
[5] 0.002274900 0.002272800 0.002239100 0.002510600 0.002219300 0.002220300 0.002275000 0.002218000 0.002232800 0.002379900 
[6] 0.002605400 0.003035300 0.002923400 0.003174100 0.002848100 0.002998000 0.003607400 0.002986200 0.003001400 0.002649500 
[7] 0.002891800 0.003072300 0.002408600 0.002810900 0.002640900 0.002731100 0.002592400 0.002841500 0.002664500 0.002793400 
[8] 0.002624800 0.002986800 0.002836000 0.002830400 0.002702600 0.003263500 0.002675400 0.002671100 0.003019000 0.003353200 
[9] 0.002546500 0.002462900 0.002912600 0.002842800 0.002857500 0.002579600 0.002640600 0.002464000 0.003153000 0.002895100 
[AVERAGE] 0.002715249 s
[STANDARD DEVIATION] 0.000283461 s

FEN: rnbqk2r/p4p2/2pbpn1p/1p4p1/2pPP3/2N2NB1/PP2BPPP/R2QK2R w KQkq - 2 10
        [0]         [1]         [2]         [3]         [4]         [5]         [6]         [7]         [8]         [9]
[0] 0.012550300 0.011191900 0.010756300 0.012577600 0.011113300 0.011984500 0.012113800 0.012205700 0.012205600 0.012202900 
[1] 0.012169300 0.012468500 0.012087200 0.012022800 0.012179700 0.012199000 0.011736300 0.011552500 0.011333400 0.010380000 
[2] 0.010138100 0.010122300 0.010167300 0.009917300 0.010252400 0.009830400 0.010955500 0.015423600 0.024092500 0.016072900 
[3] 0.010786800 0.010244400 0.010394500 0.010316500 0.011954000 0.010653200 0.010119300 0.010383900 0.010107200 0.009983000 
[4] 0.011471100 0.010294800 0.011174300 0.010430400 0.010062700 0.010334600 0.010272300 0.011506500 0.010196900 0.010311400 
[5] 0.011169000 0.010862200 0.010126700 0.010192500 0.009917700 0.010311700 0.010270200 0.011415600 0.010251500 0.009956100 
[6] 0.010229800 0.009889200 0.010217000 0.010112100 0.009834300 0.013899600 0.012128900 0.010745100 0.011215000 0.011287100 
[7] 0.011710900 0.010952100 0.011718100 0.011074400 0.011030700 0.011266200 0.011739300 0.010912100 0.011014700 0.011420200 
[8] 0.011924700 0.012191900 0.010786500 0.011180100 0.011880100 0.011399600 0.012016900 0.011138500 0.010668200 0.010127200 
[9] 0.011049600 0.010817300 0.010331600 0.011315500 0.011164800 0.010975100 0.012199400 0.011255100 0.010122500 0.010405600 
[AVERAGE] 0.011248209 s
[STANDARD DEVIATION] 0.001665316 s

FEN: r1bqk2r/ppp1nppp/2np4/2b1p1N1/2B1P3/3P4/PPP2PPP/RNBQK2R w KQkq - 2 6
        [0]         [1]         [2]         [3]         [4]         [5]         [6]         [7]         [8]         [9]
[0] 0.009676200 0.009358500 0.009449100 0.009384300 0.009877000 0.009266100 0.009601900 0.009270600 0.009530000 0.009528600 
[1] 0.009276400 0.009550900 0.009270900 0.009799700 0.009415500 0.009302000 0.009368400 0.009398800 0.009488600 0.009273100 
[2] 0.009608100 0.009266500 0.009479600 0.009536500 0.009271700 0.009428800 0.009327000 0.009488800 0.009266800 0.011986400 
[3] 0.011034200 0.010240200 0.010344700 0.009566500 0.009799500 0.009330800 0.009397500 0.009712900 0.009270800 0.011865700 
[4] 0.010207300 0.010731100 0.010435700 0.010985400 0.011674500 0.011635000 0.012172500 0.011436900 0.010777500 0.011291800 
[5] 0.010990400 0.011416600 0.011774000 0.011815000 0.010448300 0.010460600 0.010046200 0.011230000 0.010393200 0.009599800 
[6] 0.009453000 0.009983600 0.010519500 0.010269100 0.010243200 0.010639700 0.010298000 0.011016800 0.011152300 0.010604500 
[7] 0.010360300 0.009823300 0.009390800 0.010390000 0.009358600 0.009570100 0.009674000 0.009366900 0.009466400 0.009269700 
[8] 0.009600300 0.009618900 0.009274100 0.009587800 0.009301800 0.009623500 0.009270600 0.009582600 0.009273000 0.010781400 
[9] 0.009887900 0.009289200 0.009511900 0.009272400 0.009521200 0.009272500 0.009704100 0.009652700 0.009589700 0.009678500 
[AVERAGE] 0.009979753 s
[STANDARD DEVIATION] 0.000778524 s

FEN: 8/pK1p3p/7p/1P4N1/8/6k1/5r2/8 w - - 0 2
        [0]         [1]         [2]         [3]         [4]         [5]         [6]         [7]         [8]         [9]
[0] 0.000313400 0.000308400 0.000307300 0.000306600 0.000306100 0.000306300 0.000305800 0.000305800 0.000305600 0.000306100 
[1] 0.000305600 0.000305300 0.000305000 0.000306300 0.000305900 0.000305100 0.000306100 0.000305700 0.000305300 0.000305400 
[2] 0.000305400 0.000305300 0.000305400 0.000305000 0.000305500 0.000305800 0.000305500 0.000305900 0.000305200 0.000305700 
[3] 0.000305700 0.000305900 0.000305500 0.000305500 0.000306000 0.000305500 0.000305300 0.000305700 0.000614400 0.000316000 
[4] 0.000314800 0.000314100 0.000313400 0.000313200 0.000312900 0.000313300 0.000313500 0.000313300 0.000312900 0.000313700 
[5] 0.000313300 0.000313400 0.000313200 0.000312300 0.000312500 0.000312900 0.000312900 0.000313200 0.000312300 0.000313800 
[6] 0.000313400 0.000313300 0.000313500 0.000312600 0.000312600 0.000313000 0.000312900 0.000313000 0.000312400 0.000313200 
[7] 0.000313300 0.000312800 0.000312700 0.000313400 0.000313500 0.000312700 0.000312300 0.000313200 0.000312900 0.000313200 
[8] 0.000313200 0.000313900 0.000312300 0.000313000 0.000312900 0.000312900 0.000427500 0.000375800 0.000305100 0.000304800 
[9] 0.000305200 0.000304500 0.000304700 0.000304900 0.000305300 0.000304800 0.000304400 0.000305100 0.000304400 0.000304800 
[AVERAGE] 0.000314216 s
[STANDARD DEVIATION] 0.000033244 s

FEN: 8/1p4pk/p4b1p/4p3/1P2P1q1/P1R2NPn/7P/3Q1B1K b - - 0 2
        [0]         [1]         [2]         [3]         [4]         [5]         [6]         [7]         [8]         [9]
[0] 0.003968500 0.003960400 0.004105800 0.004064600 0.004119100 0.004057500 0.004550300 0.004027100 0.003961300 0.003958300 
[1] 0.003956100 0.004139600 0.003953900 0.004711200 0.004445300 0.004823000 0.004075800 0.004744900 0.006376800 0.005001700 
[2] 0.004691500 0.004419300 0.004737200 0.004318800 0.004475100 0.004437600 0.004553300 0.004694200 0.004422100 0.005081600 
[3] 0.005092300 0.005040300 0.004608300 0.004634700 0.004777000 0.005032900 0.004628400 0.004798400 0.004397800 0.005012200 
[4] 0.004429300 0.004356500 0.004606800 0.004950600 0.004845600 0.004845800 0.004391400 0.004668200 0.004715500 0.004652800 
[5] 0.004402300 0.004554500 0.004414400 0.004343600 0.004581500 0.004823300 0.004745100 0.004486400 0.004273500 0.004347300 
[6] 0.004725300 0.004062900 0.004621900 0.004576000 0.004505400 0.005532900 0.007103300 0.004556600 0.004609700 0.004659100 
[7] 0.004653300 0.004087400 0.004040900 0.004412100 0.004001300 0.004001100 0.004279000 0.004792600 0.004064000 0.003956000 
[8] 0.004273500 0.004017000 0.004003500 0.003960000 0.004358700 0.004004000 0.003957200 0.004013600 0.004338600 0.003957000 
[9] 0.004049400 0.004251600 0.003971000 0.003991400 0.003956500 0.003954400 0.003957300 0.004295500 0.003959600 0.003958400 
[AVERAGE] 0.004447576 s
[STANDARD DEVIATION] 0.000484079 s

FEN: 2r5/2P4R/p3kp1p/n3pNpP/4P1P1/8/3b1P2/6K1 w - - 0 2
        [0]         [1]         [2]         [3]         [4]         [5]         [6]         [7]         [8]         [9]
[0] 0.000951500 0.000945900 0.000945200 0.000944400 0.000944800 0.001262300 0.000944700 0.000943500 0.000943700 0.000944400 
[1] 0.000942900 0.000945000 0.000943000 0.000943100 0.000942800 0.000943300 0.000944500 0.000944100 0.000943000 0.000944700 
[2] 0.000943600 0.001201400 0.000957800 0.000944000 0.000944200 0.000943800 0.000943000 0.000943600 0.000943500 0.000943100 
[3] 0.000944200 0.000943400 0.000943200 0.000944200 0.000942900 0.000943200 0.000943400 0.001091900 0.001168200 0.000944300 
[4] 0.000943900 0.000943700 0.000944100 0.000944100 0.000943500 0.000942800 0.000943600 0.000944000 0.000942700 0.000943600 
[5] 0.000943800 0.000942600 0.000943000 0.000942700 0.001227500 0.000944200 0.000944600 0.000944000 0.000943200 0.000943500 
[6] 0.000943000 0.000943300 0.000944200 0.000944900 0.000943600 0.000944100 0.000943500 0.000943700 0.000942900 0.000942400 
[7] 0.001228700 0.000945300 0.000943400 0.000943600 0.000943700 0.000944700 0.000982900 0.000945500 0.000943500 0.000944000 
[8] 0.000943100 0.000942300 0.000944000 0.000944100 0.000944400 0.000943900 0.000943800 0.000944500 0.000943300 0.000943800 
[9] 0.000943000 0.000944000 0.000943300 0.001310300 0.000944600 0.000943000 0.000943000 0.000944200 0.000942900 0.000943400 
[AVERAGE] 0.000963186 s
[STANDARD DEVIATION] 0.000070733 s

FEN: r3k2r/5ppp/p2q2b1/1p2p3/5BP1/7P/PPP1QP2/R5K1 w kq - 0 2
        [0]         [1]         [2]         [3]         [4]         [5]         [6]         [7]         [8]         [9]
[0] 0.007009700 0.007309700 0.006996900 0.007205200 0.006998400 0.007325100 0.006996700 0.007285800 0.006997500 0.006999200 
[1] 0.007291700 0.007002700 0.006996500 0.007233900 0.006998600 0.007311300 0.006995000 0.007281000 0.006998200 0.007386300 
[2] 0.007002100 0.007277700 0.006999400 0.006999400 0.007317700 0.007005700 0.007001400 0.007377800 0.006997600 0.007241800 
[3] 0.006998800 0.007193500 0.007000000 0.007779500 0.007677200 0.007698100 0.007148300 0.007037100 0.007303700 0.007046000 
[4] 0.007295500 0.007240300 0.006998400 0.007643500 0.006997500 0.007296300 0.007001300 0.007329800 0.006997400 0.007236500 
[5] 0.006996200 0.008390000 0.007321800 0.006994100 0.007373900 0.007004200 0.007307000 0.006997900 0.006997200 0.007271400 
[6] 0.006997800 0.007393900 0.006996100 0.007344800 0.007185800 0.007341700 0.007301000 0.007175800 0.007341800 0.007179000 
[7] 0.007451300 0.007004400 0.006997500 0.007243000 0.006995900 0.007360800 0.006996400 0.007365000 0.006999100 0.007190000 
[8] 0.007032900 0.007086600 0.007399800 0.006997100 0.007243700 0.007156600 0.006996700 0.007182900 0.006994000 0.007356500 
[9] 0.006996200 0.007196700 0.006998000 0.007242600 0.007071300 0.007000200 0.007402900 0.008971000 0.007903800 0.008471100 
[AVERAGE] 0.007219741 s
[STANDARD DEVIATION] 0.000316334 s

FEN: 5bk1/pp3Qpn/3q4/4NpP1/2p2P2/7P/4K3/8 b - - 0 2
        [0]         [1]         [2]         [3]         [4]         [5]         [6]         [7]         [8]         [9]
[0] 0.006011100 0.005820600 0.006230000 0.005569100 0.006398500 0.005968800 0.005965900 0.006165300 0.005626600 0.005693100 
[1] 0.005695700 0.005366700 0.006296100 0.006045800 0.005312500 0.006425600 0.006190600 0.005579600 0.006012400 0.005676700 
[2] 0.005745500 0.006212500 0.005651200 0.006356000 0.005737900 0.005804100 0.005457000 0.005331900 0.005315300 0.005611100 
[3] 0.005221000 0.005207300 0.005509500 0.005232600 0.005279900 0.005343500 0.005179900 0.005175600 0.005516200 0.005181400 
[4] 0.005178300 0.005424900 0.005180600 0.005178200 0.005476300 0.005239000 0.005837600 0.005211000 0.005570400 0.005231500 
[5] 0.005222500 0.005427500 0.005197400 0.005195200 0.005419300 0.005224100 0.005297200 0.005536500 0.005180500 0.005179800 
[6] 0.005424000 0.005180600 0.005180300 0.006009600 0.005219000 0.005178100 0.005179900 0.005537300 0.005178300 0.005176500 
[7] 0.005330800 0.005179600 0.005178600 0.005433000 0.005179300 0.005181800 0.005552300 0.005181500 0.005180200 0.005424000 
[8] 0.005176400 0.005335100 0.005248300 0.005213700 0.005179000 0.005180300 0.005625100 0.005184100 0.005180300 0.005438100 
[9] 0.005180200 0.005181800 0.005453300 0.005180600 0.005180700 0.005588000 0.005181900 0.005182400 0.005441600 0.005181300 
[AVERAGE] 0.005461248 s
[STANDARD DEVIATION] 0.000340843 s

FEN: 3r1r1k/p4q1n/1p5p/2p1bp1n/P2p3N/8/1PPQ1B1P/1K1R2R1 w - - 0 2
        [0]         [1]         [2]         [3]         [4]         [5]         [6]         [7]         [8]         [9]
[0] 0.003722900 0.003960100 0.003715300 0.003752600 0.003715800 0.003717300 0.003714800 0.004139100 0.003713400 0.003711400 
[1] 0.003712600 0.004001500 0.003713100 0.003712400 0.003711700 0.003994300 0.003713300 0.003710300 0.003711300 0.004095000 
[2] 0.003711100 0.003715200 0.003713000 0.003859500 0.003714400 0.003714300 0.003713400 0.003952200 0.003748000 0.003746400 
[3] 0.003771600 0.003724700 0.003711500 0.004066300 0.003714100 0.003715600 0.003714700 0.003921400 0.003773000 0.003756800 
[4] 0.003713700 0.004044800 0.003730000 0.003714300 0.003715000 0.003713700 0.004410100 0.003714700 0.003713600 0.003712800 
[5] 0.003967200 0.003713800 0.003712400 0.003713000 0.003913600 0.003768900 0.003712500 0.003713700 0.003715100 0.003713000 
[6] 0.004384900 0.003728000 0.004006300 0.003787900 0.003713900 0.003753500 0.003989900 0.003713400 0.003758000 0.003758500 
[7] 0.004084000 0.003771400 0.003741800 0.003728800 0.004252600 0.003735400 0.003713800 0.003715100 0.003972100 0.003714000 
[8] 0.003713200 0.003713400 0.003782800 0.003714600 0.003784400 0.003711300 0.004027700 0.003712900 0.003713600 0.003713900 
[9] 0.003909100 0.003713000 0.003710700 0.003714000 0.003851700 0.003713400 0.003715100 0.003710900 0.003994500 0.003713000 
[AVERAGE] 0.003795778 s
[STANDARD DEVIATION] 0.000148416 s

FEN: r7/6kp/3pp1p1/8/4P3/5P2/5BPP/rR4K1 w - - 0 2
        [0]         [1]         [2]         [3]         [4]         [5]         [6]         [7]         [8]         [9]
[0] 0.007064800 0.007374300 0.007056800 0.007325600 0.007222300 0.007373700 0.007154600 0.007147100 0.007286800 0.007107000 
[1] 0.007137800 0.007622500 0.007093000 0.007094600 0.007370200 0.007098700 0.007090100 0.007368700 0.007216000 0.007350500 
[2] 0.007110100 0.007147400 0.007416600 0.007847300 0.007385100 0.007511200 0.008031500 0.007284200 0.008246800 0.007515000 
[3] 0.008443600 0.008149800 0.007231500 0.008048200 0.008010400 0.009056200 0.007866400 0.007929200 0.007799700 0.008750200 
[4] 0.007815700 0.007406600 0.007852000 0.007719100 0.007287700 0.007483100 0.007133500 0.007874600 0.007671600 0.008048200 
[5] 0.007945400 0.010491800 0.007798100 0.008457700 0.008438300 0.007799200 0.008178500 0.007864800 0.007806900 0.008080900 
[6] 0.007475500 0.007966200 0.007364800 0.007817500 0.007305000 0.007866600 0.007593400 0.007288100 0.008978600 0.007918700 
[7] 0.007347200 0.008233100 0.007423700 0.007215800 0.007815600 0.007417000 0.008112100 0.007350400 0.008258000 0.007273900 
[8] 0.007509200 0.007142400 0.007165800 0.007404600 0.007269800 0.007104100 0.007425500 0.007103200 0.007093300 0.007322000 
[9] 0.007563600 0.007452600 0.007120000 0.007127200 0.007231300 0.007216400 0.007136400 0.007387500 0.007122600 0.007119000 
[AVERAGE] 0.007595269 s
[STANDARD DEVIATION] 0.000530299 s

FEN: 2r1n1k1/1bq2pp1/p3p2p/8/1P1R1Q2/2N2P1P/1P3P2/1B4K1 b - - 0 2
        [0]         [1]         [2]         [3]         [4]         [5]         [6]         [7]         [8]         [9]
[0] 0.012873500 0.013680500 0.014693100 0.016533100 0.015599600 0.015089000 0.015914700 0.015608100 0.016141200 0.015827300 
[1] 0.015915600 0.018181100 0.015439000 0.016118300 0.015555900 0.016738600 0.015470300 0.015588000 0.015666000 0.014858400 
[2] 0.016767200 0.016583000 0.015457300 0.017093600 0.018720100 0.018233200 0.017783400 0.014849200 0.016125800 0.016456400 
[3] 0.016128500 0.015409200 0.016337500 0.017188400 0.016129300 0.016793900 0.015726300 0.015027500 0.016362900 0.017553000 
[4] 0.016635800 0.015691900 0.015374000 0.016078500 0.013535400 0.013135600 0.016160200 0.016364900 0.015505600 0.015781400 
[5] 0.015538700 0.016598900 0.016127700 0.016217900 0.015717300 0.015985200 0.016671700 0.015421300 0.014824300 0.015282500 
[6] 0.015071500 0.013191600 0.014192400 0.012722100 0.016206800 0.020206400 0.016036600 0.014534100 0.014549000 0.013645200 
[7] 0.014370700 0.014462700 0.014944300 0.014499400 0.014317700 0.014438400 0.014364600 0.014325500 0.014344700 0.014536000 
[8] 0.014859400 0.014357000 0.013324300 0.013201600 0.012965200 0.012563600 0.012722400 0.012853800 0.012724600 0.012746500 
[9] 0.012816000 0.012482500 0.012811100 0.018186000 0.027941500 0.014301500 0.014741400 0.014284000 0.013566500 0.014136100 
[AVERAGE] 0.015374105 s
[STANDARD DEVIATION] 0.001961333 s

FEN: 4rb2/5kp1/1p2p2p/5p2/1PP5/2Bq1NP1/5P1P/4R1K1 w - - 0 2
        [0]         [1]         [2]         [3]         [4]         [5]         [6]         [7]         [8]         [9]
[0] 0.006020300 0.006461900 0.006984200 0.005659100 0.006211800 0.006231100 0.005853400 0.006375500 0.006354200 0.005634400 
[1] 0.005944600 0.005997300 0.006055400 0.006013100 0.006070300 0.005572200 0.005856500 0.005513600 0.005884900 0.006203400 
[2] 0.005330600 0.005595300 0.005186200 0.005160800 0.005650900 0.006369500 0.005175600 0.006070100 0.006101900 0.005418100 
[3] 0.005265700 0.005987400 0.005418000 0.005667000 0.005435700 0.005435900 0.005195900 0.005074500 0.005494000 0.005077400 
[4] 0.005074400 0.005072900 0.006968600 0.005293700 0.005388600 0.005161200 0.005075700 0.005327400 0.005067000 0.005031200 
[5] 0.005030200 0.005030900 0.005373800 0.005028800 0.005028100 0.005305500 0.005038200 0.005034600 0.005291400 0.005032900 
[6] 0.005029800 0.005420600 0.005034200 0.005033100 0.005257600 0.005031300 0.005029900 0.005353700 0.005073500 0.005032900 
[7] 0.005030500 0.005490600 0.005030900 0.005030300 0.005253700 0.005035100 0.005030100 0.005268400 0.005032800 0.005031200 
[8] 0.005881300 0.005418400 0.005358100 0.005461600 0.005169200 0.005132600 0.005186000 0.005136400 0.005088900 0.005077600 
[9] 0.005397500 0.005075500 0.005187400 0.005302400 0.005145600 0.005031700 0.005228400 0.005033400 0.005035100 0.005394200 
[AVERAGE] 0.005429343 s
[STANDARD DEVIATION] 0.000454957 s

FEN: 6k1/5p2/6p1/8/7p/8/6PP/6K1 b - - 0 0
        [0]         [1]         [2]         [3]         [4]         [5]         [6]         [7]         [8]         [9]
[0] 0.000015300 0.000013100 0.000012700 0.000012400 0.000012400 0.000012300 0.000012300 0.000012400 0.000012300 0.000012300 
[1] 0.000012300 0.000012300 0.000012200 0.000012300 0.000012400 0.000012300 0.000012400 0.000012400 0.000012400 0.000012400 
[2] 0.000012300 0.000012400 0.000012300 0.000012300 0.000012400 0.000012300 0.000012200 0.000012400 0.000012300 0.000012300 
[3] 0.000012300 0.000012300 0.000012300 0.000012200 0.000012300 0.000012400 0.000012300 0.000012300 0.000012400 0.000012300 
[4] 0.000012300 0.000012200 0.000012400 0.000012400 0.000012400 0.000012300 0.000012300 0.000012300 0.000012300 0.000012400 
[5] 0.000012300 0.000012300 0.000012300 0.000012300 0.000012300 0.000012300 0.000012400 0.000012400 0.000012300 0.000012300 
[6] 0.000012400 0.000012400 0.000012300 0.000012300 0.000012300 0.000012300 0.000012300 0.000012300 0.000012300 0.000012500 
[7] 0.000012400 0.000012300 0.000012400 0.000012200 0.000012300 0.000012300 0.000012400 0.000012200 0.000012200 0.000012300 
[8] 0.000012400 0.000012300 0.000012300 0.000012300 0.000012400 0.000012200 0.000012300 0.000012400 0.000012300 0.000012300 
[9] 0.000012400 0.000012400 0.000012300 0.000012300 0.000012400 0.000012400 0.000012300 0.000012300 0.000012300 0.000012200 
[AVERAGE] 0.000012366 s
[STANDARD DEVIATION] 0.000000313 s

FEN: 3k4/2n2B2/1KP5/2B2p2/5b1p/7P/8/8 b - - 0 0
        [0]         [1]         [2]         [3]         [4]         [5]         [6]         [7]         [8]         [9]
[0] 0.000549700 0.000543000 0.000541700 0.000540500 0.000540700 0.000541000 0.000540000 0.000539100 0.000540000 0.000540300 
[1] 0.000539000 0.000539900 0.000540100 0.000540100 0.000540000 0.000539400 0.000540700 0.000540000 0.000539800 0.000539300 
[2] 0.000539600 0.000540500 0.000539700 0.000556300 0.000754700 0.000541000 0.000540300 0.000539900 0.000539700 0.000539900 
[3] 0.000539200 0.000538900 0.000538800 0.000540100 0.000539700 0.000540000 0.000539600 0.000539500 0.000539700 0.000539100 
[4] 0.000538500 0.000539700 0.000539300 0.000539100 0.000540700 0.000539600 0.000538700 0.000539100 0.000539400 0.000539700 
[5] 0.000539500 0.000539900 0.000688900 0.000679700 0.000582300 0.000639500 0.000714500 0.000638400 0.000655200 0.000596200 
[6] 0.000567000 0.000539400 0.000597600 0.000538100 0.000539000 0.000539000 0.000539100 0.000538800 0.000540100 0.000539900 
[7] 0.000539200 0.000539900 0.000538600 0.000538700 0.000539700 0.000539700 0.000539200 0.000539300 0.000539200 0.000539600 
[8] 0.000539900 0.000539600 0.000539300 0.000539700 0.000539000 0.000538600 0.000538800 0.000539000 0.000539700 0.000538800 
[9] 0.000538900 0.000674300 0.000674300 0.000541700 0.000541600 0.000540700 0.000539000 0.000541200 0.000540000 0.000539700 
[AVERAGE] 0.000554433 s
[STANDARD DEVIATION] 0.000041922 s

FEN: r7/4R2P/3p4/3k1K2/2p5/8/8/8 b - - 0 0
        [0]         [1]         [2]         [3]         [4]         [5]         [6]         [7]         [8]         [9]
[0] 0.000589900 0.000584700 0.000584100 0.000584100 0.000584400 0.000586400 0.000584500 0.000582500 0.000585300 0.000584200 
[1] 0.000583300 0.000583400 0.000582400 0.000582600 0.000582500 0.000581900 0.000584400 0.000586200 0.000717900 0.000646900 
[2] 0.000648400 0.000640000 0.000583300 0.000583100 0.000585300 0.000582900 0.000583100 0.000582900 0.000582600 0.000582600 
[3] 0.000582700 0.000582600 0.000582500 0.000583800 0.000582300 0.000582300 0.000582500 0.000581200 0.000582400 0.000583000 
[4] 0.000581600 0.000582200 0.000582600 0.000582600 0.000747500 0.000690200 0.000584900 0.000583600 0.000583300 0.000583800 
[5] 0.000582200 0.000582200 0.000582400 0.000582200 0.000582400 0.000583500 0.000583400 0.000581300 0.000581800 0.000582000 
[6] 0.000582600 0.000582200 0.000582400 0.000582000 0.000582200 0.000582700 0.000582400 0.000583500 0.000582200 0.000585600 
[7] 0.000613000 0.000991200 0.000582600 0.000582500 0.000582800 0.000582000 0.000582700 0.000583200 0.000583000 0.000582000 
[8] 0.000582800 0.000583100 0.000582400 0.000582000 0.000583400 0.000583100 0.000582400 0.000582100 0.000583100 0.000584200 
[9] 0.000581900 0.000582400 0.000581900 0.000581700 0.000583100 0.000582900 0.000583200 0.000794200 0.000584300 0.000583600 
[AVERAGE] 0.000595474 s
[STANDARD DEVIATION] 0.000051485 s

FEN: 8/8/5p2/1P1K1k2/8/2r5/8/7R w - - 0 0
        [0]         [1]         [2]         [3]         [4]         [5]         [6]         [7]         [8]         [9]
[0] 0.000671600 0.000667000 0.000665700 0.000665600 0.000665400 0.000665600 0.000664900 0.000665200 0.000665500 0.000665200 
[1] 0.000665900 0.000665200 0.000665100 0.000665700 0.000665500 0.000665300 0.000665300 0.000665200 0.000665400 0.000665400 
[2] 0.000974900 0.000666700 0.000665700 0.000665100 0.000665800 0.000665600 0.000665300 0.000665800 0.000665600 0.000719900 
[3] 0.000665800 0.000664900 0.000665600 0.000665400 0.000665700 0.000665000 0.000665800 0.000665700 0.000664600 0.000664800 
[4] 0.000666000 0.000665800 0.000664600 0.000664600 0.000664800 0.000664500 0.000665700 0.000665500 0.000665400 0.000665500 
[5] 0.000665100 0.000665200 0.000665400 0.000976600 0.000665800 0.000665900 0.000665800 0.000665400 0.000664900 0.000665400 
[6] 0.000665300 0.000665400 0.000665800 0.000665300 0.000664500 0.000665400 0.000665600 0.000665100 0.000665500 0.000665000 
[7] 0.000665100 0.000665900 0.000665600 0.000665500 0.000665900 0.000665100 0.000917300 0.000666700 0.000666300 0.000665300 
[8] 0.000666600 0.000665700 0.000665700 0.000664600 0.000665900 0.000666300 0.000665800 0.000666200 0.000665500 0.000665700 
[9] 0.000666400 0.000665900 0.000665700 0.000665900 0.000665600 0.000665600 0.000665700 0.000665200 0.000665700 0.000902600 
[AVERAGE] 0.000677212 s
[STANDARD DEVIATION] 0.000054903 s

FEN: 5n2/R7/4pk2/8/5PK1/8/8/8 b - - 0 0
        [0]         [1]         [2]         [3]         [4]         [5]         [6]         [7]         [8]         [9]
[0] 0.000203000 0.000200100 0.000198800 0.000197600 0.000196800 0.000196600 0.000196100 0.000196100 0.000195900 0.000195800 
[1] 0.000196200 0.000195900 0.000195700 0.000196200 0.000196300 0.000196300 0.000195600 0.000195500 0.000195700 0.000195300 
[2] 0.000195200 0.000196000 0.000196000 0.000196200 0.000195600 0.000196100 0.000195400 0.000196100 0.000195800 0.000196400 
[3] 0.000196300 0.000195600 0.000195900 0.000195500 0.000195800 0.000195900 0.000196100 0.000196000 0.000195700 0.000196000 
[4] 0.000195900 0.000195500 0.000195800 0.000195900 0.000196000 0.000195900 0.000195700 0.000195900 0.000195600 0.000195400 
[5] 0.000195800 0.000195700 0.000195200 0.000196000 0.000195800 0.000195900 0.000196000 0.000195600 0.000195800 0.000195900 
[6] 0.000196000 0.000195700 0.000195500 0.000195900 0.000195300 0.000195900 0.000196100 0.000196200 0.000195900 0.000195800 
[7] 0.000195600 0.000195800 0.000195800 0.000196100 0.000195600 0.000378600 0.000267800 0.000240300 0.000230200 0.000202200 
[8] 0.000201500 0.000202100 0.000211400 0.000196200 0.000196000 0.000196500 0.000196400 0.000196200 0.000196200 0.000195600 
[9] 0.000196200 0.000196200 0.000195800 0.000196000 0.000195800 0.000195900 0.000195300 0.000195900 0.000195800 0.000196000 
[AVERAGE] 0.000199717 s
[STANDARD DEVIATION] 0.000020169 s

FEN: 3Q4/8/1k6/7p/p1p4P/2q3PB/7K/8 b - - 0 0
        [0]         [1]         [2]         [3]         [4]         [5]         [6]         [7]         [8]         [9]
[0] 0.004046400 0.004038700 0.004497800 0.004041800 0.004040800 0.004039100 0.004361000 0.004071600 0.004038800 0.004038900 
[1] 0.004035400 0.004322500 0.004043500 0.004041100 0.004038700 0.004318200 0.004037300 0.004033900 0.004037200 0.004200300 
[2] 0.004038100 0.005089800 0.004290600 0.004037200 0.004036200 0.004034400 0.004270100 0.004014700 0.004015100 0.004016700 
[3] 0.004539000 0.004103400 0.004037300 0.004035400 0.004035500 0.004285100 0.004038700 0.004035400 0.004035900 0.004307000 
[4] 0.004043000 0.004039500 0.004040300 0.004293600 0.004038500 0.004038500 0.004036000 0.004477400 0.004366300 0.004039800 
[5] 0.004174200 0.004038200 0.004037200 0.004037300 0.005607600 0.005013200 0.004559300 0.004827700 0.004067900 0.004151100 
[6] 0.004169900 0.004375800 0.004124900 0.005166000 0.005056900 0.004140300 0.004139400 0.004573400 0.004267300 0.004282600 
[7] 0.004165600 0.006105400 0.004463500 0.004506900 0.004761500 0.005082700 0.004266800 0.004348200 0.004322400 0.004437100 
[8] 0.004417400 0.004474100 0.004432200 0.004487400 0.004446800 0.004213800 0.004414000 0.004391200 0.004676300 0.004146400 
[9] 0.004386900 0.004708300 0.004437800 0.004144600 0.004397800 0.004763100 0.004450400 0.004152800 0.004620800 0.004482500 
[AVERAGE] 0.004309464 s
[STANDARD DEVIATION] 0.000356558 s

FEN: 4q3/2R4P/5R2/1p6/p3k3/P7/KP6/8 b - - 0 0
        [0]         [1]         [2]         [3]         [4]         [5]         [6]         [7]         [8]         [9]
[0] 0.002173800 0.002486100 0.002160400 0.002159700 0.002586500 0.002162800 0.002477900 0.002159600 0.002165500 0.002451100 
[1] 0.002716500 0.002814400 0.002396400 0.003164400 0.002443900 0.002336300 0.002636400 0.002224300 0.002484900 0.002233000 
[2] 0.002281200 0.002247200 0.002224000 0.002767200 0.002167100 0.002366300 0.002302800 0.002164400 0.002456600 0.002161900 
[3] 0.002535100 0.002262800 0.002168100 0.002410000 0.002160100 0.002159800 0.002464600 0.002401100 0.002444300 0.002171000 
[4] 0.002166500 0.003006000 0.002430400 0.002665800 0.002197300 0.002259300 0.002246700 0.002218000 0.002276900 0.002376100 
[5] 0.002164300 0.002445000 0.002169300 0.002370900 0.002164300 0.002162400 0.002597100 0.002166000 0.002443800 0.002163700 
[6] 0.002162700 0.002441600 0.002165000 0.002593000 0.002192200 0.002172400 0.002503100 0.002165300 0.002208800 0.002389500 
[7] 0.002399300 0.002473100 0.002160600 0.002159400 0.002449900 0.002159700 0.002570900 0.002224400 0.003191700 0.002521300 
[8] 0.002900700 0.002912200 0.002472700 0.002573600 0.002223400 0.002519500 0.002218400 0.002218400 0.002389800 0.002289600 
[9] 0.002287100 0.002183700 0.002158200 0.002425200 0.002162100 0.002474600 0.002172000 0.002165500 0.002465700 0.002159400 
[AVERAGE] 0.002361150 s
[STANDARD DEVIATION] 0.000226309 s

FEN: R7/8/5rk1/5p2/1p5P/5KP1/P7/8 b - - 0 0
        [0]         [1]         [2]         [3]         [4]         [5]         [6]         [7]         [8]         [9]
[0] 0.000516500 0.000506800 0.000509000 0.000504600 0.000802600 0.000517300 0.000507000 0.000503600 0.000506600 0.000503700 
[1] 0.000721500 0.000507700 0.000504000 0.000511900 0.000519100 0.000784500 0.000506700 0.000504600 0.000505900 0.000504800 
[2] 0.000505100 0.000503700 0.000505400 0.000504100 0.000505000 0.000503400 0.000813500 0.000503500 0.000506100 0.000504300 
[3] 0.000505900 0.000503100 0.000505500 0.000503300 0.000505700 0.000503800 0.000504700 0.000792900 0.000603200 0.000816600 
[4] 0.000569100 0.000658300 0.000537200 0.000551400 0.000533800 0.000535200 0.000645000 0.000642300 0.000533600 0.000605500 
[5] 0.000533700 0.000560300 0.000579800 0.000561300 0.000534100 0.000618100 0.000824100 0.000620700 0.000652500 0.000829200 
[6] 0.000542500 0.000666800 0.000614500 0.000505700 0.000504300 0.000693500 0.000634200 0.000506400 0.000509000 0.000505400 
[7] 0.000508400 0.000504600 0.000506800 0.000504500 0.000507100 0.000504000 0.000581900 0.000686400 0.000507500 0.000504000 
[8] 0.000506500 0.000503800 0.000506900 0.000503400 0.000506200 0.000503600 0.000506100 0.000536400 0.000705200 0.000507600 
[9] 0.000504200 0.000506900 0.000504200 0.000874500 0.000507600 0.000504700 0.000505900 0.000503600 0.000796100 0.000520600 
[AVERAGE] 0.000561839 s
[STANDARD DEVIATION] 0.000095887 s

FEN: 3k4/5ppp/2q5/3p2r1/8/1Q3P2/P4P1P/3R3K w - - 0 1
        [0]         [1]         [2]         [3]         [4]         [5]         [6]         [7]         [8]         [9]
[0] 0.005878800 0.005875300 0.006143100 0.005881500 0.005990800 0.005836400 0.005839700 0.006168300 0.005864500 0.005937400 
[1] 0.005847800 0.005871000 0.006181900 0.005858200 0.006155600 0.005861200 0.005845200 0.005808100 0.005864700 0.005862000 
[2] 0.006640000 0.006019800 0.006137100 0.005806100 0.005854000 0.006067200 0.005855800 0.006134300 0.005919000 0.005857900 
[3] 0.005983800 0.005878200 0.006050500 0.006652200 0.006951500 0.006890500 0.005913400 0.005901200 0.005880400 0.005854900 
[4] 0.006071500 0.005840100 0.006112300 0.005846400 0.005829800 0.006126500 0.005982900 0.005828600 0.005992700 0.006452400 
[5] 0.005951800 0.005865800 0.005856000 0.006107300 0.005826300 0.006089100 0.005971100 0.005851700 0.005872400 0.005886900 
[6] 0.005781700 0.006948400 0.007061500 0.006333300 0.005927200 0.005944900 0.005882200 0.005816700 0.006149900 0.005819600 
[7] 0.005826700 0.006080100 0.005899200 0.006235600 0.005817500 0.005869800 0.006281200 0.005850300 0.005894400 0.006214300 
[8] 0.005922200 0.006854000 0.005779700 0.005982200 0.006171300 0.005902600 0.006104400 0.005827700 0.005874000 0.005958400 
[9] 0.005820500 0.006562900 0.005930900 0.005863800 0.006115500 0.005843600 0.006008400 0.005854700 0.005844300 0.006066800 
[AVERAGE] 0.006021033 s
[STANDARD DEVIATION] 0.000274718 s

FEN: 4R3/1k6/1p2P1p1/p7/4r3/1P1r4/1K6/2R5 w - - 0 0
        [0]         [1]         [2]         [3]         [4]         [5]         [6]         [7]         [8]         [9]
[0] 0.001648700 0.001892800 0.001642100 0.001638500 0.001808500 0.001774900 0.001781400 0.001745900 0.001916600 0.001649200 
[1] 0.001649100 0.001955200 0.001648200 0.001656800 0.001795200 0.002015500 0.002221000 0.002717200 0.002053400 0.001936400 
[2] 0.001841500 0.001739300 0.001699300 0.002260100 0.001651600 0.001649600 0.001728800 0.001778800 0.001706600 0.001693900 
[3] 0.001854400 0.001691400 0.001898000 0.001921600 0.001650600 0.001646700 0.001817000 0.001830400 0.001648500 0.001645400 
[4] 0.002208300 0.001646000 0.001650400 0.001857300 0.001646800 0.001650500 0.002090700 0.001894800 0.002002300 0.001929000 
[5] 0.002117500 0.001722600 0.001798500 0.002269200 0.001687500 0.001775700 0.001887600 0.001689500 0.001688100 0.001867800 
[6] 0.001699900 0.001685900 0.001965400 0.001645200 0.001645000 0.001780500 0.001818700 0.001646900 0.001649700 0.001961800 
[7] 0.001658100 0.001643700 0.001879600 0.001646400 0.001815700 0.001665600 0.001889400 0.001646100 0.001643900 0.001943600 
[8] 0.001646300 0.001645100 0.001786500 0.001941900 0.001660200 0.001645100 0.001902500 0.001899800 0.002082600 0.001922500 
[9] 0.001688100 0.001869900 0.001891500 0.001645200 0.001643300 0.002274200 0.001819100 0.001645500 0.001804000 0.002070100 
[AVERAGE] 0.001809947 s
[STANDARD DEVIATION] 0.000188034 s

FEN: 5k2/R7/3K4/4p3/5P2/8/8/5r2 w - - 0 0
        [0]         [1]         [2]         [3]         [4]         [5]         [6]         [7]         [8]         [9]
[0] 0.000217300 0.000201100 0.000201400 0.000198100 0.000197900 0.000197900 0.000196900 0.000198900 0.000197500 0.000197200 
[1] 0.000197200 0.000197100 0.000198400 0.000197400 0.000197500 0.000197700 0.000197300 0.000303000 0.000300900 0.000224200 
[2] 0.000197000 0.000198800 0.000197300 0.000197200 0.000196800 0.000196800 0.000226700 0.000197100 0.000196900 0.000197000 
[3] 0.000197100 0.000197900 0.000197100 0.000196900 0.000196600 0.000197300 0.000207700 0.000197100 0.000196500 0.000197400 
[4] 0.000197000 0.000198600 0.000197100 0.000197400 0.000197000 0.000287900 0.000309200 0.000268200 0.000196900 0.000197900 
[5] 0.000197300 0.000197100 0.000196500 0.000196800 0.000198300 0.000196700 0.000196900 0.000196200 0.000197200 0.000198200 
[6] 0.000197100 0.000196500 0.000196600 0.000196300 0.000198000 0.000197000 0.000197200 0.000196500 0.000196400 0.000197900 
[7] 0.000196800 0.000197000 0.000196800 0.000214400 0.000482500 0.000302600 0.000199500 0.000201100 0.000198100 0.000198300 
[8] 0.000197500 0.000196900 0.000198500 0.000197500 0.000197300 0.000197200 0.000196700 0.000197900 0.000197000 0.000196900 
[9] 0.000197200 0.000197200 0.000198500 0.000196600 0.000197000 0.000197300 0.000197700 0.000198600 0.000197400 0.000197000 
[AVERAGE] 0.000207210 s
[STANDARD DEVIATION] 0.000036433 s

FEN: 5k2/1R6/4p1p1/1pr3Pp/7P/1K6/8/8 w - - 0 0
        [0]         [1]         [2]         [3]         [4]         [5]         [6]         [7]         [8]         [9]
[0] 0.000951000 0.000664200 0.000653500 0.000653500 0.000654400 0.000653400 0.000653600 0.000652100 0.000653600 0.000886700 
[1] 0.000653300 0.000651600 0.000654900 0.000654100 0.000652500 0.001058000 0.000769100 0.000982600 0.000654200 0.000680300 
[2] 0.000653700 0.000653900 0.000652300 0.000661600 0.000653400 0.000941700 0.000668200 0.000673700 0.000671300 0.000668600 
[3] 0.000670200 0.000670800 0.000668300 0.000702300 0.000701900 0.000669900 0.000748400 0.000671400 0.000670400 0.000669400 
[4] 0.000672000 0.000674200 0.000980800 0.000653500 0.000660700 0.000653400 0.000653100 0.000653800 0.000653500 0.000651900 
[5] 0.000795500 0.000755400 0.000652900 0.000655500 0.000653100 0.000652100 0.000654300 0.000653800 0.000653000 0.000925300 
[6] 0.000654600 0.000652900 0.000652300 0.000653300 0.000653100 0.000652700 0.000660700 0.000783400 0.000781800 0.000653300 
[7] 0.000654100 0.000651900 0.000653700 0.000653800 0.000652800 0.000653500 0.000938800 0.000653100 0.000652400 0.000653300 
[8] 0.000915400 0.000655000 0.000653600 0.000654000 0.000826300 0.000722600 0.000652800 0.000660700 0.000652200 0.000653400 
[9] 0.000652800 0.000652000 0.000652700 0.000943700 0.000653100 0.000651800 0.000654100 0.000653600 0.000650900 0.000653400 
[AVERAGE] 0.000696654 s
[STANDARD DEVIATION] 0.000092598 s

FEN: 5k2/8/p7/4K1P1/P4R2/6r1/8/8 b - - 0 0
        [0]         [1]         [2]         [3]         [4]         [5]         [6]         [7]         [8]         [9]
[0] 0.000722200 0.000906600 0.000754600 0.000876600 0.001171300 0.001054800 0.000757700 0.000835200 0.000831800 0.001013200 
[1] 0.000797000 0.000770800 0.000869200 0.000877600 0.000852500 0.000991800 0.000938900 0.000773800 0.000731500 0.000730500 
[2] 0.000955000 0.000821700 0.000947300 0.000732100 0.000743600 0.000736000 0.000785300 0.000730900 0.000731600 0.000939400 
[3] 0.000732400 0.000731300 0.000731400 0.000730200 0.000732100 0.000733200 0.000838800 0.000931400 0.000711800 0.000951300 
[4] 0.000714600 0.000713200 0.000711300 0.000712800 0.001007700 0.000713000 0.000713000 0.000711600 0.000740300 0.000711700 
[5] 0.000712100 0.000739300 0.000932200 0.000712200 0.000712700 0.000711900 0.000712900 0.000712500 0.000712400 0.000712000 
[6] 0.001083400 0.000713100 0.000712600 0.000710900 0.000720400 0.000713100 0.000712100 0.000850100 0.000819800 0.000711900 
[7] 0.000712200 0.000711900 0.000712700 0.000713600 0.000712100 0.000880400 0.000797800 0.000712200 0.000712100 0.000711600 
[8] 0.000712300 0.000928800 0.000882400 0.000947600 0.000714400 0.000712300 0.000713700 0.000712800 0.000711300 0.000712700 
[9] 0.000855700 0.000854500 0.000728600 0.000712000 0.000712200 0.000712300 0.000711600 0.000713100 0.000998500 0.000897800 
[AVERAGE] 0.000787924 s
[STANDARD DEVIATION] 0.000104857 s

FEN: 8/8/8/p2r1k2/7p/PP1RK3/6P1/8 b - - 0 0
        [0]         [1]         [2]         [3]         [4]         [5]         [6]         [7]         [8]         [9]
[0] 0.000567600 0.000376100 0.000400900 0.000333500 0.000332500 0.000332000 0.000342600 0.000331700 0.000331200 0.000333300 
[1] 0.000332200 0.000331900 0.000568600 0.000453100 0.000331000 0.000331500 0.000332500 0.000331600 0.000331600 0.000332800 
[2] 0.000332000 0.000331100 0.000332400 0.000332300 0.000331400 0.000332300 0.000577200 0.000518600 0.000535800 0.000416800 
[3] 0.000344200 0.000342600 0.000380900 0.000353500 0.000358700 0.000373800 0.000343000 0.000382000 0.000510100 0.000551500 
[4] 0.000486200 0.000516500 0.000498500 0.000489200 0.000423400 0.000445900 0.000368600 0.000563000 0.000485800 0.000491500 
[5] 0.000333700 0.000330900 0.000332100 0.000332800 0.000331100 0.000408400 0.000450600 0.000418400 0.000577200 0.000522200 
[6] 0.000379100 0.000578300 0.000333500 0.000332000 0.000332500 0.000332200 0.000331500 0.000332600 0.000361600 0.000331000 
[7] 0.000480700 0.000521400 0.000382500 0.000330200 0.000330000 0.000331700 0.000347000 0.000340000 0.000415600 0.000366400 
[8] 0.000342800 0.000355000 0.000341100 0.000341300 0.000341800 0.000340400 0.000458400 0.000370900 0.000340300 0.000341500 
[9] 0.000339700 0.000340700 0.000341800 0.000340900 0.000340100 0.000341200 0.000340200 0.000339800 0.000341500 0.000340900 
[AVERAGE] 0.000386145 s
[STANDARD DEVIATION] 0.000076339 s

FEN: 8/8/8/1P4p1/5k2/5p2/P6K/8 b - - 0 0
        [0]         [1]         [2]         [3]         [4]         [5]         [6]         [7]         [8]         [9]
[0] 0.000048300 0.000045600 0.000044500 0.000044300 0.000044100 0.000043900 0.000043900 0.000043700 0.000043600 0.000043800 
[1] 0.000045100 0.000043700 0.000043500 0.000043600 0.000043600 0.000043700 0.000043700 0.000043600 0.000043700 0.000043500 
[2] 0.000043600 0.000043600 0.000043800 0.000074300 0.000043700 0.000043700 0.000043600 0.000043900 0.000059000 0.000072700 
[3] 0.000044900 0.000043600 0.000043800 0.000043600 0.000043600 0.000056200 0.000042500 0.000042500 0.000042600 0.000042400 
[4] 0.000042700 0.000042600 0.000042500 0.000042600 0.000042600 0.000042600 0.000042500 0.000042500 0.000042500 0.000042600 
[5] 0.000042600 0.000042600 0.000042700 0.000043900 0.000042400 0.000042600 0.000042600 0.000042400 0.000042500 0.000042600 
[6] 0.000042500 0.000042500 0.000042600 0.000042400 0.000042600 0.000042300 0.000042400 0.000042500 0.000042700 0.000042600 
[7] 0.000042400 0.000042600 0.000042600 0.000042600 0.000042600 0.000042500 0.000058800 0.000055400 0.000042300 0.000042500 
[8] 0.000042400 0.000042400 0.000042400 0.000042500 0.000042400 0.000042500 0.000042600 0.000042600 0.000042500 0.000042600 
[9] 0.000042500 0.000042400 0.000042500 0.000042500 0.000042400 0.000042500 0.000042500 0.000042500 0.000043600 0.000042500 
[AVERAGE] 0.000044238 s
[STANDARD DEVIATION] 0.000005116 s

FEN: 3b2k1/1p3p2/p1p5/2P4p/1P2P1p1/5p2/5P2/4RK2 w - - 0 0
        [0]         [1]         [2]         [3]         [4]         [5]         [6]         [7]         [8]         [9]
[0] 0.000323800 0.000316200 0.000315800 0.000314100 0.000313300 0.000312800 0.000314800 0.000502500 0.000387300 0.000312800 
[1] 0.000312400 0.000487700 0.000355100 0.000314000 0.000312600 0.000312500 0.000311800 0.000314000 0.000312800 0.000312100 
[2] 0.000341900 0.000312100 0.000312100 0.000313100 0.000455200 0.000401900 0.000312300 0.000312000 0.000312600 0.000313800 
[3] 0.000311900 0.000312100 0.000313200 0.000312300 0.000311900 0.000312800 0.000311500 0.000312100 0.000313000 0.000313500 
[4] 0.000312600 0.000313400 0.000456100 0.000413500 0.000313600 0.000312200 0.000311700 0.000314400 0.000312900 0.000312400 
[5] 0.000313200 0.000311800 0.000312100 0.000313500 0.000312700 0.000312300 0.000404100 0.000495700 0.000316100 0.000478000 
[6] 0.000456400 0.000316700 0.000312800 0.000312600 0.000315100 0.000312300 0.000312100 0.000315400 0.000312000 0.000312500 
[7] 0.000315000 0.000312600 0.000312500 0.000315200 0.000312300 0.000312700 0.000311900 0.000515400 0.000384900 0.000315300 
[8] 0.000312100 0.000311700 0.000315100 0.000312100 0.000312100 0.000314700 0.000312100 0.000311900 0.000315900 0.000311700 
[9] 0.000311800 0.000312200 0.000314600 0.000311800 0.000311700 0.000602700 0.000312400 0.000315100 0.000312300 0.000312100 
[AVERAGE] 0.000334438 s
[STANDARD DEVIATION] 0.000055415 s

FEN: 5k2/3R4/2K1p1p1/4P1P1/5P2/8/3r4/8 b - - 0 0
        [0]         [1]         [2]         [3]         [4]         [5]         [6]         [7]         [8]         [9]
[0] 0.000353600 0.000336000 0.000334800 0.000554900 0.000363400 0.000337700 0.000332900 0.000332000 0.000335800 0.000333000 
[1] 0.000332500 0.000525300 0.000402700 0.000335700 0.000332600 0.000332100 0.000335300 0.000332100 0.000332300 0.000336200 
[2] 0.000332300 0.000331000 0.000335100 0.000331900 0.000332000 0.000335200 0.000332500 0.000347200 0.000580900 0.000332500 
[3] 0.000332800 0.000335500 0.000332200 0.000332300 0.000334900 0.000332400 0.000331600 0.000335400 0.000331700 0.000335200 
[4] 0.000376400 0.000332900 0.000342700 0.000332100 0.000476600 0.000584100 0.000338100 0.000338500 0.000334200 0.000333800 
[5] 0.000334600 0.000333100 0.000333400 0.000334900 0.000332800 0.000332600 0.000334100 0.000332400 0.000332500 0.000333700 
[6] 0.000347600 0.000548600 0.000332800 0.000332400 0.000334000 0.000332500 0.000332500 0.000333900 0.000331600 0.000332200 
[7] 0.000333300 0.000332400 0.000332000 0.000333900 0.000332500 0.000332600 0.000333300 0.000362700 0.000553900 0.000331900 
[8] 0.000332500 0.000332800 0.000334100 0.000638700 0.000525200 0.000347100 0.000422500 0.000406100 0.000333800 0.000636200 
[9] 0.000422200 0.000566500 0.000431800 0.000341400 0.000341100 0.000343300 0.000342900 0.000341600 0.000343100 0.000341500 
[AVERAGE] 0.000365200 s
[STANDARD DEVIATION] 0.000073574 s

FEN: 6k1/6pp/5p2/8/5P2/P7/2K4P/8 b - - 0 0
        [0]         [1]         [2]         [3]         [4]         [5]         [6]         [7]         [8]         [9]
[0] 0.000040700 0.000037800 0.000036800 0.000036400 0.000036300 0.000036200 0.000036200 0.000036000 0.000036100 0.000036100 
[1] 0.000036100 0.000036300 0.000036000 0.000037500 0.000036100 0.000036200 0.000036100 0.000036000 0.000036100 0.000036100 
[2] 0.000036000 0.000036100 0.000036100 0.000036100 0.000036200 0.000036100 0.000036200 0.000036100 0.000036000 0.000036100 
[3] 0.000036200 0.000036100 0.000035900 0.000036100 0.000036000 0.000036100 0.000036200 0.000036000 0.000036100 0.000036000 
[4] 0.000037300 0.000036000 0.000036100 0.000036100 0.000036100 0.000036000 0.000036100 0.000036100 0.000036000 0.000036100 
[5] 0.000036100 0.000036000 0.000036100 0.000036100 0.000036100 0.000036000 0.000036000 0.000036100 0.000036100 0.000036000 
[6] 0.000036200 0.000036100 0.000036200 0.000036100 0.000036000 0.000036100 0.000036100 0.000037300 0.000036100 0.000036200 
[7] 0.000036100 0.000036600 0.000036500 0.000063200 0.000036000 0.000036100 0.000036100 0.000036200 0.000036200 0.000036200 
[8] 0.000036100 0.000066200 0.000036200 0.000036100 0.000036100 0.000036200 0.000036000 0.000036000 0.000036000 0.000036200 
[9] 0.000036000 0.000036000 0.000038100 0.000036200 0.000036100 0.000036000 0.000036100 0.000036100 0.000036200 0.000036100 
[AVERAGE] 0.000036809 s
[STANDARD DEVIATION] 0.000004031 s

FEN: 8/3R4/8/r3N2p/P1Pp1P2/2k2K1P/3r4/8 w - - 0 0
        [0]         [1]         [2]         [3]         [4]         [5]         [6]         [7]         [8]         [9]
[0] 0.001083600 0.001077600 0.001084600 0.001047900 0.001364700 0.001137700 0.001177600 0.001052500 0.001050600 0.001317100 
[1] 0.001049900 0.001049300 0.001049700 0.001049500 0.001225100 0.001172200 0.001047800 0.001058700 0.001049500 0.001049200 
[2] 0.001361700 0.001053400 0.001049300 0.001050400 0.001049900 0.001329500 0.001050900 0.001049500 0.001192700 0.001667300 
[3] 0.001134500 0.001089400 0.001169000 0.001345200 0.001683500 0.001169800 0.001051200 0.001082600 0.001077000 0.001134900 
[4] 0.001571400 0.001237100 0.001076700 0.001089600 0.001225700 0.001113800 0.001179000 0.001078900 0.001080800 0.001188200 
[5] 0.001182700 0.001077000 0.001079900 0.001077000 0.001081900 0.001413300 0.001054100 0.001049300 0.001048700 0.001228000 
[6] 0.001341900 0.001050300 0.001050100 0.001049700 0.001050100 0.001340000 0.001049200 0.001048700 0.001049100 0.001050700 
[7] 0.001220800 0.001124600 0.001337500 0.001051200 0.001050000 0.001139500 0.001242000 0.001049600 0.001048800 0.001048600 
[8] 0.001050600 0.001348800 0.001050700 0.001056600 0.001051100 0.001049000 0.001537700 0.001120600 0.001050100 0.001049100 
[9] 0.001049200 0.001347100 0.001050900 0.001050800 0.001048200 0.001049000 0.001155900 0.001184400 0.001107600 0.001049800 
[AVERAGE] 0.001139692 s
[STANDARD DEVIATION] 0.000137875 s

FEN: 6k1/8/6r1/8/5b2/2PR4/4K3/8 w - - 0 0        [0]         [1]         [2]         [3]         [4]         [5]         [6]         [7]         [8]         [9]
[0] 0.000886700 0.001124400 0.001151800 0.000879700 0.000879800 0.000878800 0.000878200 0.000878800 0.001067600 0.000965100 
[1] 0.000877900 0.000885300 0.000879500 0.000875100 0.000878900 0.001155300 0.000934000 0.001261100 0.000978700 0.000878100 
[2] 0.001035900 0.000977700 0.000877400 0.000875100 0.000877300 0.000876400 0.000876800 0.001134600 0.000877200 0.000904800 
[3] 0.000875700 0.000878500 0.000958200 0.001235900 0.000905200 0.000876400 0.000876300 0.000874600 0.000875700 0.001036500 
[4] 0.000973900 0.000874300 0.000876500 0.000884700 0.000876500 0.000876300 0.001106600 0.000876500 0.000876500 0.000923700 
[5] 0.000970300 0.000877900 0.001165300 0.000877100 0.000879600 0.000878900 0.000877500 0.000878700 0.000983400 0.001021700 
[6] 0.000879300 0.000878200 0.000878600 0.000879000 0.000874200 0.001175100 0.000875200 0.001201400 0.000879400 0.000877900 
[7] 0.000879600 0.001115400 0.000879300 0.000879000 0.000876800 0.000885800 0.000878400 0.001151200 0.000890900 0.000877900 
[8] 0.000878200 0.000878900 0.000875500 0.001354900 0.000964900 0.000878700 0.000878900 0.000875700 0.000878300 0.000878800 
[9] 0.001180800 0.000887400 0.000878900 0.000878100 0.000878600 0.000879100 0.001153900 0.000878400 0.000878700 0.001000800 
[AVERAGE] 0.000940070 s
[STANDARD DEVIATION] 0.000110518 s

----------------------------------- AVERAGES ------------------------------------------


---------- REGULAR POSITIONS ----------

    [AVERAGE (s)]    [STANDARD DEVIATION (s)]
 [0] 0.004857836          0.000485489
 [1] 0.005882290          0.000825831
 [2] 0.013112328          0.000940183
 [3] 0.007977082          0.000634665
 [4] 0.013451371          0.001088695
 [5] 0.010543527          0.000590588
 [6] 0.009528380          0.000509649
 [7] 0.015691031          0.000806675
 [8] 0.016801181          0.001569502
 [9] 0.009555690          0.000589708
[10] 0.004278719          0.000346978
[11] 0.002316260          0.000269147
[12] 0.004326121          0.001390197
[13] 0.004772718          0.000349813
[14] 0.015491973          0.001083775
[15] 0.008924589          0.000593949
[16] 0.013276715          0.000459207
[17] 0.004926148          0.001395991
[18] 0.017740920          0.000619197
[19] 0.014193772          0.000942636

---------- TACTICAL POSITINOS ----------

    [AVERAGE (s)]    [STANDARD DEVIATION (s)]
 [0] 0.001112206          0.000133187
 [1] 0.007648373          0.000606231
 [2] 0.008194209          0.000334557
 [3] 0.032081941          0.001606754
 [4] 0.016948191          0.000399166
 [5] 0.001903840          0.000159462
 [6] 0.019156862          0.000691973
 [7] 0.030288208          0.003533591
 [8] 0.002715249          0.000283461
 [9] 0.011248209          0.001665316
[10] 0.009979753          0.000778524
[11] 0.000314216          0.000033244
[12] 0.004447576          0.000484079
[13] 0.000963186          0.000070733
[14] 0.007219741          0.000316334
[15] 0.005461248          0.000340843
[16] 0.003795778          0.000148416
[17] 0.007595269          0.000530299
[18] 0.015374105          0.001961333
[19] 0.005429343          0.000454957

---------- SMALL POSITIONS ----------

    [AVERAGE (s)]    [STANDARD DEVIATION (s)]
 [0] 0.000012366          0.000000313
 [1] 0.000554433          0.000041922
 [2] 0.000595474          0.000051485
 [3] 0.000677212          0.000054903
 [4] 0.000199717          0.000020169
 [5] 0.004309464          0.000356558
 [6] 0.002361150          0.000226309
 [7] 0.000561839          0.000095887
 [8] 0.006021033          0.000274718
 [9] 0.001809947          0.000188034
[10] 0.000207210          0.000036433
[11] 0.000696654          0.000092598
[12] 0.000787924          0.000104857
[13] 0.000386145          0.000076339
[14] 0.000044238          0.000005116
[15] 0.000334438          0.000055415
[16] 0.000365200          0.000073574
[17] 0.000036809          0.000004031
[18] 0.001139692          0.000137875
[19] 0.000940070          0.000110518


----------------------------------- AVERAGES ------------------------------------------





---------- SUMMARY ----------

0.004857836 0.005882290 0.013112328 0.007977082 0.013451371 0.010543527 0.009528380 0.015691031 0.016801181 0.009555690 0.004278719 0.002316260 0.004326121 0.004772718 0.015491973 0.008924589 0.013276715 0.004926148 0.017740920 0.014193772 
0.001112206 0.007648373 0.008194209 0.032081941 0.016948191 0.001903840 0.019156862 0.030288208 0.002715249 0.011248209 0.009979753 0.000314216 0.004447576 0.000963186 0.007219741 0.005461248 0.003795778 0.007595269 0.015374105 0.005429343 
0.000012366 0.000554433 0.000595474 0.000677212 0.000199717 0.004309464 0.002361150 0.000561839 0.006021033 0.001809947 0.000207210 0.000696654 0.000787924 0.000386145 0.000044238 0.000334438 0.000365200 0.000036809 0.001139692 0.000940070 
0.000856355 0.001106846 0.000136505 
