FEN: rn1q1rk1/pbp2pp1/1p2pb1p/3p4/2PP4/2N1PN2/PP2BPPP/R2QK2R w KQ - 0 10
        [0]         [1]         [2]         [3]         [4]         [5]         [6]         [7]         [8]         [9]
[0] 0.003590600 0.004083400 0.003897100 0.003551100 0.004055400 0.004161300 0.003574000 0.003972600 0.004136600 0.003563000 
[1] 0.004068300 0.003870100 0.003564600 0.004223200 0.004036400 0.003548300 0.004285500 0.004088700 0.003453100 0.004028800 
[2] 0.003953100 0.003692300 0.004468600 0.004174800 0.003541400 0.004117400 0.004154400 0.003496100 0.004181600 0.003733600 
[3] 0.003490600 0.003652700 0.003822000 0.003503900 0.003488600 0.003467200 0.003417500 0.003815600 0.003365800 0.003407000 
[4] 0.003361900 0.003682400 0.003404700 0.003347600 0.003400500 0.003362300 0.003594100 0.003390300 0.003376800 0.003376000 
[5] 0.003770200 0.003378000 0.003360000 0.003363200 0.003358500 0.003971300 0.004113800 0.004914700 0.005110300 0.004518800 
[6] 0.004328000 0.004416800 0.004565700 0.004589700 0.004259000 0.004382300 0.004277000 0.004359200 0.004991200 0.004185100 
[7] 0.004669900 0.004708500 0.004464700 0.004574500 0.004335000 0.004651700 0.004425300 0.004601700 0.004485300 0.004622000 
[8] 0.004716700 0.005121900 0.005130000 0.004996700 0.004983500 0.004595500 0.004499000 0.003993300 0.004234200 0.004088900 
[9] 0.004272100 0.004846300 0.004946900 0.004834400 0.004809200 0.004948300 0.005605900 0.005305700 0.006319600 0.006688700 
[AVERAGE] 0.004156811 s
[STANDARD DEVIATION] 0.000647806 s

FEN: rn1q1rk1/pp2ppbp/2p3p1/3p1b2/2PPn3/1P3NP1/P2NPPBP/R1BQ1RK1 w - - 1 9
        [0]         [1]         [2]         [3]         [4]         [5]         [6]         [7]         [8]         [9]
[0] 0.004468200 0.004567300 0.004026800 0.003616400 0.003979600 0.003975200 0.003790500 0.004146100 0.003373500 0.003511200 
[1] 0.003944000 0.003432600 0.003856800 0.003962900 0.003477500 0.004339900 0.003808900 0.004047900 0.003799600 0.004067200 
[2] 0.004149500 0.003998000 0.004125100 0.003503400 0.003142000 0.003450400 0.003526400 0.004102300 0.003595800 0.004872000 
[3] 0.004917400 0.003530300 0.002961000 0.004032000 0.003289500 0.003149100 0.003650600 0.003429800 0.004190900 0.004022800 
[4] 0.003590000 0.003726900 0.003623100 0.003794000 0.004512200 0.003598600 0.003541500 0.004263500 0.003819000 0.003596500 
[5] 0.004518200 0.003878500 0.003847500 0.003507800 0.003156700 0.003711200 0.003430900 0.003463000 0.003615200 0.003539800 
[6] 0.003738500 0.003580600 0.003457400 0.003658900 0.003562900 0.003707000 0.004009200 0.003580400 0.004265600 0.003786500 
[7] 0.003224800 0.003438900 0.003086600 0.003306000 0.003281100 0.003272900 0.003688100 0.003838600 0.003776000 0.004131900 
[8] 0.003447000 0.004800600 0.004031800 0.002948700 0.003482800 0.003014500 0.002886500 0.003369100 0.003218900 0.003221000 
[9] 0.002882200 0.003146000 0.002846200 0.003533100 0.003136200 0.003117100 0.002901400 0.003449600 0.003151700 0.003639700 
[AVERAGE] 0.003671805 s
[STANDARD DEVIATION] 0.000443450 s

FEN: 1rbq1rk1/pp2ppbp/2n2np1/2pp4/5P2/N1PP1NP1/PP2P1BP/R1BQ1RK1 w - - 3 9
        [0]         [1]         [2]         [3]         [4]         [5]         [6]         [7]         [8]         [9]
[0] 0.006828500 0.007149300 0.008161500 0.006951300 0.007876400 0.007848900 0.006860700 0.006747100 0.007166200 0.007379600 
[1] 0.007150900 0.007611100 0.007033400 0.007111400 0.007492600 0.006526800 0.007247800 0.006627300 0.006581300 0.006987500 
[2] 0.008636200 0.007174700 0.006481700 0.006455000 0.007025900 0.006451300 0.008290800 0.007133500 0.006502100 0.006405000 
[3] 0.006084600 0.006647200 0.006138700 0.006309600 0.006765700 0.006774300 0.006847300 0.006648900 0.006956500 0.007131000 
[4] 0.006835700 0.006711200 0.006632000 0.006743100 0.006652800 0.006345500 0.006074200 0.005947500 0.006644100 0.005938100 
[5] 0.006248400 0.005949200 0.005999900 0.006231900 0.006254800 0.006278700 0.006532200 0.006572400 0.007184900 0.006082200 
[6] 0.006298200 0.006700800 0.006305700 0.006897100 0.006154100 0.006523000 0.006370200 0.006793300 0.006152900 0.006662800 
[7] 0.006694700 0.008353500 0.007387900 0.006763200 0.006210500 0.007008300 0.006559200 0.007588500 0.006857800 0.006882100 
[8] 0.006591800 0.007283000 0.007796000 0.006636600 0.006699200 0.006942400 0.006513600 0.007145200 0.007111600 0.007248400 
[9] 0.007629800 0.007300300 0.007024000 0.007043400 0.007275200 0.006844000 0.007228500 0.006979700 0.006463700 0.006616800 
[AVERAGE] 0.006835954 s
[STANDARD DEVIATION] 0.000537094 s

FEN: r2qkb1r/pp1n1ppp/2p2n2/3pp3/6b1/3P1NP1/PPPNPPBP/R1BQ1RK1 w kq - 0 7
        [0]         [1]         [2]         [3]         [4]         [5]         [6]         [7]         [8]         [9]
[0] 0.006328500 0.005951800 0.007421100 0.006408700 0.006717000 0.006569000 0.006455500 0.006944400 0.007182800 0.007147600 
[1] 0.007959400 0.009705500 0.008290300 0.007494200 0.008745100 0.006784000 0.006888900 0.006454900 0.007282800 0.006618600 
[2] 0.006419300 0.006543900 0.006949200 0.006240000 0.006433200 0.006389500 0.005973300 0.006672800 0.006003400 0.005851300 
[3] 0.006123400 0.005854600 0.005841400 0.006175300 0.005840300 0.006011100 0.007788500 0.006501600 0.006434000 0.006033900 
[4] 0.005882200 0.005894200 0.006329000 0.006068600 0.009439000 0.010665000 0.010660200 0.009091300 0.010192600 0.011497200 
[5] 0.009519900 0.008454400 0.010717000 0.008570000 0.008039700 0.007107300 0.007101400 0.007454700 0.007646900 0.011138500 
[6] 0.008073900 0.007306300 0.008683900 0.007711400 0.009385600 0.008615700 0.007009400 0.010440900 0.006773800 0.008709900 
[7] 0.007665200 0.010753600 0.009780500 0.009225400 0.008955500 0.010075100 0.008401600 0.006380400 0.006814000 0.006877200 
[8] 0.007320500 0.011104000 0.010684400 0.007319500 0.006709400 0.007266300 0.007047100 0.008146700 0.007953800 0.006748100 
[9] 0.007002400 0.006528400 0.007058100 0.006541100 0.006579500 0.006564600 0.006573900 0.006126200 0.006615800 0.006174300 
[AVERAGE] 0.007546026 s
[STANDARD DEVIATION] 0.001488981 s

FEN: rnbqkb1r/pp3pp1/2p1pn1p/8/2pP3B/2N2N2/PP2PPPP/R2QKB1R w KQkq - 0 7
        [0]         [1]         [2]         [3]         [4]         [5]         [6]         [7]         [8]         [9]
[0] 0.017261000 0.017113000 0.016400100 0.017416900 0.015757900 0.019634100 0.018438000 0.019700200 0.023848600 0.034729900 
[1] 0.028847500 0.020497800 0.018347300 0.019347200 0.019723200 0.018958700 0.021023100 0.019025200 0.017622200 0.019718000 
[2] 0.020901100 0.018473100 0.017922100 0.017953100 0.017060700 0.016106300 0.026335800 0.018634300 0.016857400 0.017691200 
[3] 0.016877400 0.017774200 0.018597600 0.017413900 0.019179500 0.017182400 0.017389900 0.017792100 0.015648900 0.016246700 
[4] 0.015512000 0.014776700 0.014834700 0.014765100 0.014737100 0.014813100 0.015609200 0.018797800 0.019027600 0.017749600 
[5] 0.017767700 0.017043800 0.015756400 0.015075200 0.015655200 0.018881900 0.018948900 0.017484600 0.017397600 0.016584400 
[6] 0.016368500 0.015465200 0.014870000 0.014841600 0.014913500 0.014692100 0.014909000 0.014624700 0.014427200 0.014799000 
[7] 0.014695800 0.014826700 0.014655800 0.014700600 0.014850000 0.014763600 0.014711600 0.014748600 0.014648900 0.014636500 
[8] 0.014810300 0.014738200 0.014712000 0.014764200 0.015118500 0.015319400 0.014609200 0.014719700 0.014676700 0.015130200 
[9] 0.017783100 0.014869400 0.014694500 0.015064500 0.014623100 0.014681500 0.014665700 0.014639600 0.014807500 0.014856400 
[AVERAGE] 0.016930988 s
[STANDARD DEVIATION] 0.003064512 s

FEN: r3k2r/pppqb1pp/2np1n2/4p2b/P1B1P3/2N1BN1P/1PP2PP1/R2Q1RK1 b kq - 0 11
        [0]         [1]         [2]         [3]         [4]         [5]         [6]         [7]         [8]         [9]
[0] 0.011229200 0.010978500 0.011247900 0.011311200 0.011042800 0.011165200 0.011206300 0.011279300 0.010926900 0.011197600 
[1] 0.011312600 0.011251000 0.011526900 0.011287300 0.011144900 0.010936700 0.011309800 0.011123000 0.010945600 0.011153500 
[2] 0.011314600 0.011304700 0.010937900 0.011102900 0.011678000 0.010938900 0.011178400 0.011221400 0.011334700 0.010921400 
[3] 0.011264000 0.011459900 0.010934000 0.011229600 0.012698100 0.011373400 0.011295000 0.011036300 0.011345600 0.011299600 
[4] 0.010918400 0.011348900 0.011206300 0.011193700 0.010958900 0.011294300 0.011146300 0.010939700 0.011199700 0.011179800 
[5] 0.011183000 0.010983200 0.011223600 0.011318200 0.010945700 0.011103900 0.011147500 0.011422500 0.010933800 0.011182500 
[6] 0.011218000 0.010910500 0.011290300 0.011239700 0.011121300 0.010970000 0.011308100 0.011099300 0.010948200 0.011363800 
[7] 0.011274200 0.011212400 0.010967100 0.011255700 0.011326400 0.011203600 0.011358900 0.011540800 0.011565000 0.010966500 
[8] 0.012030600 0.011176400 0.011300500 0.012241000 0.011458700 0.011684100 0.011325100 0.011538700 0.011580400 0.011115700 
[9] 0.010937000 0.011264500 0.011202600 0.011031700 0.011219400 0.011570000 0.011222600 0.010965200 0.011445200 0.011232900 
[AVERAGE] 0.011239566 s
[STANDARD DEVIATION] 0.000267907 s

FEN: r3k2r/1ppqb1pp/p1np1n2/4p2b/P1B1P3/2N1BN1P/1PP2PP1/R2QR1K1 b kq - 1 12
        [0]         [1]         [2]         [3]         [4]         [5]         [6]         [7]         [8]         [9]
[0] 0.013006600 0.011971000 0.012238200 0.012290000 0.012209000 0.012469400 0.012364500 0.012253100 0.012258600 0.012271200 
[1] 0.012008300 0.012299000 0.012246100 0.012290000 0.012348300 0.011992600 0.012248100 0.012445700 0.012407000 0.012238900 
[2] 0.011969600 0.012233000 0.012398500 0.012267800 0.012020300 0.012215300 0.018425200 0.018399700 0.012906000 0.016459200 
[3] 0.013057400 0.013236200 0.012516500 0.012175800 0.012283500 0.012331100 0.012244700 0.011996500 0.012268400 0.012364400 
[4] 0.012238900 0.013460700 0.013762100 0.012357000 0.012245300 0.012318800 0.013962000 0.019895700 0.014545800 0.012610200 
[5] 0.012403400 0.012321800 0.014188600 0.013223600 0.012366100 0.012580600 0.013436800 0.014113500 0.012470100 0.013391400 
[6] 0.013966900 0.012659200 0.012553000 0.012799200 0.015783300 0.012947100 0.012408500 0.012539000 0.012693300 0.012300200 
[7] 0.012870900 0.015704900 0.012551600 0.012454500 0.013358000 0.013699600 0.012685200 0.012376200 0.012589000 0.012205300 
[8] 0.012083400 0.012196700 0.014839300 0.013375800 0.012634600 0.012028700 0.014081300 0.015329500 0.012431400 0.012675600 
[9] 0.014954100 0.017198700 0.012400700 0.012482500 0.012546900 0.015436100 0.017874200 0.013894300 0.015351800 0.015263500 
[AVERAGE] 0.013177411 s
[STANDARD DEVIATION] 0.001555294 s

FEN: rn1qkb1r/1pp2ppp/p3bn2/3p2B1/3P4/2N1PN2/PP3PPP/R2QKB1R b KQkq - 0 7
        [0]         [1]         [2]         [3]         [4]         [5]         [6]         [7]         [8]         [9]
[0] 0.014171100 0.015376700 0.015077500 0.018960100 0.019082800 0.013628100 0.013284100 0.014533900 0.014258900 0.015179500 
[1] 0.013581400 0.013329600 0.013220800 0.013385800 0.013163600 0.013480100 0.013454100 0.013124800 0.015504800 0.013529200 
[2] 0.013388200 0.013497600 0.013332200 0.013432900 0.013282700 0.019679500 0.020698500 0.014618500 0.014916500 0.016365800 
[3] 0.015251600 0.017376800 0.021545800 0.017264300 0.016379000 0.020784800 0.014596600 0.016303100 0.014313600 0.013709600 
[4] 0.014407900 0.013077000 0.014665900 0.013479400 0.014907300 0.013989700 0.013014500 0.014985200 0.013567000 0.016103600 
[5] 0.014618900 0.014469200 0.014168500 0.013308100 0.014551500 0.013695900 0.013686300 0.014485000 0.021496500 0.019767000 
[6] 0.017989500 0.018225500 0.019616700 0.019037500 0.017984400 0.016678600 0.017088800 0.016169600 0.016485500 0.016334600 
[7] 0.016758600 0.017677500 0.021893900 0.021639300 0.020790000 0.019428500 0.022824300 0.018169100 0.019315300 0.020637000 
[8] 0.015807600 0.018274000 0.016893900 0.017520400 0.017469200 0.019403500 0.018525100 0.020620900 0.018431300 0.018391900 
[9] 0.027159700 0.018769200 0.024531900 0.015610400 0.015594400 0.015652100 0.016793400 0.016313900 0.023757000 0.020320400 
[AVERAGE] 0.016570933 s
[STANDARD DEVIATION] 0.002999627 s

FEN: r2qkb1r/1p1n1p1p/p1bpp3/2p5/4P3/2N3QP/PPP2PP1/R1B1RBK1 b kq - 1 13
        [0]         [1]         [2]         [3]         [4]         [5]         [6]         [7]         [8]         [9]
[0] 0.011357100 0.010906700 0.012012800 0.011676700 0.010172000 0.011673000 0.011761400 0.011115900 0.012244800 0.012322700 
[1] 0.011948100 0.011808800 0.013788700 0.012470200 0.010882800 0.011447300 0.012810700 0.011920000 0.010585200 0.012735000 
[2] 0.013814700 0.013878400 0.010855900 0.009721200 0.012543600 0.014081200 0.010879000 0.010971100 0.010446300 0.009780600 
[3] 0.010924700 0.010005000 0.009605700 0.009882200 0.010417900 0.010182600 0.009606300 0.009826900 0.010728300 0.010208300 
[4] 0.009680300 0.009421200 0.010839900 0.010034000 0.009553600 0.013012000 0.016020200 0.014199200 0.012581500 0.014402300 
[5] 0.014773100 0.011523500 0.016632300 0.013942900 0.012929200 0.010298800 0.010671800 0.013344600 0.010355600 0.010364000 
[6] 0.010849400 0.015046700 0.017577700 0.016808900 0.012629700 0.010490300 0.010307000 0.010668100 0.010707500 0.011153700 
[7] 0.015499700 0.010436900 0.012316300 0.016622200 0.011860300 0.014518300 0.012032200 0.011880800 0.010410000 0.010132600 
[8] 0.010034100 0.011735200 0.014063000 0.012400300 0.011292000 0.010590000 0.011153500 0.011001200 0.010912200 0.012582200 
[9] 0.012290800 0.014747300 0.011111800 0.012002300 0.011959300 0.011590900 0.012039200 0.011706300 0.011460800 0.011976200 
[AVERAGE] 0.011871767 s
[STANDARD DEVIATION] 0.001789252 s

FEN: rn1q1rk1/p1p2ppp/bp3n2/3p4/1b1P4/2N1PN2/PPBB1PPP/R2QK2R b KQ - 3 9
        [0]         [1]         [2]         [3]         [4]         [5]         [6]         [7]         [8]         [9]
[0] 0.005438100 0.004445000 0.004615900 0.005248700 0.005604900 0.005333800 0.005365100 0.005005900 0.004959200 0.004863000 
[1] 0.005071300 0.004967800 0.004934200 0.004666300 0.004507200 0.005072800 0.005376300 0.005341600 0.005227900 0.004503300 
[2] 0.004357200 0.004320200 0.004421700 0.004631000 0.004687500 0.006026300 0.005346000 0.005225800 0.005003500 0.005068200 
[3] 0.004696300 0.004714300 0.004277400 0.004697100 0.004778900 0.004875900 0.004574300 0.004539800 0.004479600 0.004879200 
[4] 0.004315100 0.004216500 0.004749700 0.004416200 0.004506300 0.004357400 0.004311000 0.004833300 0.005145500 0.004770300 
[5] 0.004478900 0.004688000 0.004748500 0.004762700 0.004813300 0.005052500 0.004503900 0.004803600 0.004930500 0.005153200 
[6] 0.004667900 0.004490900 0.004690700 0.005284500 0.004785900 0.004436600 0.004362500 0.004709200 0.004850500 0.005471600 
[7] 0.007117300 0.005679600 0.005777900 0.005478000 0.004830000 0.004437000 0.004947300 0.004966900 0.005196400 0.004998300 
[8] 0.005008500 0.005126400 0.005009700 0.004832500 0.004724800 0.004780100 0.004672900 0.004883800 0.004870700 0.005060500 
[9] 0.004788300 0.004740500 0.005002800 0.005792000 0.005072200 0.005148400 0.005698700 0.005026700 0.005440100 0.004801800 
[AVERAGE] 0.004913653 s
[STANDARD DEVIATION] 0.000434656 s

FEN: rnbq1rk1/pp2bppp/4pn2/3p4/2PN4/6P1/PPQ1PPBP/RNB2RK1 b - - 0 8
        [0]         [1]         [2]         [3]         [4]         [5]         [6]         [7]         [8]         [9]
[0] 0.005880200 0.005962800 0.005939200 0.005982700 0.006692400 0.005484500 0.005404800 0.005813300 0.005751700 0.005793400 
[1] 0.005704800 0.005909500 0.005768700 0.006924100 0.008005600 0.006917700 0.006395700 0.005649600 0.006153300 0.006350100 
[2] 0.005539200 0.005599500 0.005994100 0.006291600 0.006637500 0.006301100 0.007295300 0.006913900 0.005953100 0.006622500 
[3] 0.005684800 0.005346700 0.005557600 0.005290800 0.005202000 0.005131300 0.005190800 0.005206500 0.004900900 0.004860200 
[4] 0.005138200 0.004724500 0.004757700 0.005110600 0.004765600 0.004766100 0.005012100 0.004775400 0.004726800 0.004726800 
[5] 0.004915800 0.004739600 0.004726100 0.005050500 0.005183500 0.005112200 0.005415800 0.005022000 0.004885100 0.005163500 
[6] 0.005022400 0.004981900 0.006606700 0.006160200 0.006077300 0.006463200 0.005956900 0.005481400 0.006350700 0.005960400 
[7] 0.005903400 0.005672700 0.005943800 0.005978100 0.006170700 0.006029200 0.005638300 0.005643600 0.005980200 0.006590000 
[8] 0.005648600 0.006191000 0.005842000 0.005885000 0.006216200 0.005873400 0.005384400 0.005728400 0.005949000 0.006150500 
[9] 0.005721100 0.005668000 0.005439600 0.005792600 0.005307300 0.005591500 0.006003800 0.005862400 0.006131600 0.006118500 
[AVERAGE] 0.005718374 s
[STANDARD DEVIATION] 0.000625111 s

FEN: rnbqkb1r/pp1p1ppp/4pn2/2p5/2PP4/4PN2/PP3PPP/RNBQKB1R b KQkq - 0 4
        [0]         [1]         [2]         [3]         [4]         [5]         [6]         [7]         [8]         [9]
[0] 0.004241900 0.005109800 0.004572900 0.004875400 0.004904500 0.004347300 0.004604600 0.004368700 0.004987300 0.004634500 
[1] 0.004317000 0.004785700 0.004726400 0.004679000 0.004249100 0.004755200 0.004864600 0.004704800 0.004376200 0.004216800 
[2] 0.004376300 0.004478000 0.004676300 0.004395200 0.004728300 0.004660900 0.004479200 0.004591100 0.004688400 0.004846900 
[3] 0.004831200 0.004683000 0.004561400 0.004693800 0.004650800 0.004913900 0.005050300 0.004949200 0.005337600 0.004935100 
[4] 0.005552100 0.004717500 0.005048100 0.004590400 0.004707300 0.005589700 0.006561800 0.006438400 0.006374800 0.005505900 
[5] 0.004964300 0.005005400 0.004408300 0.004648800 0.004427900 0.004615100 0.004561700 0.005047100 0.004503600 0.004668900 
[6] 0.004605000 0.005012600 0.004632800 0.005150000 0.005038800 0.004572800 0.004453700 0.004879400 0.004577400 0.004680000 
[7] 0.004407500 0.004353700 0.004394200 0.004633000 0.004331000 0.004316200 0.004613900 0.004258600 0.004568800 0.004019000 
[8] 0.004158000 0.004188800 0.003908700 0.003947600 0.003928900 0.004276600 0.004978200 0.004805100 0.004111000 0.005467100 
[9] 0.004471400 0.004383700 0.004949200 0.004580800 0.004678600 0.004275500 0.004903600 0.004644300 0.004757300 0.005708000 
[AVERAGE] 0.004714065 s
[STANDARD DEVIATION] 0.000463833 s

FEN: rnbqk2r/ppp2ppp/4pn2/3p4/1bPP4/2N2P2/PP2P1PP/R1BQKBNR w KQkq - 0 5
        [0]         [1]         [2]         [3]         [4]         [5]         [6]         [7]         [8]         [9]
[0] 0.009753000 0.008552800 0.008054300 0.008240900 0.007326700 0.007330500 0.009331500 0.007655500 0.007639400 0.009656300 
[1] 0.008421000 0.007645400 0.007202100 0.008129600 0.008849000 0.007259000 0.006928800 0.007561300 0.008220200 0.007577600 
[2] 0.007521100 0.008973300 0.007464500 0.008192800 0.008641200 0.007360600 0.007658600 0.007881700 0.008022400 0.008000200 
[3] 0.007225600 0.006862300 0.006933700 0.007462200 0.007159100 0.007180900 0.007828300 0.007216100 0.006963000 0.007537200 
[4] 0.007250700 0.007611700 0.007131600 0.006332000 0.006401300 0.006054200 0.005964700 0.008544800 0.007020400 0.006601000 
[5] 0.006189800 0.006212400 0.006457800 0.006217900 0.007374000 0.006605000 0.007394400 0.006287800 0.006375800 0.006036100 
[6] 0.005964900 0.006384200 0.005909000 0.006177600 0.005911000 0.005911900 0.006141600 0.005850400 0.005864300 0.006158600 
[7] 0.005857600 0.005991900 0.007100100 0.006235800 0.007437000 0.006815100 0.006931400 0.007240000 0.006928100 0.007191200 
[8] 0.007341600 0.007286500 0.007453500 0.006782200 0.007375000 0.007944100 0.007336700 0.006890700 0.007114600 0.007832700 
[9] 0.007078500 0.007361100 0.008475000 0.007698500 0.007456200 0.007140700 0.006930200 0.007011000 0.006970700 0.009040000 
[AVERAGE] 0.007240043 s
[STANDARD DEVIATION] 0.000870576 s

FEN: rnbqr1k1/pp1p1ppp/2p2n2/4p3/2P1P3/2P2PP1/P2P1K1P/R1BQ1BNR w - - 0 8
        [0]         [1]         [2]         [3]         [4]         [5]         [6]         [7]         [8]         [9]
[0] 0.008371500 0.007342500 0.006974700 0.006529000 0.006522400 0.006768100 0.006315200 0.006597500 0.006053000 0.006014500 
[1] 0.006171300 0.006379200 0.007014400 0.006922500 0.007085400 0.007373500 0.006214400 0.006499800 0.007183500 0.006501700 
[2] 0.006511500 0.005904100 0.006038100 0.006226200 0.006124400 0.006365800 0.006201500 0.006104700 0.006833600 0.005545900 
[3] 0.005927000 0.006070000 0.006207000 0.006461500 0.006205200 0.006052300 0.006126600 0.006327800 0.006265300 0.006119000 
[4] 0.006080300 0.006163300 0.006015100 0.006029100 0.006162500 0.006122000 0.006438600 0.007653100 0.006316900 0.006992900 
[5] 0.006461800 0.007325200 0.007344700 0.005916100 0.009323800 0.007392600 0.006930500 0.006711100 0.006090300 0.006200000 
[6] 0.006701200 0.006752700 0.006617700 0.007857600 0.006012500 0.005982400 0.006032100 0.006204100 0.006363700 0.006262000 
[7] 0.006365800 0.006696300 0.006378000 0.006477000 0.006433000 0.007016900 0.006354600 0.006679500 0.007399300 0.007239900 
[8] 0.007126400 0.006981800 0.006529400 0.006245000 0.006069300 0.005991000 0.006346200 0.006273400 0.006084000 0.006681900 
[9] 0.006237100 0.006072600 0.006245000 0.006231300 0.006206900 0.006365800 0.006442600 0.006252500 0.006408500 0.006468700 
[AVERAGE] 0.006512072 s
[STANDARD DEVIATION] 0.000554215 s

FEN: r1bq1rk1/1p2bppp/p1n1pn2/8/P1BP4/2N1BN2/1P3PPP/R2Q1RK1 w - - 3 11
        [0]         [1]         [2]         [3]         [4]         [5]         [6]         [7]         [8]         [9]
[0] 0.012712200 0.009939000 0.011136100 0.010634200 0.010051200 0.010723100 0.011426000 0.010103700 0.009302300 0.009464400 
[1] 0.009713500 0.011410200 0.009760800 0.010054500 0.009586500 0.009816300 0.010556700 0.010161400 0.009672500 0.009653300 
[2] 0.009768300 0.009631800 0.010481800 0.009992700 0.009353100 0.009866200 0.009831800 0.010094900 0.009769700 0.010151200 
[3] 0.009422100 0.009463500 0.009583000 0.010089500 0.009733800 0.009446600 0.010007700 0.010212000 0.009045400 0.008777800 
[4] 0.008526700 0.009131900 0.010090300 0.011124800 0.009284400 0.009518300 0.011084900 0.009293100 0.009246500 0.010683200 
[5] 0.010171700 0.010279600 0.010782900 0.008973600 0.009765900 0.008787400 0.009082800 0.009930100 0.011878500 0.012669500 
[6] 0.011290800 0.014392800 0.009659100 0.010178000 0.008583400 0.008263400 0.008485600 0.009025700 0.008525400 0.012020100 
[7] 0.009987700 0.009333800 0.009695900 0.009919000 0.009831500 0.011550600 0.011064500 0.010722800 0.010818100 0.011143900 
[8] 0.011918800 0.009549900 0.010430600 0.010929300 0.010101300 0.009707400 0.010054300 0.009975600 0.010157800 0.009718400 
[9] 0.010090000 0.010135700 0.010124300 0.009716400 0.009892500 0.009900000 0.009759300 0.010271400 0.013003900 0.011159600 
[AVERAGE] 0.010119955 s
[STANDARD DEVIATION] 0.000994648 s

FEN: rn1q1rk1/pbpp1ppp/8/3nP3/2BP4/5PP1/P6P/R1BQK1NR w KQ - 1 11
        [0]         [1]         [2]         [3]         [4]         [5]         [6]         [7]         [8]         [9]
[0] 0.010146900 0.011023200 0.011335600 0.010779300 0.010269900 0.010123200 0.010036100 0.011613400 0.011281500 0.011458500 
[1] 0.011076600 0.009997000 0.009787700 0.010696100 0.009740200 0.009109800 0.008761800 0.009154200 0.009029300 0.008824600 
[2] 0.009961600 0.008772600 0.009059500 0.009079700 0.009355600 0.009462900 0.009458800 0.009423100 0.010350800 0.009797300 
[3] 0.010440300 0.010574600 0.009763300 0.009298000 0.010074300 0.009522300 0.009449300 0.009666000 0.010059300 0.008950200 
[4] 0.011082100 0.009296600 0.008988400 0.009415300 0.009109800 0.008777100 0.009135400 0.008717800 0.008973800 0.011710600 
[5] 0.014643800 0.010068500 0.014540400 0.012033100 0.010575400 0.010372600 0.011937500 0.009277400 0.008922600 0.009819700 
[6] 0.009856000 0.009729300 0.009111300 0.008889500 0.010531300 0.009201600 0.008944300 0.008917800 0.009808100 0.010315700 
[7] 0.009049800 0.008805200 0.010261400 0.009467400 0.008969300 0.008883500 0.010496500 0.009256500 0.008863300 0.009907100 
[8] 0.009803000 0.009189700 0.009229300 0.010035100 0.009357200 0.008926300 0.009167700 0.008793100 0.010430100 0.009186200 
[9] 0.008782100 0.010132800 0.009291200 0.013257300 0.012655400 0.012551300 0.009453700 0.010269500 0.010311500 0.009810100 
[AVERAGE] 0.009940598 s
[STANDARD DEVIATION] 0.001154462 s

FEN: r2qk2r/1p1n1ppp/p1pbbn2/3p2B1/3P4/2NBPN1P/PP3PP1/R2QK2R w KQkq - 0 10
        [0]         [1]         [2]         [3]         [4]         [5]         [6]         [7]         [8]         [9]
[0] 0.024063400 0.022996800 0.024336100 0.025731500 0.034378300 0.027530700 0.025154900 0.030069700 0.028666300 0.026847000 
[1] 0.025367600 0.029412000 0.026445100 0.027436900 0.027709500 0.028527600 0.023063900 0.023334900 0.023099800 0.027899200 
[2] 0.027931400 0.027170100 0.026681900 0.027577100 0.027296100 0.028694000 0.027891500 0.030009200 0.027465900 0.029402800 
[3] 0.028420000 0.029497700 0.027262300 0.027218300 0.027819200 0.028086600 0.029066500 0.029752600 0.026796300 0.027648400 
[4] 0.026927100 0.026471000 0.027473800 0.025655100 0.028145200 0.028993700 0.027176800 0.027161300 0.028109100 0.025242200 
[5] 0.026382300 0.027127900 0.026923000 0.026785000 0.027693600 0.028413900 0.027226700 0.026966900 0.028647500 0.026512100 
[6] 0.026906300 0.027887200 0.026818300 0.027459600 0.026924200 0.026772200 0.026465400 0.026908300 0.025823900 0.026344200 
[7] 0.024866800 0.025682600 0.024450000 0.022964900 0.022728900 0.025460400 0.029421500 0.025698600 0.026024200 0.026571700 
[8] 0.027690000 0.027052500 0.025549400 0.025026800 0.025473400 0.025357200 0.025426300 0.025290800 0.025608700 0.024954900 
[9] 0.023946400 0.022840400 0.022494400 0.022595800 0.022256700 0.022476000 0.022150000 0.022122000 0.025333500 0.026928100 
[AVERAGE] 0.026505458 s
[STANDARD DEVIATION] 0.002099002 s

FEN: r1bq1rk1/pp2bppp/2n1pn2/2pp4/P3PB2/3P1NP1/1PP2PBP/RN1Q1RK1 b - - 2 8
        [0]         [1]         [2]         [3]         [4]         [5]         [6]         [7]         [8]         [9]
[0] 0.005961000 0.006904700 0.006125400 0.005782800 0.005452100 0.006279500 0.005960200 0.005850300 0.005647700 0.005771600 
[1] 0.006058500 0.005769100 0.006469900 0.006626600 0.005422400 0.005967600 0.005714900 0.005432600 0.006487500 0.005743600 
[2] 0.005449800 0.005857000 0.005405700 0.006079000 0.005380000 0.006141200 0.005307100 0.006175200 0.005567100 0.006119000 
[3] 0.006216300 0.006175900 0.005528900 0.005882800 0.006130200 0.005751900 0.005665300 0.006068200 0.005714500 0.005865400 
[4] 0.005821800 0.005921100 0.005731200 0.005820000 0.005639100 0.005805500 0.006059800 0.006754700 0.005591200 0.006576300 
[5] 0.006143000 0.006062700 0.006270000 0.005920800 0.005612300 0.005617900 0.005898100 0.005989300 0.006193000 0.005813900 
[6] 0.005696400 0.006210300 0.005849600 0.005801300 0.005668000 0.005786700 0.005627500 0.006542800 0.005750700 0.005741000 
[7] 0.005489700 0.005660100 0.005832900 0.005331500 0.005973300 0.005450800 0.005235600 0.005200300 0.005473500 0.005051400 
[8] 0.005091300 0.005286800 0.005113000 0.005109400 0.005514200 0.005063100 0.005058700 0.005294300 0.005054400 0.005056100 
[9] 0.005302600 0.005044400 0.005042700 0.006325200 0.005429000 0.005061000 0.005296300 0.005046800 0.005046200 0.005343000 
[AVERAGE] 0.005731021 s
[STANDARD DEVIATION] 0.000427242 s

FEN: r1bqr1k1/ppp2ppp/2n5/2bnp3/8/2NP1NP1/PP2PPBP/R1BQ1RK1 w - - 1 9
        [0]         [1]         [2]         [3]         [4]         [5]         [6]         [7]         [8]         [9]
[0] 0.009669200 0.010133700 0.009878100 0.009655600 0.009911800 0.009661500 0.011813700 0.011405700 0.012156400 0.011783500 
[1] 0.011370900 0.011612200 0.011882800 0.012141800 0.011558400 0.011125400 0.013315100 0.013336900 0.011445900 0.011143000 
[2] 0.012557100 0.012029100 0.012276100 0.011136800 0.011396100 0.011732900 0.011936400 0.011691000 0.011594300 0.012210600 
[3] 0.012864000 0.012595000 0.011245700 0.012294200 0.011109800 0.012293700 0.012191700 0.011958900 0.012684500 0.014963800 
[4] 0.012570800 0.012295300 0.012118500 0.011681600 0.011778200 0.012143000 0.011659100 0.011981400 0.011752200 0.011733500 
[5] 0.011766500 0.012649800 0.011950600 0.012126300 0.011689400 0.011389300 0.011926000 0.011887900 0.012660500 0.012926300 
[6] 0.012080700 0.012819800 0.011790100 0.012395800 0.012536600 0.012148200 0.012048500 0.011618000 0.011055800 0.011087200 
[7] 0.011314100 0.011588800 0.011662500 0.011208500 0.011984600 0.011306700 0.012056300 0.011621400 0.011499600 0.011302700 
[8] 0.011542900 0.011582500 0.011892000 0.010966300 0.011193600 0.011231400 0.011283700 0.011223400 0.010999900 0.010918100 
[9] 0.011241000 0.010478600 0.010996900 0.010708000 0.010217300 0.010174100 0.009667400 0.010056800 0.010023600 0.009629500 
[AVERAGE] 0.011596024 s
[STANDARD DEVIATION] 0.000886151 s

FEN: rnbqk2r/ppp2pp1/5n1p/3p4/1b1P3B/2N2N2/PP2PPPP/R2QKB1R b KQkq - 1 7
        [0]         [1]         [2]         [3]         [4]         [5]         [6]         [7]         [8]         [9]
[0] 0.006288200 0.005987000 0.006082500 0.006380700 0.006003000 0.006491800 0.005992900 0.006037100 0.006290400 0.006018400 
[1] 0.006340500 0.005990200 0.005980700 0.006282400 0.007101900 0.006316200 0.006270000 0.006047300 0.006947000 0.006606900 
[2] 0.006916700 0.006331000 0.006459400 0.006139400 0.006000100 0.006453600 0.006018100 0.007958400 0.006285300 0.006912600 
[3] 0.006411800 0.005977000 0.006405100 0.006004300 0.006174700 0.005966100 0.006650300 0.006153800 0.005989600 0.006322100 
[4] 0.005993300 0.005981800 0.006276200 0.005997300 0.006257000 0.005999900 0.006008400 0.006171600 0.005983600 0.005985400 
[5] 0.006308800 0.005966300 0.006199700 0.005980900 0.005958300 0.006362700 0.006011200 0.006253800 0.005974200 0.005974100 
[6] 0.006303900 0.006008100 0.006342000 0.005980300 0.006083100 0.006189400 0.005973400 0.006221800 0.005991600 0.005974100 
[7] 0.006396400 0.005998200 0.005994000 0.006321900 0.006099800 0.006262200 0.007140500 0.007167400 0.007083100 0.007350800 
[8] 0.007106400 0.007068800 0.007092400 0.006704300 0.007833100 0.006584500 0.006949500 0.007337600 0.006860000 0.006537100 
[9] 0.006675400 0.006390200 0.007155600 0.007752500 0.007240200 0.007254700 0.006486100 0.006334400 0.006311500 0.006284600 
[AVERAGE] 0.006394699 s
[STANDARD DEVIATION] 0.000467225 s

FEN: 2r5/1p2kp2/p3pn1P/6R1/6p1/2P3P1/2PR4/6K1 b - - 4 31
        [0]         [1]         [2]         [3]         [4]         [5]         [6]         [7]         [8]         [9]
[0] 0.002477900 0.003452800 0.002574600 0.002395700 0.002377700 0.002486500 0.002375500 0.002429200 0.002313000 0.002318500 
[1] 0.002357000 0.002575100 0.003301000 0.002383100 0.002569300 0.002405500 0.002474700 0.003067000 0.002465300 0.002609000 
[2] 0.002371200 0.002741200 0.002379900 0.003222700 0.002399400 0.002636000 0.002344900 0.002373200 0.002398400 0.002373500 
[3] 0.002372800 0.002334500 0.002538800 0.003376600 0.002717400 0.002773600 0.002430400 0.002808600 0.002383500 0.002650600 
[4] 0.002371600 0.002372100 0.002394200 0.002309600 0.002355700 0.002317800 0.002533000 0.002311300 0.002316800 0.002369000 
[5] 0.002313600 0.002333900 0.002533200 0.002322200 0.002364300 0.002318100 0.002358600 0.002318000 0.002317600 0.002686500 
[6] 0.002309900 0.002316000 0.002315700 0.002315800 0.002313700 0.002316900 0.002519800 0.002318200 0.002316800 0.002313800 
[7] 0.002320300 0.002320600 0.002628500 0.002320600 0.002320000 0.002317800 0.002319400 0.002319100 0.002315800 0.002619700 
[8] 0.002316300 0.002316900 0.002312200 0.002311400 0.002312200 0.002461400 0.002424500 0.002311500 0.002317000 0.002312600 
[9] 0.002311200 0.002315800 0.002597600 0.002317200 0.002312500 0.002317700 0.002315000 0.002314800 0.002313200 0.002801700 
[AVERAGE] 0.002450238 s
[STANDARD DEVIATION] 0.000231067 s

FEN: 1r4k1/p5p1/5p1p/q2p4/2rPn3/b1PQRN1P/P1RB1PP1/6K1 w - - 1 2
        [0]         [1]         [2]         [3]         [4]         [5]         [6]         [7]         [8]         [9]
[0] 0.027059100 0.027243700 0.028069000 0.028504800 0.030921800 0.030485100 0.030581100 0.030532100 0.030685600 0.029308100 
[1] 0.029359600 0.030299700 0.030207800 0.030888000 0.030603800 0.030738500 0.028266000 0.027044500 0.026687100 0.026657600 
[2] 0.026568700 0.026499300 0.027832100 0.026337100 0.026807900 0.027743000 0.028219800 0.031457100 0.030591900 0.030689800 
[3] 0.029293500 0.030883700 0.031088200 0.030574100 0.029057600 0.031392200 0.029804700 0.029583200 0.029685000 0.031470900 
[4] 0.030548300 0.031054800 0.030368700 0.030178600 0.029672700 0.030671100 0.030365500 0.031093400 0.030081300 0.029322100 
[5] 0.028270900 0.027641100 0.026832700 0.026527800 0.026671900 0.026714700 0.026358600 0.026667400 0.026732700 0.026345100 
[6] 0.027336600 0.026852400 0.029763100 0.031157200 0.030426500 0.031209600 0.029536200 0.029559600 0.029419500 0.029606500 
[7] 0.028373100 0.028209700 0.030412700 0.029564300 0.031838700 0.030863600 0.030516100 0.030447700 0.029642900 0.031533000 
[8] 0.030614200 0.029714800 0.029240800 0.028819200 0.027694800 0.030256500 0.030357200 0.032055000 0.030433700 0.030286700 
[9] 0.031277500 0.030472500 0.030708300 0.030078400 0.030622600 0.031747300 0.030544700 0.030604700 0.031390300 0.030540600 
[AVERAGE] 0.029455710 s
[STANDARD DEVIATION] 0.001622356 s

FEN: 5rk1/rNR2ppp/P3p3/3p4/2p5/2n1P3/R4PPP/6K1 w - - 0 1
        [0]         [1]         [2]         [3]         [4]         [5]         [6]         [7]         [8]         [9]
[0] 0.003723600 0.003620100 0.003918000 0.004249300 0.003735700 0.003880300 0.003674000 0.004281300 0.004232200 0.003588400 
[1] 0.003770800 0.003588500 0.003573700 0.003765700 0.003627300 0.003896400 0.003956500 0.003691900 0.003984000 0.003915900 
[2] 0.003545000 0.003798600 0.004071700 0.003711800 0.003834200 0.003864500 0.003706300 0.003695800 0.003897200 0.003707100 
[3] 0.004007200 0.004263600 0.003588200 0.003911900 0.003720600 0.003781500 0.004037300 0.003895100 0.003819300 0.003981200 
[4] 0.003577600 0.003888000 0.003763200 0.003891400 0.004053100 0.003980500 0.003716700 0.004810400 0.004682400 0.004160900 
[5] 0.003770500 0.004218100 0.003971300 0.003862600 0.004207300 0.003849000 0.003894100 0.004058200 0.003802600 0.003886200 
[6] 0.003868800 0.003890000 0.003848900 0.003898600 0.003779900 0.004126700 0.003818400 0.003740500 0.003994900 0.003836300 
[7] 0.003777800 0.003763100 0.003962800 0.003900700 0.004004900 0.003794100 0.003893600 0.003596900 0.003540100 0.003827600 
[8] 0.003777900 0.003912600 0.003904400 0.003877600 0.003929000 0.003672200 0.004012900 0.003741000 0.003688200 0.003941600 
[9] 0.004124500 0.004055500 0.004375800 0.003616700 0.004399900 0.004244300 0.004134700 0.003965400 0.004075900 0.003958000 
[AVERAGE] 0.003898285 s
[STANDARD DEVIATION] 0.000224072 s

FEN: r1bk2r1/ppp1n2p/3q3Q/1B2Np2/4n3/2P5/PP3PPP/RN3RK1 b - - 2 16
        [0]         [1]         [2]         [3]         [4]         [5]         [6]         [7]         [8]         [9]
[0] 0.007770900 0.008910400 0.007794600 0.008474000 0.008247000 0.008142000 0.008121700 0.007856700 0.007973300 0.008153300 
[1] 0.007522200 0.007772200 0.007713400 0.007339300 0.007250100 0.008068500 0.007046300 0.006966000 0.006906400 0.007067400 
[2] 0.006854000 0.007123100 0.006839700 0.007101700 0.006791400 0.007042000 0.006801300 0.006985900 0.007301900 0.007169700 
[3] 0.007633000 0.008305900 0.007095200 0.008132600 0.008053300 0.007742700 0.007990000 0.009323800 0.008036100 0.008330400 
[4] 0.008145500 0.008256500 0.008454000 0.008259400 0.008353900 0.008068500 0.008240300 0.008914300 0.008816100 0.008179200 
[5] 0.008604000 0.008388300 0.008258000 0.008276400 0.008468600 0.007971000 0.008006500 0.007843200 0.008108400 0.007946600 
[6] 0.007582500 0.007833900 0.007691200 0.007482000 0.007925400 0.007725400 0.007648500 0.008183700 0.008140600 0.007272200 
[7] 0.007461700 0.007693300 0.007780600 0.008045300 0.007844400 0.008478000 0.007870000 0.007727700 0.007730900 0.008412100 
[8] 0.008244100 0.008635300 0.008029700 0.008032100 0.008299700 0.008938700 0.008251400 0.008505000 0.007997300 0.007953300 
[9] 0.007912900 0.007955000 0.007487600 0.007576600 0.007404600 0.008379900 0.007206900 0.007870000 0.007338300 0.008075200 
[AVERAGE] 0.007879311 s
[STANDARD DEVIATION] 0.000525975 s

FEN: r2qkb1r/pp2nppp/3p4/2pNN1B1/2BnP3/3P4/PPP2PPP/R2bK2R w KQkq - 1 0
        [0]         [1]         [2]         [3]         [4]         [5]         [6]         [7]         [8]         [9]
[0] 0.006344200 0.007153700 0.006224400 0.007691000 0.006259800 0.006581100 0.007113100 0.006246100 0.007271000 0.006625900 
[1] 0.007264800 0.006715500 0.006909900 0.006662600 0.007038300 0.006729000 0.006444500 0.007111100 0.006337400 0.006849900 
[2] 0.006294700 0.006625800 0.007022000 0.006586600 0.006403500 0.006929000 0.006299300 0.006872300 0.006264000 0.006910700 
[3] 0.006324100 0.007411900 0.006410400 0.007015700 0.006495100 0.006505100 0.007684500 0.007709800 0.007232100 0.006706100 
[4] 0.006493600 0.007052300 0.007761300 0.006901400 0.006649000 0.007954300 0.006984200 0.006690200 0.006709800 0.006863100 
[5] 0.006611900 0.006594100 0.007441200 0.006912700 0.006840500 0.006857400 0.006937300 0.006600600 0.007391100 0.006812500 
[6] 0.006749200 0.006923700 0.006653000 0.007325400 0.007074300 0.006689500 0.006820900 0.006288700 0.006289000 0.006033400 
[7] 0.006883100 0.006290900 0.006261700 0.005959800 0.006210500 0.005913200 0.005910700 0.006095600 0.005905400 0.006720700 
[8] 0.007043900 0.005947000 0.006196100 0.005868200 0.006240200 0.006281200 0.006251900 0.006492700 0.006241300 0.006476500 
[9] 0.006271300 0.006401500 0.006751700 0.006436100 0.006567000 0.006296800 0.006216900 0.006573900 0.006526200 0.006325900 
[AVERAGE] 0.006667395 s
[STANDARD DEVIATION] 0.000444468 s

FEN: 1rb4r/pkPp3p/1b1P3n/1Q6/N3Pp2/8/P1P3PP/7K w - - 1 0
        [0]         [1]         [2]         [3]         [4]         [5]         [6]         [7]         [8]         [9]
[0] 0.002321500 0.002079800 0.002266800 0.002615300 0.002060400 0.002286000 0.002059900 0.002054100 0.002277300 0.002310000 
[1] 0.002067600 0.002323100 0.002060700 0.002060700 0.002656000 0.002118400 0.002434800 0.002048300 0.002079200 0.002197000 
[2] 0.002162200 0.002206500 0.002133600 0.002053100 0.002071500 0.002051800 0.002065100 0.002054700 0.002037900 0.002347600 
[3] 0.002038200 0.002004200 0.002034900 0.002003400 0.002002100 0.002047900 0.002003600 0.002321000 0.002035400 0.001992900 
[4] 0.001994800 0.002088000 0.001992000 0.001992600 0.001990200 0.002307400 0.001991200 0.001994800 0.001999300 0.001990500 
[5] 0.001991100 0.001992000 0.002268800 0.001998700 0.001998600 0.001997200 0.001998400 0.002000100 0.001995700 0.002000200 
[6] 0.002199800 0.001994000 0.001995600 0.001993900 0.001996500 0.001992300 0.001994500 0.001987900 0.002297900 0.002000400 
[7] 0.002000400 0.001998800 0.001999500 0.001998300 0.001998100 0.002162400 0.002008600 0.002001900 0.002004400 0.002001600 
[8] 0.002003800 0.002001200 0.001999200 0.002340300 0.002001300 0.002002000 0.001998300 0.002003900 0.002002100 0.002004100 
[9] 0.002001500 0.002244700 0.001993800 0.001991400 0.001992500 0.001995900 0.001995600 0.001992300 0.002282400 0.001991600 
[AVERAGE] 0.002080908 s
[STANDARD DEVIATION] 0.000137466 s

FEN: 4kb1r/p2n1ppp/4q3/4p1B1/4P3/1Q6/PPP2PPP/2KR4 w k - 1 0
        [0]         [1]         [2]         [3]         [4]         [5]         [6]         [7]         [8]         [9]
[0] 0.004843900 0.004828600 0.005192700 0.004841100 0.004837900 0.005053300 0.004832100 0.004834900 0.004831300 0.005106000 
[1] 0.005828800 0.005127700 0.005345000 0.005684100 0.005216900 0.005150300 0.005855300 0.005092100 0.004967500 0.006046200 
[2] 0.005277900 0.005774700 0.005144700 0.005890400 0.005199900 0.006007700 0.006012300 0.005215100 0.005812300 0.005266500 
[3] 0.005919100 0.006094800 0.005143700 0.005486200 0.005217000 0.005836700 0.004970300 0.005937600 0.005211000 0.005143400 
[4] 0.006096000 0.005161200 0.005337200 0.004998900 0.004950100 0.006050700 0.005047300 0.005538300 0.005133800 0.005002200 
[5] 0.004949600 0.006080600 0.005350700 0.005274900 0.004987300 0.004983700 0.006073300 0.005216500 0.005345500 0.005464100 
[6] 0.005240000 0.006053700 0.005194000 0.005181600 0.005938700 0.005228700 0.005921300 0.005281000 0.005116300 0.006805500 
[7] 0.005322500 0.005573100 0.005240600 0.005475100 0.004997600 0.006084300 0.005249800 0.005164500 0.004996700 0.004953300 
[8] 0.005198200 0.004866500 0.004864100 0.005161400 0.004887700 0.004877900 0.005139500 0.004830900 0.004823800 0.005079900 
[9] 0.004840400 0.004847000 0.005245200 0.004843900 0.004835900 0.005095100 0.004840100 0.004836300 0.004823700 0.005132700 
[AVERAGE] 0.005292074 s
[STANDARD DEVIATION] 0.000421281 s

FEN: r1b2k1r/ppp1bppp/8/1B1Q4/5q2/2P5/PPP2PPP/R3R1K1 w - - 1 0
        [0]         [1]         [2]         [3]         [4]         [5]         [6]         [7]         [8]         [9]
[0] 0.021253100 0.021401200 0.021544000 0.021231700 0.022036400 0.021695400 0.021437600 0.021529200 0.021173700 0.021655800 
[1] 0.021244800 0.021242900 0.021472200 0.021279400 0.021268300 0.021578300 0.021235500 0.021246800 0.021501500 0.021170800 
[2] 0.021573800 0.021265400 0.021812400 0.021422400 0.021524300 0.021253100 0.022925000 0.021236800 0.022011100 0.021244300 
[3] 0.021285500 0.021623100 0.021254000 0.021370900 0.021742200 0.021308900 0.021550500 0.021399400 0.021506100 0.021645500 
[4] 0.021247800 0.021819600 0.021076600 0.021158800 0.021602800 0.021273100 0.021290400 0.021441800 0.021572600 0.021940000 
[5] 0.021709500 0.021407900 0.021301500 0.021259000 0.021261400 0.021612500 0.021852000 0.022454000 0.021980500 0.021523500 
[6] 0.021477400 0.021354100 0.021278400 0.021464000 0.021119900 0.021444200 0.021236000 0.021263600 0.021543200 0.021202000 
[7] 0.021373500 0.021567700 0.021357500 0.023448400 0.022919200 0.021915200 0.021602600 0.021231300 0.021683100 0.021283600 
[8] 0.021093000 0.021573500 0.021152800 0.021561000 0.021352000 0.021256900 0.021448000 0.022352700 0.021289700 0.022455200 
[9] 0.021209200 0.021498300 0.021344500 0.021180400 0.021637000 0.021468800 0.021860500 0.021646500 0.021299900 0.021300900 
[AVERAGE] 0.021516843 s
[STANDARD DEVIATION] 0.000392199 s

FEN: 5rkr/pp2Rp2/1b1p1Pb1/3P2Q1/2n3P1/2p5/P4P2/4R1K1 w - - 1 0
        [0]         [1]         [2]         [3]         [4]         [5]         [6]         [7]         [8]         [9]
[0] 0.006792500 0.006766500 0.009844000 0.007890300 0.007341700 0.007167900 0.007121100 0.006924700 0.007257700 0.006821900 
[1] 0.007021300 0.006856400 0.007125200 0.006817900 0.007135000 0.006803600 0.006889000 0.007140500 0.006950800 0.008555000 
[2] 0.007992200 0.007202600 0.006981000 0.007129400 0.006763400 0.006981200 0.006802900 0.006863900 0.006890100 0.006767000 
[3] 0.007524200 0.006749900 0.007042300 0.006762400 0.007184600 0.006759800 0.007029100 0.006765900 0.006779500 0.007005200 
[4] 0.006778100 0.007094200 0.006796900 0.007058700 0.006785200 0.006786800 0.007055900 0.006768800 0.007135900 0.006778100 
[5] 0.006955200 0.006741500 0.007028700 0.006774500 0.006782500 0.007093000 0.006945100 0.007104300 0.006767300 0.007021300 
[6] 0.006762000 0.007064500 0.006754000 0.006746300 0.007804600 0.006785300 0.007084200 0.006808400 0.007095200 0.006787700 
[7] 0.007031700 0.006785800 0.006768600 0.007346000 0.006774600 0.008082300 0.006927900 0.007076900 0.006768200 0.007126500 
[8] 0.006942200 0.007123400 0.006926100 0.006945700 0.007027900 0.006753200 0.007076200 0.006764200 0.007110800 0.006759900 
[9] 0.006972400 0.006783100 0.006765600 0.006951000 0.006753000 0.007365700 0.006756700 0.007027800 0.006773700 0.006958900 
[AVERAGE] 0.007023698 s
[STANDARD DEVIATION] 0.000415644 s

FEN: rnbqk2r/p4p2/2pbpn1p/1p4p1/2pPP3/2N2NB1/PP2BPPP/R2QK2R w KQkq - 2 10
        [0]         [1]         [2]         [3]         [4]         [5]         [6]         [7]         [8]         [9]
[0] 0.004584500 0.004563200 0.004562100 0.005044900 0.004580600 0.004582800 0.004877700 0.004566400 0.004572100 0.004837700 
[1] 0.004602200 0.004589300 0.004578200 0.004964000 0.004576800 0.004575200 0.004866200 0.004567200 0.004564700 0.004740700 
[2] 0.004580300 0.004570100 0.004566800 0.004960600 0.004571200 0.004582300 0.004813400 0.004567800 0.004566100 0.004729200 
[3] 0.004745100 0.004565400 0.004561300 0.004883900 0.004562400 0.004558000 0.004829400 0.004569300 0.004572700 0.004576400 
[4] 0.004852700 0.004651500 0.004566300 0.004837000 0.004588300 0.004582400 0.004863400 0.004578600 0.004576500 0.004570500 
[5] 0.004785100 0.004579000 0.004575100 0.004960700 0.004576900 0.004581100 0.004806300 0.004633100 0.004589200 0.004582700 
[6] 0.004820800 0.004585300 0.004587500 0.004882800 0.004586200 0.004589500 0.004801600 0.004597500 0.004586600 0.004588500 
[7] 0.004852000 0.004584900 0.004583200 0.004901100 0.004581900 0.004582600 0.004736000 0.004576100 0.004574000 0.004565700 
[8] 0.004847600 0.004581400 0.004589200 0.004840100 0.005109200 0.004568300 0.004871700 0.004620300 0.004591900 0.004586600 
[9] 0.004824300 0.004585400 0.004795500 0.004961300 0.004860200 0.004967300 0.005377600 0.004605500 0.004686300 0.004894100 
[AVERAGE] 0.004685922 s
[STANDARD DEVIATION] 0.000158547 s

FEN: r1bqk2r/ppp1nppp/2np4/2b1p1N1/2B1P3/3P4/PPP2PPP/RNBQK2R w KQkq - 2 6
        [0]         [1]         [2]         [3]         [4]         [5]         [6]         [7]         [8]         [9]
[0] 0.007057500 0.007003700 0.008318100 0.006994100 0.007189700 0.006989800 0.007211400 0.007020500 0.007405600 0.007018100 
[1] 0.007301800 0.006994600 0.007243700 0.007027300 0.007018800 0.007343500 0.007006700 0.007265200 0.007012000 0.007278900 
[2] 0.006995400 0.007367500 0.007008200 0.007247600 0.006994200 0.006987100 0.007275300 0.007008300 0.007410500 0.007015900 
[3] 0.007233600 0.006994600 0.007197700 0.006994100 0.007298600 0.007024500 0.007228600 0.006986000 0.007150500 0.007230800 
[4] 0.007010100 0.007614900 0.007007500 0.007253800 0.007019900 0.007285400 0.007011700 0.007310000 0.006994700 0.006998900 
[5] 0.007298600 0.007001200 0.007404900 0.007007100 0.007183800 0.007012300 0.007273300 0.007006800 0.007294200 0.006995900 
[6] 0.007241200 0.007113800 0.007014300 0.007252100 0.006986000 0.007283900 0.007010500 0.007822900 0.007098200 0.007268100 
[7] 0.006998100 0.007283500 0.006976000 0.006987800 0.007386500 0.006999300 0.007252000 0.007005700 0.007361800 0.006981900 
[8] 0.007239200 0.006999200 0.007490700 0.007019700 0.007246100 0.007017000 0.007010200 0.007340700 0.006997900 0.007383300 
[9] 0.007202200 0.007348700 0.007175200 0.007558100 0.007179500 0.007286100 0.007480300 0.007354700 0.007003900 0.007010900 
[AVERAGE] 0.007170022 s
[STANDARD DEVIATION] 0.000208175 s

FEN: 8/pK1p3p/7p/1P4N1/8/6k1/5r2/8 w - - 0 2
        [0]         [1]         [2]         [3]         [4]         [5]         [6]         [7]         [8]         [9]
[0] 0.000677300 0.000633000 0.000442200 0.000443300 0.000442200 0.000441500 0.000441500 0.000442700 0.000441700 0.000441000 
[1] 0.000442800 0.000442300 0.000442000 0.000441800 0.000442100 0.000441000 0.000522700 0.000440900 0.000440600 0.000441700 
[2] 0.000440600 0.000442600 0.000441600 0.000441000 0.000441200 0.000441900 0.000440800 0.000441800 0.000442700 0.000441100 
[3] 0.000442700 0.000441800 0.000441900 0.000441900 0.000523200 0.000596100 0.000444100 0.000442300 0.000442200 0.000442900 
[4] 0.000443400 0.000441200 0.000441000 0.000469800 0.000441200 0.000441100 0.000441000 0.000442400 0.000441100 0.000441900 
[5] 0.000441000 0.000442000 0.000440900 0.000441400 0.000441000 0.000441400 0.000440600 0.000441200 0.000442000 0.000441700 
[6] 0.000441000 0.000442800 0.000441100 0.000443200 0.000441400 0.000440100 0.000440900 0.000440500 0.000441800 0.000624400 
[7] 0.000441400 0.000442200 0.000440600 0.000442200 0.000442800 0.000443300 0.000441600 0.000441100 0.000441400 0.000440600 
[8] 0.000441800 0.000442600 0.000442300 0.000441800 0.000440800 0.000442600 0.000441100 0.000440900 0.000441100 0.000442000 
[9] 0.000440700 0.000441100 0.000440300 0.000440700 0.000441300 0.000441400 0.000441500 0.000441900 0.000441200 0.000441300 
[AVERAGE] 0.000451188 s
[STANDARD DEVIATION] 0.000039290 s

FEN: 8/1p4pk/p4b1p/4p3/1P2P1q1/P1R2NPn/7P/3Q1B1K b - - 0 2
        [0]         [1]         [2]         [3]         [4]         [5]         [6]         [7]         [8]         [9]
[0] 0.006217000 0.005750100 0.006008500 0.005777500 0.005772200 0.006184700 0.005764000 0.005764200 0.006133100 0.005759700 
[1] 0.006096200 0.005783400 0.005772800 0.006033500 0.005766600 0.005766300 0.006079200 0.005771100 0.006025100 0.005771100 
[2] 0.005764200 0.006014500 0.006054400 0.005780200 0.006141600 0.005839000 0.006009600 0.005795500 0.005764000 0.006065900 
[3] 0.005769700 0.005770600 0.006063500 0.005749100 0.005990900 0.005760100 0.005775600 0.006065700 0.005789200 0.005829700 
[4] 0.006323000 0.006789000 0.006130800 0.005850800 0.005751000 0.006031100 0.005756700 0.005935600 0.005771400 0.005759100 
[5] 0.006005900 0.005753200 0.005752500 0.006044900 0.005771400 0.006077800 0.005770200 0.005765600 0.006049000 0.005786500 
[6] 0.005786600 0.006057800 0.005802800 0.006056200 0.005781100 0.005758400 0.005987700 0.005746500 0.005760600 0.006070400 
[7] 0.005774700 0.006078000 0.005765800 0.005766700 0.005995200 0.005749700 0.005735400 0.006032400 0.005762800 0.006212900 
[8] 0.005777500 0.005777500 0.005939100 0.005770500 0.005772500 0.005942400 0.005748900 0.006157100 0.005773200 0.005766700 
[9] 0.006048200 0.005764100 0.005847300 0.005985000 0.005769900 0.006130000 0.005772400 0.005774500 0.006718900 0.005901200 
[AVERAGE] 0.005904834 s
[STANDARD DEVIATION] 0.000192883 s

FEN: 2r5/2P4R/p3kp1p/n3pNpP/4P1P1/8/3b1P2/6K1 w - - 0 2
        [0]         [1]         [2]         [3]         [4]         [5]         [6]         [7]         [8]         [9]
[0] 0.001246700 0.001239800 0.001242900 0.001340700 0.001285500 0.001237600 0.001244900 0.001233800 0.001238800 0.001227600 
[1] 0.001231300 0.001229300 0.001229700 0.001235400 0.001234300 0.001229800 0.001538000 0.001237700 0.001236400 0.001233700 
[2] 0.001234500 0.001230100 0.001233800 0.001232700 0.001228000 0.001234500 0.001239000 0.001234200 0.001456800 0.001237100 
[3] 0.001208300 0.001208200 0.001207900 0.001203000 0.001201900 0.001193200 0.001192900 0.001204500 0.001195700 0.001198700 
[4] 0.001197500 0.001469500 0.001205700 0.001206900 0.001213800 0.001205300 0.001203000 0.001198600 0.001198300 0.001203100 
[5] 0.001206100 0.001208000 0.001207500 0.001200100 0.001373700 0.001202000 0.001203000 0.001201700 0.001204600 0.001201800 
[6] 0.001206000 0.001206800 0.001202700 0.001204400 0.001201400 0.001198800 0.001199900 0.001465100 0.001205700 0.001200700 
[7] 0.001198400 0.001208000 0.001207700 0.001207400 0.001208600 0.001201000 0.001207700 0.001211500 0.001205600 0.001380400 
[8] 0.001312000 0.001218200 0.001206300 0.001203700 0.001205200 0.001210800 0.001202500 0.001198100 0.001201900 0.001201800 
[9] 0.001195200 0.001196900 0.001539100 0.001195900 0.001193600 0.001194900 0.001203000 0.001203500 0.001195100 0.001202200 
[AVERAGE] 0.001232668 s
[STANDARD DEVIATION] 0.000068459 s

FEN: r3k2r/5ppp/p2q2b1/1p2p3/5BP1/7P/PPP1QP2/R5K1 w kq - 0 2
        [0]         [1]         [2]         [3]         [4]         [5]         [6]         [7]         [8]         [9]
[0] 0.005362400 0.005713900 0.005368100 0.005361000 0.005610800 0.005349500 0.005669700 0.005352100 0.005348900 0.005645300 
[1] 0.005352300 0.005357700 0.005619900 0.005350300 0.005352900 0.005750100 0.005367600 0.005368000 0.006338700 0.005361200 
[2] 0.005360200 0.005529300 0.005346600 0.005635800 0.005388900 0.005340200 0.005610200 0.005346400 0.005338200 0.005601000 
[3] 0.005355900 0.005352100 0.005662800 0.005360200 0.005360800 0.005655600 0.005346600 0.005344600 0.005618800 0.005353700 
[4] 0.005355100 0.005735900 0.005356000 0.005372200 0.005557400 0.005450800 0.005624700 0.005363700 0.005366600 0.005560400 
[5] 0.005410400 0.005373300 0.005627400 0.005365400 0.005363900 0.005608600 0.005367200 0.005359700 0.005724300 0.005349800 
[6] 0.005350000 0.005598700 0.005365700 0.005363500 0.005607200 0.005356500 0.005701200 0.005368000 0.005358700 0.005632500 
[7] 0.005360600 0.005354500 0.005527100 0.005343700 0.005352100 0.005719600 0.005340200 0.005335900 0.005650600 0.005353800 
[8] 0.005362000 0.005616600 0.005359200 0.005358000 0.005636700 0.005344900 0.005538600 0.005503900 0.005502600 0.005636700 
[9] 0.005490500 0.005490100 0.005784600 0.005363300 0.005363600 0.005612800 0.005365000 0.005362800 0.005668000 0.005355000 
[AVERAGE] 0.005469561 s
[STANDARD DEVIATION] 0.000161327 s

FEN: 5bk1/pp3Qpn/3q4/4NpP1/2p2P2/7P/4K3/8 b - - 0 2
        [0]         [1]         [2]         [3]         [4]         [5]         [6]         [7]         [8]         [9]
[0] 0.000484200 0.000467600 0.000465100 0.000466900 0.000465800 0.000466100 0.000466400 0.000465900 0.000469200 0.000467600 
[1] 0.000468600 0.000467100 0.000547800 0.000711200 0.000467300 0.000466600 0.000467200 0.000470000 0.000472300 0.000470600 
[2] 0.000468400 0.000469100 0.000469200 0.000468200 0.000468100 0.000469100 0.000467300 0.000468800 0.000468900 0.000468300 
[3] 0.000468900 0.000470200 0.000469000 0.000470200 0.000469700 0.000468100 0.000470300 0.000469900 0.000468800 0.000469800 
[4] 0.000468200 0.000467500 0.000468000 0.000469700 0.000466800 0.000730000 0.000469300 0.000472400 0.000472200 0.000469900 
[5] 0.000472900 0.000468800 0.000469700 0.000469400 0.000466200 0.000462900 0.000466000 0.000464900 0.000465700 0.000470800 
[6] 0.000470300 0.000469500 0.000468300 0.000468800 0.000470800 0.000469400 0.000468500 0.000469700 0.000465200 0.000467200 
[7] 0.000465500 0.000466500 0.000464700 0.000468900 0.000467200 0.000465900 0.000466300 0.000469400 0.000734300 0.000471900 
[8] 0.000470800 0.000468300 0.000472700 0.000469600 0.000470500 0.000466700 0.000466800 0.000468200 0.000469200 0.000469600 
[9] 0.000466600 0.000467100 0.000468500 0.000466100 0.000467100 0.000467100 0.000471600 0.000470100 0.000470300 0.000470200 
[AVERAGE] 0.000477105 s
[STANDARD DEVIATION] 0.000044433 s

FEN: 3r1r1k/p4q1n/1p5p/2p1bp1n/P2p3N/8/1PPQ1B1P/1K1R2R1 w - - 0 2
        [0]         [1]         [2]         [3]         [4]         [5]         [6]         [7]         [8]         [9]
[0] 0.008095900 0.007735500 0.007995600 0.007744300 0.007996400 0.007697300 0.008060300 0.007719300 0.007982000 0.007739800 
[1] 0.007922700 0.007763500 0.008073000 0.007730000 0.008025900 0.007727100 0.008012600 0.007733800 0.008005500 0.007743600 
[2] 0.007928800 0.007731700 0.008022100 0.007744400 0.007950700 0.007878700 0.008103200 0.007780000 0.008056800 0.007796900 
[3] 0.008172600 0.007826000 0.008001400 0.007738500 0.008053500 0.007739200 0.008095700 0.007751100 0.008012800 0.007718900 
[4] 0.007939500 0.007726600 0.008015500 0.007713500 0.008024500 0.007732700 0.007998900 0.007735600 0.008120600 0.007722600 
[5] 0.007980200 0.007724500 0.007999000 0.007707700 0.008150200 0.007737800 0.008177700 0.007721900 0.008133400 0.007720800 
[6] 0.008068600 0.007795600 0.007925600 0.007885600 0.007870200 0.007908700 0.007877800 0.007910500 0.007718700 0.007944100 
[7] 0.007752600 0.008065600 0.007711800 0.007982900 0.007719200 0.007973100 0.007714600 0.007857100 0.007744600 0.007916600 
[8] 0.007934100 0.008235300 0.007985000 0.008128600 0.007908200 0.008100500 0.007946700 0.008127800 0.007744200 0.008070000 
[9] 0.007757400 0.007963900 0.007735000 0.008016300 0.007727300 0.008113800 0.007725000 0.007973800 0.007708000 0.007849800 
[AVERAGE] 0.007894845 s
[STANDARD DEVIATION] 0.000151083 s

FEN: r7/6kp/3pp1p1/8/4P3/5P2/5BPP/rR4K1 w - - 0 2
        [0]         [1]         [2]         [3]         [4]         [5]         [6]         [7]         [8]         [9]
[0] 0.001048100 0.001036700 0.001036600 0.001034500 0.001033500 0.001033300 0.001032400 0.001032900 0.001032800 0.001031900 
[1] 0.001032900 0.001178700 0.001106900 0.001774500 0.001862100 0.001371800 0.001478900 0.001182300 0.001131500 0.001118800 
[2] 0.001116100 0.001347600 0.001060200 0.001260800 0.001066900 0.001063000 0.001280000 0.001088600 0.001059300 0.001058800 
[3] 0.001057500 0.001134200 0.001061000 0.001059000 0.001060400 0.001060000 0.001059700 0.001417300 0.001087000 0.001029800 
[4] 0.001027900 0.001026900 0.001215700 0.001042700 0.001029300 0.001029100 0.001029500 0.001043900 0.001214800 0.001028800 
[5] 0.001028800 0.001029500 0.001182000 0.001127100 0.001035500 0.001034500 0.001031300 0.001031400 0.001062200 0.001072100 
[6] 0.001032100 0.001032700 0.001030900 0.001032000 0.001104800 0.001030300 0.001222100 0.001062200 0.001029900 0.001243900 
[7] 0.001218300 0.001031100 0.001031800 0.001177600 0.001029400 0.001072400 0.001031700 0.001030600 0.001030800 0.001029800 
[8] 0.001073100 0.001319700 0.001033700 0.001032000 0.001032400 0.001031500 0.001074100 0.001032700 0.001031300 0.001032300 
[9] 0.001031900 0.001073200 0.001030700 0.001030100 0.001031900 0.001191700 0.001215800 0.001075700 0.001034300 0.001032500 
[AVERAGE] 0.001102863 s
[STANDARD DEVIATION] 0.000138243 s

FEN: 2r1n1k1/1bq2pp1/p3p2p/8/1P1R1Q2/2N2P1P/1P3P2/1B4K1 b - - 0 2
        [0]         [1]         [2]         [3]         [4]         [5]         [6]         [7]         [8]         [9]
[0] 0.006501200 0.006516600 0.006362000 0.006356800 0.006563800 0.006359600 0.006649600 0.006348400 0.006592400 0.006390700 
[1] 0.006372100 0.006657700 0.006338700 0.006740800 0.006360900 0.006354600 0.006660300 0.006355800 0.006636200 0.006323900 
[2] 0.006341000 0.006694300 0.006332400 0.006581800 0.006353900 0.006615100 0.006340500 0.006345200 0.006679600 0.006355600 
[3] 0.006450500 0.006342400 0.006333200 0.006658700 0.006374500 0.006762700 0.006365600 0.006648500 0.006341600 0.006331300 
[4] 0.006672400 0.006371700 0.006789400 0.006360900 0.006351800 0.006996900 0.006353800 0.006621900 0.006355400 0.006538400 
[5] 0.006348600 0.006371700 0.006632700 0.006372300 0.006502800 0.006350000 0.006346800 0.006741300 0.006365700 0.006574100 
[6] 0.006352800 0.006453200 0.006505200 0.006369500 0.006746400 0.006352700 0.006659700 0.006358600 0.006356000 0.006648800 
[7] 0.006369300 0.006650000 0.006355900 0.006357400 0.006566200 0.006340200 0.006583000 0.006350400 0.006707800 0.006363700 
[8] 0.006345900 0.007306300 0.006344300 0.006605800 0.006355100 0.006371600 0.006604700 0.006351600 0.006594600 0.006360900 
[9] 0.006640400 0.007696600 0.006371400 0.006709600 0.006350600 0.006642600 0.006354000 0.006634000 0.006386700 0.006373500 
[AVERAGE] 0.006495561 s
[STANDARD DEVIATION] 0.000209879 s

FEN: 4rb2/5kp1/1p2p2p/5p2/1PP5/2Bq1NP1/5P1P/4R1K1 w - - 0 2
        [0]         [1]         [2]         [3]         [4]         [5]         [6]         [7]         [8]         [9]
[0] 0.002447200 0.002139700 0.002134000 0.002137500 0.002128000 0.002134100 0.002133400 0.002310500 0.002343800 0.002958600 
[1] 0.002783400 0.002147600 0.002186400 0.002168400 0.002827000 0.002488700 0.002202000 0.002199900 0.002198900 0.002205100 
[2] 0.002274000 0.002370400 0.002203400 0.002206600 0.002197400 0.002196200 0.002201700 0.002284700 0.002218600 0.002200600 
[3] 0.002197600 0.002195000 0.002192300 0.002203200 0.002246000 0.002345200 0.002201100 0.002197400 0.002199600 0.002196900 
[4] 0.002201400 0.002202100 0.003883100 0.003522700 0.003519400 0.003560700 0.002987300 0.002204200 0.002207200 0.002203800 
[5] 0.002203400 0.002196800 0.002202100 0.002478500 0.002200700 0.002202100 0.002202100 0.002200400 0.002202700 0.002201700 
[6] 0.002501100 0.002199800 0.002194500 0.002198300 0.002198300 0.002200300 0.002197400 0.002526200 0.002198000 0.002201400 
[7] 0.002211200 0.002195300 0.002205400 0.002202900 0.002352900 0.002197600 0.002203200 0.002197300 0.002206700 0.002203400 
[8] 0.002204900 0.002439900 0.002188500 0.002189000 0.002189400 0.002193600 0.002182200 0.002188500 0.002451500 0.002187400 
[9] 0.002195600 0.002191600 0.002198300 0.002194300 0.002187600 0.002469900 0.002188500 0.002198600 0.002199200 0.002202200 
[AVERAGE] 0.002310164 s
[STANDARD DEVIATION] 0.000310742 s

FEN: 6k1/5p2/6p1/8/7p/8/6PP/6K1 b - - 0 0
        [0]         [1]         [2]         [3]         [4]         [5]         [6]         [7]         [8]         [9]
[0] 0.000088000 0.000082600 0.000080000 0.000079800 0.000077900 0.000078900 0.000077600 0.000077000 0.000076700 0.000077100 
[1] 0.000077300 0.000076600 0.000076300 0.000077000 0.000076500 0.000076300 0.000077300 0.000076500 0.000076900 0.000076600 
[2] 0.000076600 0.000077100 0.000076600 0.000076600 0.000076500 0.000076300 0.000076600 0.000077200 0.000076600 0.000076500 
[3] 0.000076700 0.000076100 0.000076900 0.000077100 0.000076400 0.000076300 0.000076400 0.000077000 0.000076500 0.000076700 
[4] 0.000076600 0.000076700 0.000076400 0.000076400 0.000076300 0.000076900 0.000077200 0.000076700 0.000076300 0.000076600 
[5] 0.000077100 0.000077100 0.000076500 0.000076400 0.000076600 0.000076200 0.000076600 0.000076700 0.000076800 0.000076300 
[6] 0.000159500 0.000303200 0.000251900 0.000128500 0.000128400 0.000132400 0.000127700 0.000127800 0.000129300 0.000127500 
[7] 0.000128500 0.000129100 0.000129700 0.000127600 0.000127300 0.000130200 0.000128400 0.000129300 0.000128400 0.000131300 
[8] 0.000128000 0.000128400 0.000126600 0.000127200 0.000128000 0.000128500 0.000126900 0.000129000 0.000126800 0.000126000 
[9] 0.000127800 0.000127600 0.000127400 0.000126400 0.000127900 0.000126000 0.000125400 0.000126500 0.000125200 0.000125100 
[AVERAGE] 0.000100747 s
[STANDARD DEVIATION] 0.000035817 s

FEN: 3k4/2n2B2/1KP5/2B2p2/5b1p/7P/8/8 b - - 0 0
        [0]         [1]         [2]         [3]         [4]         [5]         [6]         [7]         [8]         [9]
[0] 0.003768400 0.003669100 0.003593000 0.002886200 0.002870100 0.002500000 0.002502100 0.002495800 0.002631000 0.002493800 
[1] 0.002499700 0.002506500 0.002500700 0.002502200 0.002648100 0.002496100 0.002495100 0.002496600 0.002496200 0.002507100 
[2] 0.002829700 0.003481600 0.003479100 0.003512100 0.003460700 0.003062100 0.002501800 0.002494000 0.002492700 0.002491900 
[3] 0.002492300 0.003444000 0.003677800 0.003820600 0.003896500 0.003425300 0.002497100 0.002496300 0.002496700 0.002492000 
[4] 0.002493000 0.002653100 0.002495800 0.002500400 0.002497200 0.002497800 0.002496000 0.002878800 0.002508400 0.002500500 
[5] 0.002505100 0.002512500 0.002484400 0.002513900 0.002583400 0.002440700 0.002439600 0.002441600 0.002438400 0.002442600 
[6] 0.002651900 0.002434200 0.002431300 0.002433300 0.002437300 0.002434800 0.002794100 0.002446700 0.002438200 0.002436600 
[7] 0.002428500 0.002426600 0.002741000 0.002630700 0.002435400 0.002435600 0.002435100 0.002430400 0.002432200 0.002689600 
[8] 0.002434200 0.002432000 0.002434500 0.002429100 0.002427100 0.002787800 0.002434800 0.002430600 0.002428200 0.002438600 
[9] 0.002433700 0.002624400 0.002439100 0.002430300 0.002430700 0.002429600 0.002434000 0.002426100 0.002717900 0.002436800 
[AVERAGE] 0.002649283 s
[STANDARD DEVIATION] 0.000375394 s

FEN: r7/4R2P/3p4/3k1K2/2p5/8/8/8 b - - 0 0
        [0]         [1]         [2]         [3]         [4]         [5]         [6]         [7]         [8]         [9]
[0] 0.002588000 0.002579500 0.002576200 0.002579500 0.002939600 0.002587900 0.002584500 0.002579100 0.002581600 0.002690600 
[1] 0.002807900 0.002575500 0.002580200 0.002587800 0.002577900 0.002816600 0.002622100 0.002572900 0.002580000 0.002584300 
[2] 0.002573100 0.002833800 0.002576700 0.002577500 0.002581000 0.002580900 0.002579800 0.002786500 0.002577500 0.002579700 
[3] 0.002576300 0.002577100 0.002574900 0.002801900 0.002580300 0.002579500 0.002578200 0.002576000 0.002577700 0.002859000 
[4] 0.002576900 0.002573200 0.002578300 0.002576600 0.002572300 0.002835200 0.002577100 0.002581900 0.002577000 0.002578100 
[5] 0.002582800 0.002813700 0.002586200 0.002576100 0.002578600 0.002574700 0.002574800 0.002859700 0.002576700 0.002572600 
[6] 0.002575600 0.002575500 0.002573100 0.002810500 0.002582700 0.002576200 0.002578200 0.002575200 0.002626300 0.002828100 
[7] 0.002601300 0.002578800 0.002578400 0.002579500 0.002573900 0.003027900 0.002578000 0.002575300 0.002579100 0.002576300 
[8] 0.002576900 0.002792200 0.002575700 0.002573500 0.002569200 0.002569400 0.002572100 0.002810700 0.002572100 0.002576800 
[9] 0.002573000 0.002573400 0.002570900 0.002970800 0.002583400 0.002577300 0.002576900 0.002577500 0.002579200 0.002825900 
[AVERAGE] 0.002625884 s
[STANDARD DEVIATION] 0.000105063 s

FEN: 8/8/5p2/1P1K1k2/8/2r5/8/7R w - - 0 0
        [0]         [1]         [2]         [3]         [4]         [5]         [6]         [7]         [8]         [9]
[0] 0.001466200 0.001455500 0.001454600 0.001453200 0.001453300 0.001451900 0.001455500 0.001454300 0.001452400 0.001714300 
[1] 0.001510600 0.001452700 0.001453200 0.001454200 0.001454200 0.001454900 0.001453000 0.001454900 0.001453600 0.001835300 
[2] 0.001459900 0.001455300 0.001458700 0.001454300 0.001452900 0.001453700 0.001454600 0.001456100 0.001455800 0.001452700 
[3] 0.001713700 0.001456400 0.001455700 0.001454700 0.001453500 0.001457900 0.001452400 0.001453400 0.001456500 0.001455300 
[4] 0.001698500 0.001454600 0.001452900 0.001453000 0.001453800 0.001453700 0.001452200 0.001454600 0.001452600 0.001450800 
[5] 0.001451500 0.001782700 0.001456200 0.001454600 0.001457400 0.001455900 0.001452700 0.001452900 0.001450800 0.001453000 
[6] 0.001454500 0.001728000 0.001453600 0.001455800 0.001460600 0.001455500 0.001452900 0.001459700 0.001454900 0.001456600 
[7] 0.001457500 0.001453200 0.001719500 0.001454600 0.001453800 0.001453500 0.001453800 0.001452300 0.001451700 0.001453200 
[8] 0.001454500 0.001454800 0.001659700 0.001944600 0.001454800 0.001452200 0.001451600 0.001461000 0.001457100 0.001455400 
[9] 0.001455800 0.001454100 0.001454200 0.001747700 0.001450900 0.001453500 0.001454500 0.001453900 0.001454900 0.001452600 
[AVERAGE] 0.001485087 s
[STANDARD DEVIATION] 0.000093292 s

FEN: 5n2/R7/4pk2/8/5PK1/8/8/8 b - - 0 0
        [0]         [1]         [2]         [3]         [4]         [5]         [6]         [7]         [8]         [9]
[0] 0.000526100 0.000518900 0.000514800 0.000514700 0.000514900 0.000513400 0.000513600 0.000514800 0.000514900 0.000513500 
[1] 0.000780000 0.000520100 0.000516900 0.000516700 0.000517200 0.000516000 0.000515500 0.000515600 0.000514800 0.000516300 
[2] 0.000515200 0.000515100 0.000513800 0.000515000 0.000514300 0.000516800 0.000515000 0.000514600 0.000514000 0.000513600 
[3] 0.000514600 0.000512200 0.000514300 0.000513500 0.000514200 0.000515300 0.000514200 0.000514700 0.000515700 0.000604100 
[4] 0.000810600 0.000516100 0.000515900 0.000515700 0.000515800 0.000515700 0.000514500 0.000512400 0.000514400 0.000514600 
[5] 0.000514800 0.000514200 0.000513700 0.000515100 0.000514500 0.000516500 0.000514300 0.000514500 0.000515900 0.000513800 
[6] 0.000517100 0.000515400 0.000514600 0.000514900 0.000515400 0.000514300 0.000515400 0.000515700 0.000515100 0.000783000 
[7] 0.000515600 0.000516100 0.000514200 0.000514700 0.000514100 0.000514700 0.000514500 0.000515000 0.000514700 0.000514200 
[8] 0.000514200 0.000516500 0.000515200 0.000516300 0.000514200 0.000515000 0.000514700 0.000513900 0.000514600 0.000515500 
[9] 0.000514700 0.000515300 0.000517200 0.000515700 0.000515400 0.000514300 0.000514900 0.000513600 0.000514500 0.000791300 
[AVERAGE] 0.000527076 s
[STANDARD DEVIATION] 0.000054715 s

FEN: 3Q4/8/1k6/7p/p1p4P/2q3PB/7K/8 b - - 0 0
        [0]         [1]         [2]         [3]         [4]         [5]         [6]         [7]         [8]         [9]
[0] 0.000860600 0.000799700 0.000719200 0.000720800 0.000721800 0.000720200 0.000720200 0.000722400 0.000720300 0.000721700 
[1] 0.000722400 0.000724300 0.000722800 0.000724700 0.000721400 0.000720900 0.000724300 0.000720900 0.000722700 0.000725300 
[2] 0.001003300 0.000728000 0.000722400 0.000721800 0.000722800 0.000724400 0.000724300 0.000720400 0.000721500 0.000719700 
[3] 0.000721900 0.000722500 0.000723200 0.000722600 0.000723500 0.000726100 0.000726100 0.000721300 0.000721000 0.000718800 
[4] 0.000723700 0.000943000 0.000750000 0.000744600 0.000742700 0.000742800 0.000744700 0.000741900 0.000744500 0.000742200 
[5] 0.000742500 0.000742200 0.000744100 0.000744300 0.000742000 0.000740800 0.000740700 0.000740800 0.000738000 0.000743300 
[6] 0.000742700 0.000744400 0.001036200 0.000746000 0.000743000 0.000742100 0.000743200 0.000745200 0.000741200 0.000739800 
[7] 0.000743600 0.000743900 0.000739700 0.000741300 0.000743800 0.000741000 0.000742800 0.000739800 0.000740700 0.000739400 
[8] 0.000741100 0.000740000 0.000822100 0.000881400 0.000743100 0.000742800 0.000744200 0.000745500 0.000741800 0.000744000 
[9] 0.000742200 0.000739600 0.000741200 0.000741500 0.000745300 0.000741800 0.000742100 0.000745800 0.000740800 0.000741400 
[AVERAGE] 0.000746385 s
[STANDARD DEVIATION] 0.000050151 s

FEN: 4q3/2R4P/5R2/1p6/p3k3/P7/KP6/8 b - - 0 0
        [0]         [1]         [2]         [3]         [4]         [5]         [6]         [7]         [8]         [9]
[0] 0.003163700 0.002843900 0.002835200 0.002833900 0.002840300 0.002839000 0.003047500 0.002839900 0.002843100 0.002839900 
[1] 0.002840500 0.003166100 0.002846900 0.002841200 0.002842100 0.002846700 0.002844000 0.003130600 0.002840800 0.002842000 
[2] 0.002906700 0.002836200 0.003125400 0.002847900 0.002836500 0.002840300 0.002845100 0.003229600 0.002840600 0.002834600 
[3] 0.002836700 0.002839400 0.002835600 0.003083500 0.002842500 0.002839400 0.002832800 0.002844900 0.003124700 0.002840100 
[4] 0.002842500 0.002839700 0.002840100 0.002842100 0.003218200 0.002842200 0.002841600 0.002844200 0.002842500 0.003084500 
[5] 0.002837800 0.002837600 0.002838200 0.002841200 0.003073900 0.002831300 0.002833400 0.002836700 0.002840200 0.002839600 
[6] 0.003101200 0.002843600 0.002837500 0.002833800 0.002836800 0.003084500 0.002843200 0.002836000 0.002834200 0.002836200 
[7] 0.002834900 0.003137700 0.002841700 0.002836700 0.002835300 0.002835800 0.003178200 0.002831100 0.002828700 0.002831900 
[8] 0.002831100 0.003025500 0.002828100 0.002840800 0.002831800 0.002830900 0.002830400 0.003093100 0.002841200 0.002842300 
[9] 0.002831600 0.002838000 0.003249500 0.002839000 0.002836800 0.002842600 0.002838000 0.002835800 0.003106600 0.002838100 
[AVERAGE] 0.002894075 s
[STANDARD DEVIATION] 0.000116265 s

FEN: R7/8/5rk1/5p2/1p5P/5KP1/P7/8 b - - 0 0
        [0]         [1]         [2]         [3]         [4]         [5]         [6]         [7]         [8]         [9]
[0] 0.001643700 0.001629900 0.001629100 0.001626500 0.001628300 0.001626900 0.001897100 0.001626700 0.001628300 0.001630400 
[1] 0.001625500 0.001626100 0.001630000 0.001631100 0.001632500 0.001913400 0.001626700 0.001624400 0.001624500 0.001625100 
[2] 0.001621500 0.001620400 0.001617900 0.001620300 0.001801100 0.001691100 0.001620600 0.001620700 0.001624000 0.001619000 
[3] 0.001620700 0.001619800 0.001624700 0.001621600 0.001709100 0.001619800 0.001620400 0.001621600 0.001620800 0.001621500 
[4] 0.001621500 0.001621400 0.001623000 0.001732500 0.001809700 0.001627000 0.001622700 0.001624900 0.001624100 0.001625200 
[5] 0.001622800 0.001626200 0.001624100 0.001858500 0.001622900 0.001626400 0.001622100 0.001620700 0.001621200 0.001624600 
[6] 0.001620800 0.001624400 0.001859900 0.001640100 0.001625600 0.001624400 0.001625700 0.001627300 0.001626600 0.001628700 
[7] 0.001629000 0.001626900 0.001977000 0.001621300 0.001624300 0.001621900 0.001622200 0.001623500 0.001625200 0.001623400 
[8] 0.001624400 0.001867600 0.001629600 0.001627400 0.001626400 0.001627000 0.001628800 0.001630100 0.001628500 0.001625800 
[9] 0.001627000 0.001894300 0.001627800 0.001631400 0.001629900 0.001629500 0.001630400 0.001628500 0.001626500 0.001627800 
[AVERAGE] 0.001650512 s
[STANDARD DEVIATION] 0.000073945 s

FEN: 3k4/5ppp/2q5/3p2r1/8/1Q3P2/P4P1P/3R3K w - - 0 1
        [0]         [1]         [2]         [3]         [4]         [5]         [6]         [7]         [8]         [9]
[0] 0.011545300 0.011300500 0.011451400 0.011351200 0.011524600 0.011482000 0.011397000 0.011041100 0.011349700 0.011323400 
[1] 0.011037300 0.011299500 0.011347900 0.011341400 0.011060100 0.011342000 0.011583400 0.011072200 0.011323900 0.011299100 
[2] 0.011282700 0.011056100 0.011353900 0.011342200 0.011353100 0.011038100 0.011311600 0.011947100 0.011057700 0.011437800 
[3] 0.011353000 0.011299800 0.011321000 0.011260200 0.011247600 0.011334400 0.011138300 0.011703300 0.011287700 0.011081200 
[4] 0.011342900 0.012306800 0.011278800 0.011067800 0.011225800 0.011432000 0.011311600 0.011095200 0.011289700 0.011409100 
[5] 0.011067400 0.011321100 0.011322700 0.011513600 0.011065600 0.011295100 0.011313600 0.011062600 0.011461600 0.011262400 
[6] 0.011335000 0.011056400 0.011418600 0.011308000 0.011285000 0.011073600 0.011506200 0.011283700 0.011059200 0.011317200 
[7] 0.011409700 0.011236900 0.011085000 0.011290100 0.011432500 0.011059300 0.011333400 0.011364100 0.011447900 0.011053200 
[8] 0.011381000 0.011353400 0.011433000 0.011076300 0.011259400 0.011353400 0.011043300 0.011372100 0.011274200 0.011326500 
[9] 0.011049600 0.011403200 0.011355300 0.011074800 0.011341000 0.011485100 0.011208300 0.011056200 0.011355800 0.013165700 
[AVERAGE] 0.011318478 s
[STANDARD DEVIATION] 0.000265827 s

FEN: 4R3/1k6/1p2P1p1/p7/4r3/1P1r4/1K6/2R5 w - - 0 0
        [0]         [1]         [2]         [3]         [4]         [5]         [6]         [7]         [8]         [9]
[0] 0.004094000 0.004074200 0.004223100 0.003982300 0.003978500 0.003978300 0.004269400 0.003993500 0.003988800 0.004154400 
[1] 0.004251700 0.003983800 0.004028700 0.004330900 0.003972100 0.003989500 0.003987400 0.004136800 0.003992400 0.003990400 
[2] 0.003979600 0.004334900 0.004040400 0.004090800 0.003984000 0.004208700 0.003983600 0.003984600 0.003985100 0.004217200 
[3] 0.003980600 0.003976700 0.004074300 0.004247500 0.003981800 0.003979100 0.004282500 0.003977100 0.003980400 0.003978100 
[4] 0.004238900 0.003989800 0.003988200 0.003988200 0.004384200 0.003999700 0.003988900 0.003989800 0.004220900 0.003981000 
[5] 0.003982600 0.003983700 0.004251500 0.003984400 0.003982300 0.003979300 0.004396700 0.003989000 0.003984700 0.004264700 
[6] 0.003990800 0.003992600 0.003987700 0.004260800 0.003981900 0.003980300 0.003982800 0.004368600 0.003986100 0.003983700 
[7] 0.003985000 0.004303500 0.003989100 0.003990800 0.003990600 0.004209400 0.003991200 0.003988300 0.003993100 0.004723100 
[8] 0.004262000 0.004345800 0.004398200 0.003998200 0.003982000 0.003979700 0.004193500 0.003991000 0.003988700 0.003987100 
[9] 0.004345000 0.003978300 0.003980300 0.003979100 0.004251700 0.003983000 0.003983000 0.003975600 0.004291800 0.003991400 
[AVERAGE] 0.004078005 s
[STANDARD DEVIATION] 0.000147609 s

FEN: 5k2/R7/3K4/4p3/5P2/8/8/5r2 w - - 0 0
        [0]         [1]         [2]         [3]         [4]         [5]         [6]         [7]         [8]         [9]
[0] 0.000812200 0.000805100 0.000803400 0.000801900 0.000802100 0.000801900 0.000802900 0.000803200 0.000802000 0.000955800 
[1] 0.000802000 0.000801300 0.000800200 0.000800100 0.000799900 0.000800700 0.000799000 0.000799700 0.000800900 0.000799600 
[2] 0.000799900 0.000800200 0.000799700 0.000800500 0.000799700 0.000800100 0.000800900 0.000800400 0.001117400 0.000799600 
[3] 0.000799600 0.000799400 0.000798500 0.000799500 0.000801000 0.000799700 0.000799600 0.000800100 0.000800500 0.000800000 
[4] 0.000798800 0.000799900 0.000799200 0.000799200 0.000799700 0.000799800 0.000799500 0.001082800 0.000803400 0.000801600 
[5] 0.000803400 0.000801600 0.000802500 0.000802500 0.000801900 0.000801700 0.000802200 0.000801000 0.000800900 0.000801500 
[6] 0.000801400 0.000803100 0.000801100 0.000803500 0.000802500 0.000801700 0.001143200 0.000800900 0.000801800 0.000800400 
[7] 0.000800000 0.000801200 0.000800900 0.000799800 0.000800500 0.000799300 0.000800000 0.000925000 0.000801000 0.000800500 
[8] 0.000800300 0.000799500 0.000798900 0.000800300 0.000799900 0.000931400 0.000800300 0.000800000 0.000799600 0.000799200 
[9] 0.000800400 0.000799700 0.000800200 0.000799600 0.000800700 0.000798800 0.000798800 0.000798100 0.000799300 0.000797800 
[AVERAGE] 0.000814239 s
[STANDARD DEVIATION] 0.000057944 s

FEN: 5k2/1R6/4p1p1/1pr3Pp/7P/1K6/8/8 w - - 0 0
        [0]         [1]         [2]         [3]         [4]         [5]         [6]         [7]         [8]         [9]
[0] 0.000756200 0.000744500 0.000743300 0.000744900 0.000741300 0.001042800 0.000764300 0.000760500 0.000743600 0.000743300 
[1] 0.000741400 0.000743100 0.000740800 0.000741800 0.000740700 0.000740900 0.000742000 0.000743300 0.000742500 0.000740300 
[2] 0.000740800 0.000741600 0.000739200 0.000742300 0.000742300 0.000830800 0.000899300 0.000739700 0.000739700 0.000741400 
[3] 0.000738500 0.000737300 0.000739100 0.000740000 0.000739600 0.000741500 0.000740000 0.000740900 0.000743200 0.000740500 
[4] 0.000741500 0.000742400 0.000740400 0.000737300 0.000740200 0.000738400 0.000966700 0.000741200 0.000740500 0.000742000 
[5] 0.000744100 0.000740900 0.000741600 0.000742400 0.000742300 0.000741000 0.000743000 0.000740200 0.000739800 0.000739900 
[6] 0.000741200 0.000744300 0.000741400 0.000740100 0.000741300 0.000739100 0.000741400 0.001200200 0.000830500 0.000740400 
[7] 0.000741600 0.000741600 0.000739100 0.000739600 0.000741100 0.000737800 0.000739900 0.000739200 0.000739200 0.000739200 
[8] 0.000738200 0.000741000 0.000743600 0.000739700 0.000739200 0.000741000 0.000743100 0.001035900 0.000763300 0.000742900 
[9] 0.000742300 0.000744300 0.000741200 0.000741000 0.000742900 0.000740900 0.000739600 0.000740500 0.000741200 0.000740900 
[AVERAGE] 0.000758059 s
[STANDARD DEVIATION] 0.000067363 s

FEN: 5k2/8/p7/4K1P1/P4R2/6r1/8/8 b - - 0 0
        [0]         [1]         [2]         [3]         [4]         [5]         [6]         [7]         [8]         [9]
[0] 0.000676600 0.000666100 0.000663800 0.000661600 0.000661600 0.000662500 0.000659900 0.000660700 0.000661600 0.000890100 
[1] 0.000664400 0.000663200 0.000661500 0.000661100 0.000660300 0.000662000 0.000660200 0.000661600 0.000661300 0.000661200 
[2] 0.000660700 0.000661400 0.000660000 0.000661900 0.000661300 0.000660700 0.000661700 0.000661400 0.000660400 0.000660500 
[3] 0.000660200 0.000661800 0.000959600 0.000661600 0.000662200 0.000662500 0.000661200 0.000661600 0.000660600 0.000661400 
[4] 0.000661600 0.000661000 0.000663400 0.000662100 0.000660600 0.000662300 0.000661500 0.000661700 0.000661500 0.000661200 
[5] 0.000661500 0.000660600 0.000661600 0.000661200 0.000661200 0.001026800 0.000670500 0.000664400 0.000663500 0.000662800 
[6] 0.000662600 0.000662200 0.000662400 0.000662000 0.000662400 0.000661200 0.000661200 0.000795600 0.001325500 0.001044100 
[7] 0.000760300 0.000858400 0.000688600 0.000660500 0.000689900 0.000702100 0.000660200 0.000689200 0.000689600 0.000932700 
[8] 0.000732400 0.000738400 0.001176300 0.001122500 0.001060100 0.001038300 0.000959800 0.000741500 0.000737500 0.000743900 
[9] 0.000718800 0.000714100 0.000713900 0.000878700 0.000679400 0.000678000 0.000678600 0.000678800 0.000887800 0.000747400 
[AVERAGE] 0.000721719 s
[STANDARD DEVIATION] 0.000128742 s

FEN: 8/8/8/p2r1k2/7p/PP1RK3/6P1/8 b - - 0 0
        [0]         [1]         [2]         [3]         [4]         [5]         [6]         [7]         [8]         [9]
[0] 0.000714500 0.000771400 0.000633900 0.000633900 0.000630300 0.000630800 0.000629700 0.000629200 0.000629300 0.000687100 
[1] 0.000646800 0.000629500 0.000629100 0.000629700 0.000629100 0.000629200 0.000629800 0.000629500 0.000630000 0.000668500 
[2] 0.000629500 0.000656800 0.000968100 0.000615700 0.000615100 0.000614500 0.000615000 0.000735300 0.000688900 0.000614400 
[3] 0.000613200 0.000613500 0.000614400 0.000613200 0.000613400 0.000613000 0.000613600 0.000917200 0.000614400 0.000613800 
[4] 0.000613800 0.000613100 0.000613400 0.000613300 0.000614200 0.000613300 0.000924200 0.000620700 0.000616800 0.000617100 
[5] 0.000616900 0.000615800 0.000616200 0.000615900 0.000616500 0.000712600 0.000615400 0.000613900 0.000614500 0.000616100 
[6] 0.000615100 0.000614200 0.000614700 0.000614000 0.000684200 0.000614200 0.000614100 0.000614000 0.000614000 0.000613500 
[7] 0.000704000 0.000693800 0.000616300 0.000657000 0.000615500 0.000614800 0.000614500 0.000614400 0.000614500 0.000615800 
[8] 0.000614800 0.000614800 0.000614700 0.000657500 0.000615100 0.000614200 0.000614900 0.000614800 0.000613500 0.000614400 
[9] 0.000614800 0.000614000 0.000656500 0.000614700 0.000613700 0.000793800 0.000821000 0.000612900 0.000612200 0.000613400 
[AVERAGE] 0.000641763 s
[STANDARD DEVIATION] 0.000064581 s

FEN: 8/8/8/1P4p1/5k2/5p2/P6K/8 b - - 0 0
        [0]         [1]         [2]         [3]         [4]         [5]         [6]         [7]         [8]         [9]
[0] 0.000225300 0.000217200 0.000215500 0.000214200 0.000255800 0.000213900 0.000214300 0.000214200 0.000213300 0.000214600 
[1] 0.000213900 0.000213300 0.000214000 0.000214000 0.000214300 0.000215200 0.000214000 0.000213200 0.000213600 0.000214600 
[2] 0.000213900 0.000213400 0.000214200 0.000213700 0.000213900 0.000212400 0.000212300 0.000212800 0.000214800 0.000213300 
[3] 0.000214300 0.000241300 0.000226300 0.000213000 0.000213200 0.000214100 0.000213400 0.000213800 0.000213900 0.000213700 
[4] 0.000213100 0.000213400 0.000214100 0.000212700 0.000212700 0.000212800 0.000213600 0.000213300 0.000213900 0.000212700 
[5] 0.000213100 0.000213500 0.000212500 0.000213000 0.000213500 0.000213000 0.000214900 0.000214100 0.000321600 0.000313100 
[6] 0.000214000 0.000213700 0.000213600 0.000213800 0.000214700 0.000214300 0.000213800 0.000214200 0.000214000 0.000213200 
[7] 0.000213800 0.000213200 0.000214500 0.000214000 0.000214100 0.000214200 0.000213500 0.000214300 0.000214300 0.000213800 
[8] 0.000213000 0.000213100 0.000214100 0.000214900 0.000214100 0.000313600 0.000213400 0.000213600 0.000214100 0.000214400 
[9] 0.000214000 0.000212800 0.000213200 0.000212500 0.000213200 0.000212400 0.000213400 0.000212900 0.000212100 0.000213700 
[AVERAGE] 0.000217722 s
[STANDARD DEVIATION] 0.000018101 s

FEN: 3b2k1/1p3p2/p1p5/2P4p/1P2P1p1/5p2/5P2/4RK2 w - - 0 0
        [0]         [1]         [2]         [3]         [4]         [5]         [6]         [7]         [8]         [9]
[0] 0.001384600 0.001365000 0.001365400 0.001368200 0.001635100 0.001365600 0.001361000 0.001364800 0.001362100 0.001366500 
[1] 0.001364000 0.001366700 0.001370000 0.001367400 0.001369000 0.001689300 0.001430500 0.001363000 0.001359100 0.001360000 
[2] 0.001359400 0.001362100 0.001361500 0.001358000 0.001363200 0.001361000 0.001371400 0.001665600 0.001410300 0.001364300 
[3] 0.001364400 0.001362400 0.001364600 0.001367400 0.001366000 0.001362200 0.001370500 0.001365000 0.001603300 0.001364700 
[4] 0.001368100 0.001362800 0.001361800 0.001365300 0.001360000 0.001354700 0.001360900 0.001366000 0.001368000 0.001841000 
[5] 0.001372800 0.001366800 0.001364600 0.001367900 0.001363100 0.001364000 0.001365000 0.001366900 0.001368300 0.001366200 
[6] 0.001511600 0.001372700 0.001366300 0.001360900 0.001369400 0.001362300 0.001368400 0.001371100 0.001367800 0.001367500 
[7] 0.001363100 0.001591400 0.001396400 0.001361400 0.001364600 0.001368000 0.001371200 0.001370300 0.001365200 0.001368800 
[8] 0.001365900 0.001367000 0.001368600 0.001753400 0.001371600 0.001369400 0.001361800 0.001364100 0.001361800 0.001365300 
[9] 0.001364100 0.001362600 0.001363900 0.001362900 0.001582300 0.001363700 0.001364300 0.001363700 0.001365100 0.001367700 
[AVERAGE] 0.001392664 s
[STANDARD DEVIATION] 0.000086885 s

FEN: 5k2/3R4/2K1p1p1/4P1P1/5P2/8/3r4/8 b - - 0 0
        [0]         [1]         [2]         [3]         [4]         [5]         [6]         [7]         [8]         [9]
[0] 0.001066500 0.001050300 0.001048900 0.001050600 0.001048500 0.001045000 0.001047000 0.001265400 0.001045300 0.001047000 
[1] 0.001047700 0.001047700 0.001044200 0.001047300 0.001052300 0.001050300 0.001047400 0.001051300 0.001047000 0.001048000 
[2] 0.001045600 0.001195700 0.001282200 0.001069800 0.001049800 0.001050400 0.001048800 0.001051200 0.001053100 0.001050000 
[3] 0.001053600 0.001051100 0.001050400 0.001051300 0.001053000 0.001052200 0.001331300 0.001047900 0.001054200 0.001049600 
[4] 0.001052500 0.001051300 0.001056400 0.001050600 0.001053400 0.001053300 0.001051500 0.001052300 0.001052400 0.001053000 
[5] 0.001267200 0.001099100 0.001052900 0.001048000 0.001052700 0.001053900 0.001048200 0.001044900 0.001052300 0.001052200 
[6] 0.001050800 0.001049700 0.001049900 0.001048200 0.001048300 0.001416300 0.001048900 0.001050100 0.001053300 0.001051300 
[7] 0.001046900 0.001050700 0.001049600 0.001051600 0.001048300 0.001049700 0.001050400 0.001052200 0.001053000 0.001050200 
[8] 0.001345600 0.001054500 0.001051300 0.001050600 0.001047200 0.001049900 0.001051600 0.001050400 0.001049100 0.001050000 
[9] 0.001046900 0.001048900 0.001049000 0.001049700 0.001208200 0.001050700 0.001048900 0.001048700 0.001049700 0.001051200 
[AVERAGE] 0.001070085 s
[STANDARD DEVIATION] 0.000067651 s

FEN: 6k1/6pp/5p2/8/5P2/P7/2K4P/8 b - - 0 0
        [0]         [1]         [2]         [3]         [4]         [5]         [6]         [7]         [8]         [9]
[0] 0.000159300 0.000151300 0.000149900 0.000148700 0.000148200 0.000147700 0.000147600 0.000147400 0.000147500 0.000147500 
[1] 0.000147200 0.000147400 0.000146600 0.000147600 0.000147400 0.000147200 0.000147300 0.000147300 0.000147600 0.000147300 
[2] 0.000147100 0.000147500 0.000147300 0.000147700 0.000147500 0.000147100 0.000147200 0.000147800 0.000147400 0.000147300 
[3] 0.000147400 0.000147200 0.000147600 0.000147300 0.000147700 0.000147200 0.000147200 0.000147000 0.000147500 0.000147100 
[4] 0.000147800 0.000147700 0.000147000 0.000147000 0.000147400 0.000147500 0.000147000 0.000146900 0.000146900 0.000147000 
[5] 0.000147500 0.000147700 0.000147100 0.000147200 0.000147300 0.000147000 0.000147300 0.000147500 0.000147500 0.000147500 
[6] 0.000147500 0.000147100 0.000147200 0.000147300 0.000147700 0.000242700 0.000376400 0.000257600 0.000147100 0.000147600 
[7] 0.000147500 0.000147800 0.000149000 0.000147800 0.000147500 0.000147300 0.000147500 0.000148000 0.000147600 0.000147200 
[8] 0.000147200 0.000148100 0.000147100 0.000147400 0.000147200 0.000147400 0.000147300 0.000147600 0.000147300 0.000147200 
[9] 0.000147300 0.000147600 0.000147300 0.000147200 0.000147200 0.000147000 0.000147600 0.000147800 0.000147300 0.000147500 
[AVERAGE] 0.000151939 s
[STANDARD DEVIATION] 0.000026792 s

FEN: 8/3R4/8/r3N2p/P1Pp1P2/2k2K1P/3r4/8 w - - 0 0
        [0]         [1]         [2]         [3]         [4]         [5]         [6]         [7]         [8]         [9]
[0] 0.003972400 0.003957100 0.004204900 0.003961700 0.003962000 0.003965800 0.004215300 0.003966100 0.003962000 0.003966700 
[1] 0.004307700 0.003950600 0.003950300 0.003951900 0.004141200 0.003954900 0.003952100 0.003995900 0.004220100 0.003948800 
[2] 0.003951100 0.004277300 0.003987700 0.003959400 0.003966700 0.004105400 0.003947300 0.003945900 0.004258200 0.004202400 
[3] 0.003969500 0.003967900 0.003965700 0.004327800 0.003956900 0.003944600 0.003949100 0.004211200 0.003976900 0.003972000 
[4] 0.003973800 0.004245000 0.003958800 0.003958500 0.003962600 0.004383400 0.003968300 0.003963700 0.004236800 0.003961300 
[5] 0.003955400 0.003961700 0.004206700 0.003954900 0.003951500 0.003946500 0.004329000 0.003945900 0.003953700 0.003944700 
[6] 0.004230200 0.003955500 0.003966200 0.003966300 0.004182900 0.003958400 0.003965200 0.003958800 0.004307800 0.003962200 
[7] 0.003962400 0.003967700 0.004248200 0.003958200 0.003950700 0.003942200 0.004133700 0.003950100 0.003946400 0.004164600 
[8] 0.003997100 0.003969600 0.003962800 0.004235800 0.004057200 0.003954600 0.003945600 0.004222900 0.003968600 0.003960700 
[9] 0.003968700 0.004308100 0.003963600 0.003962400 0.003959300 0.004228600 0.003969400 0.003974400 0.003969300 0.004235400 
[AVERAGE] 0.004036045 s
[STANDARD DEVIATION] 0.000126542 s

FEN: 6k1/8/6r1/8/5b2/2PR4/4K3/8 w - - 0 0        [0]         [1]         [2]         [3]         [4]         [5]         [6]         [7]         [8]         [9]
[0] 0.001743000 0.001733500 0.001729800 0.001730600 0.001733300 0.001730400 0.001731800 0.002065900 0.001734600 0.001731500 
[1] 0.001726000 0.001728800 0.001725500 0.001725500 0.001725700 0.001727800 0.001836700 0.001733200 0.001729700 0.001729100 
[2] 0.001727800 0.001730300 0.001727300 0.001731200 0.001805800 0.001887200 0.001727400 0.001727800 0.001724700 0.001727800 
[3] 0.001724400 0.001724800 0.001725000 0.002034400 0.001787700 0.001725900 0.001729300 0.001724900 0.001723600 0.001721400 
[4] 0.001723600 0.001728600 0.002125500 0.001725000 0.001722600 0.001723700 0.001796000 0.001724400 0.001724600 0.001725600 
[5] 0.001722500 0.001951800 0.001730700 0.001726700 0.001726200 0.001721700 0.001724100 0.001727600 0.001721800 0.001728500 
[6] 0.002060900 0.001728100 0.001726600 0.001728400 0.001727700 0.001727100 0.001727100 0.001727000 0.001732500 0.001984900 
[7] 0.001723400 0.001726900 0.001725600 0.001727000 0.001728600 0.001728400 0.001724600 0.001725400 0.001946100 0.001767300 
[8] 0.001728800 0.001727400 0.001732200 0.001727700 0.001724600 0.001725400 0.001725500 0.002064300 0.001727300 0.001729900 
[9] 0.001727700 0.001726900 0.001729800 0.001728000 0.001727700 0.001989600 0.001721100 0.001725800 0.001723900 0.001726000 
[AVERAGE] 0.001759255 s
[STANDARD DEVIATION] 0.000088223 s

----------------------------------- AVERAGES ------------------------------------------


---------- REGULAR POSITIONS ----------

    [AVERAGE (s)]    [STANDARD DEVIATION (s)]
 [0] 0.004156811          0.000647806
 [1] 0.003671805          0.000443450
 [2] 0.006835954          0.000537094
 [3] 0.007546026          0.001488981
 [4] 0.016930988          0.003064512
 [5] 0.011239566          0.000267907
 [6] 0.013177411          0.001555294
 [7] 0.016570933          0.002999627
 [8] 0.011871767          0.001789252
 [9] 0.004913653          0.000434656
[10] 0.005718374          0.000625111
[11] 0.004714065          0.000463833
[12] 0.007240043          0.000870576
[13] 0.006512072          0.000554215
[14] 0.010119955          0.000994648
[15] 0.009940598          0.001154462
[16] 0.026505458          0.002099002
[17] 0.005731021          0.000427242
[18] 0.011596024          0.000886151
[19] 0.006394699          0.000467225

---------- TACTICAL POSITINOS ----------

    [AVERAGE (s)]    [STANDARD DEVIATION (s)]
 [0] 0.002450238          0.000231067
 [1] 0.029455710          0.001622356
 [2] 0.003898285          0.000224072
 [3] 0.007879311          0.000525975
 [4] 0.006667395          0.000444468
 [5] 0.002080908          0.000137466
 [6] 0.005292074          0.000421281
 [7] 0.021516843          0.000392199
 [8] 0.007023698          0.000415644
 [9] 0.004685922          0.000158547
[10] 0.007170022          0.000208175
[11] 0.000451188          0.000039290
[12] 0.005904834          0.000192883
[13] 0.001232668          0.000068459
[14] 0.005469561          0.000161327
[15] 0.000477105          0.000044433
[16] 0.007894845          0.000151083
[17] 0.001102863          0.000138243
[18] 0.006495561          0.000209879
[19] 0.002310164          0.000310742

---------- SMALL POSITIONS ----------

    [AVERAGE (s)]    [STANDARD DEVIATION (s)]
 [0] 0.000100747          0.000035817
 [1] 0.002649283          0.000375394
 [2] 0.002625884          0.000105063
 [3] 0.001485087          0.000093292
 [4] 0.000527076          0.000054715
 [5] 0.000746385          0.000050151
 [6] 0.002894075          0.000116265
 [7] 0.001650512          0.000073945
 [8] 0.011318478          0.000265827
 [9] 0.004078005          0.000147609
[10] 0.000814239          0.000057944
[11] 0.000758059          0.000067363
[12] 0.000721719          0.000128742
[13] 0.000641763          0.000064581
[14] 0.000217722          0.000018101
[15] 0.001392664          0.000086885
[16] 0.001070085          0.000067651
[17] 0.000151939          0.000026792
[18] 0.004036045          0.000126542
[19] 0.001759255          0.000088223


----------------------------------- AVERAGES ------------------------------------------





---------- SUMMARY ----------

0.004156811 0.003671805 0.006835954 0.007546026 0.016930988 0.011239566 0.013177411 0.016570933 0.011871767 0.004913653 0.005718374 0.004714065 0.007240043 0.006512072 0.010119955 0.009940598 0.026505458 0.005731021 0.011596024 0.006394699 
0.002450238 0.029455710 0.003898285 0.007879311 0.006667395 0.002080908 0.005292074 0.021516843 0.007023698 0.004685922 0.007170022 0.000451188 0.005904834 0.001232668 0.005469561 0.000477105 0.007894845 0.001102863 0.006495561 0.002310164 
0.000100747 0.002649283 0.002625884 0.001485087 0.000527076 0.000746385 0.002894075 0.001650512 0.011318478 0.004078005 0.000814239 0.000758059 0.000721719 0.000641763 0.000217722 0.001392664 0.001070085 0.000151939 0.004036045 0.001759255 
0.001359722 0.000450292 0.000131244 
