FEN: rn1q1rk1/pbp2pp1/1p2pb1p/3p4/2PP4/2N1PN2/PP2BPPP/R2QK2R w KQ - 0 10
        [0]         [1]         [2]         [3]         [4]         [5]         [6]         [7]         [8]         [9]
[0] 0.070443200 0.069671600 0.069703000 0.069589500 0.069600400 0.069367900 0.070199600 0.070116300 0.069627800 0.070035200 
[1] 0.069839800 0.069439800 0.070311600 0.070771400 0.074737600 0.070051400 0.070027300 0.069435200 0.069507200 0.069374700 
[2] 0.076468300 0.069575000 0.069421100 0.069760600 0.069839900 0.069289900 0.069799900 0.069725300 0.070317000 0.073315700 
[3] 0.069535000 0.069239900 0.069561700 0.069145800 0.069315700 0.070390300 0.070236200 0.069421000 0.070775000 0.069648000 
[4] 0.073258500 0.069090800 0.072992600 0.070713200 0.069612500 0.069221200 0.069505900 0.069288800 0.069383500 0.070848000 
[5] 0.069214700 0.069853900 0.069511200 0.070288100 0.069396600 0.069366700 0.069223700 0.069484100 0.069221900 0.069215600 
[6] 0.069659200 0.069378300 0.069678500 0.069259300 0.069754200 0.069147100 0.069880300 0.069566300 0.069305800 0.069825700 
[7] 0.069324100 0.069713900 0.069661000 0.069636400 0.069360200 0.069516500 0.069203400 0.069554100 0.069278100 0.070202800 
[8] 0.070625200 0.071564800 0.069727000 0.070795800 0.069287400 0.069360700 0.069607600 0.070666100 0.069425100 0.069300900 
[9] 0.069553300 0.069721500 0.069887900 0.069487000 0.069989700 0.070287100 0.071151900 0.070230900 0.069462700 0.069414300 
[AVERAGE] 0.069957754 s
[STANDARD DEVIATION] 0.001115842 s

FEN: rn1q1rk1/pp2ppbp/2p3p1/3p1b2/2PPn3/1P3NP1/P2NPPBP/R1BQ1RK1 w - - 1 9
        [0]         [1]         [2]         [3]         [4]         [5]         [6]         [7]         [8]         [9]
[0] 0.064492700 0.062023200 0.062049300 0.060959100 0.060855500 0.061048800 0.061051800 0.061427300 0.060986600 0.060839000 
[1] 0.062433300 0.061504700 0.061162100 0.061089400 0.060995200 0.061088000 0.060982600 0.060994500 0.061034700 0.060842100 
[2] 0.063713100 0.061066900 0.060992900 0.062278800 0.063374000 0.063078500 0.063273400 0.064288200 0.062023700 0.063732500 
[3] 0.062821600 0.064376700 0.064645600 0.064605700 0.062900600 0.062866300 0.062997500 0.062545000 0.061309300 0.062272100 
[4] 0.062999500 0.064028500 0.060747500 0.064218500 0.060919700 0.061175200 0.060990600 0.062995200 0.060935000 0.061302100 
[5] 0.061430200 0.061102800 0.060959000 0.060892600 0.060986300 0.061216700 0.061031600 0.061332200 0.061012500 0.062518500 
[6] 0.061101300 0.061605300 0.061131300 0.060827600 0.061524500 0.065139600 0.061506200 0.061057200 0.060990800 0.060887700 
[7] 0.061130700 0.060921000 0.060916700 0.061260500 0.061047100 0.060921200 0.061004200 0.061120300 0.061443300 0.060943200 
[8] 0.061052100 0.060892700 0.060970900 0.061071400 0.060846800 0.061084000 0.061793700 0.060698600 0.061557700 0.065094800 
[9] 0.061620500 0.077430400 0.069624200 0.077344400 0.075726100 0.067395500 0.070584300 0.078310600 0.070960700 0.061639200 
[AVERAGE] 0.062719948 s
[STANDARD DEVIATION] 0.003532995 s

FEN: 1rbq1rk1/pp2ppbp/2n2np1/2pp4/5P2/N1PP1NP1/PP2P1BP/R1BQ1RK1 w - - 3 9
        [0]         [1]         [2]         [3]         [4]         [5]         [6]         [7]         [8]         [9]
[0] 0.088694700 0.090183800 0.093648300 0.103470200 0.102681000 0.105368300 0.105417100 0.115211300 0.111300400 0.111324200 
[1] 0.106124500 0.099401700 0.092725700 0.088453000 0.089518300 0.089156200 0.090015800 0.092465200 0.090774800 0.089080900 
[2] 0.090267700 0.088808100 0.089039900 0.088688300 0.089926800 0.090149000 0.089352200 0.088781300 0.088487200 0.088986400 
[3] 0.089045800 0.089769000 0.088948200 0.088874000 0.088728800 0.089345800 0.089975000 0.090601700 0.089492000 0.088523000 
[4] 0.088982700 0.088686800 0.088768400 0.091367700 0.099458600 0.107296400 0.106868700 0.105295800 0.103030700 0.096718200 
[5] 0.089380200 0.094266000 0.091800900 0.088861900 0.088938200 0.098562700 0.103819900 0.093456600 0.099821300 0.101570900 
[6] 0.101109100 0.096989600 0.089397900 0.089399400 0.089983100 0.088895500 0.089764500 0.089070500 0.089143200 0.089275800 
[7] 0.089077200 0.088574600 0.089050900 0.089997100 0.089243900 0.088504600 0.088844200 0.088819700 0.088691100 0.089221400 
[8] 0.088986300 0.089197200 0.089078800 0.089955500 0.090709300 0.088749800 0.088948300 0.089077100 0.090070900 0.090060000 
[9] 0.099399600 0.125003400 0.111731400 0.124749700 0.111357400 0.116716800 0.119680700 0.104782800 0.115412000 0.112251200 
[AVERAGE] 0.095067297 s
[STANDARD DEVIATION] 0.009191867 s

FEN: r2qkb1r/pp1n1ppp/2p2n2/3pp3/6b1/3P1NP1/PPPNPPBP/R1BQ1RK1 w kq - 0 7
        [0]         [1]         [2]         [3]         [4]         [5]         [6]         [7]         [8]         [9]
[0] 0.081393200 0.075177800 0.078397500 0.078398400 0.084701300 0.081143200 0.067418800 0.065703600 0.067565400 0.066837200 
[1] 0.069832100 0.071034200 0.071836100 0.070552300 0.070738300 0.068039200 0.066738600 0.061185900 0.061112900 0.060979700 
[2] 0.062400600 0.062204400 0.061601900 0.060968400 0.060917100 0.060978500 0.060961000 0.060988500 0.063527800 0.063348200 
[3] 0.064261000 0.063610900 0.062392500 0.062870700 0.062250800 0.067296100 0.065204600 0.062796800 0.060912000 0.062609800 
[4] 0.063173300 0.060939000 0.060825300 0.060833900 0.063443400 0.067625000 0.071026400 0.069569100 0.073171200 0.072850400 
[5] 0.076546000 0.075963200 0.073694700 0.072204600 0.069086300 0.069174500 0.069445800 0.061495600 0.061978300 0.061017800 
[6] 0.060939800 0.061039600 0.061093000 0.064236600 0.065490600 0.064530900 0.064212300 0.068187800 0.069285200 0.067904000 
[7] 0.068230900 0.067987200 0.067048600 0.065375200 0.065498500 0.066929500 0.067292700 0.066374200 0.063126600 0.061286300 
[8] 0.065099300 0.066013000 0.064893900 0.064703900 0.066404800 0.067167000 0.065105400 0.062853800 0.066615800 0.064760400 
[9] 0.061297900 0.061208600 0.060929800 0.060848300 0.064892900 0.063625300 0.061116500 0.062617200 0.061261400 0.060796000 
[AVERAGE] 0.066032318 s
[STANDARD DEVIATION] 0.005172775 s

FEN: rnbqkb1r/pp3pp1/2p1pn1p/8/2pP3B/2N2N2/PP2PPPP/R2QKB1R w KQkq - 0 7
        [0]         [1]         [2]         [3]         [4]         [5]         [6]         [7]         [8]         [9]
[0] 0.085208800 0.085449200 0.085723300 0.086714200 0.086043300 0.085825200 0.085116700 0.085420500 0.086000100 0.087077300 
[1] 0.089420400 0.087149600 0.099815800 0.095906000 0.097385000 0.098091700 0.096789300 0.087988300 0.095395800 0.100825500 
[2] 0.098389900 0.098040900 0.098071000 0.096733000 0.097120000 0.097531600 0.096541900 0.089621500 0.085550400 0.085223800 
[3] 0.085544400 0.093341100 0.097096300 0.097871000 0.101786400 0.108527100 0.109802400 0.091925400 0.088535300 0.087871400 
[4] 0.086497900 0.085725700 0.085104300 0.085493100 0.085658500 0.085421100 0.085120800 0.085294100 0.085622400 0.085113400 
[5] 0.085606700 0.085134800 0.085371000 0.085164700 0.085401100 0.085709700 0.085372500 0.085307200 0.085943600 0.086193800 
[6] 0.086180800 0.086331600 0.099473400 0.088038600 0.085012700 0.085363800 0.086381700 0.085524300 0.085164900 0.086251600 
[7] 0.086183700 0.085639000 0.084969000 0.085887500 0.085173200 0.086441900 0.085266100 0.085125000 0.085480700 0.085206700 
[8] 0.085851000 0.086112200 0.087183700 0.085492800 0.085351700 0.085295200 0.085399500 0.085098600 0.085575400 0.085117800 
[9] 0.086458600 0.085200000 0.085587400 0.085385800 0.085548100 0.085241400 0.085413800 0.085143500 0.085848600 0.085038200 
[AVERAGE] 0.088631667 s
[STANDARD DEVIATION] 0.005616096 s

FEN: r3k2r/pppqb1pp/2np1n2/4p2b/P1B1P3/2N1BN1P/1PP2PP1/R2Q1RK1 b kq - 0 11
        [0]         [1]         [2]         [3]         [4]         [5]         [6]         [7]         [8]         [9]
[0] 0.204778800 0.204234000 0.204132000 0.206721100 0.206096400 0.203618500 0.203380300 0.207509800 0.205070600 0.204243800 
[1] 0.203764600 0.203806100 0.204239200 0.203833100 0.206858100 0.204464500 0.206220700 0.203251500 0.203433000 0.203633400 
[2] 0.205242400 0.206008600 0.204577500 0.210455200 0.203405400 0.204256800 0.205192700 0.204675700 0.202920300 0.203172700 
[3] 0.204537000 0.205085500 0.203348500 0.204217400 0.204245000 0.205154100 0.203293500 0.215991800 0.203191200 0.204031200 
[4] 0.206632500 0.204352400 0.203411900 0.208785400 0.203228900 0.203151700 0.203997000 0.203117100 0.203304900 0.202919800 
[5] 0.203253500 0.204503200 0.206907300 0.204201000 0.203365400 0.203771600 0.203570600 0.203982700 0.203791400 0.203365100 
[6] 0.205037700 0.204932600 0.210178200 0.203866400 0.204848900 0.204841800 0.205162800 0.260228500 0.237038000 0.233599600 
[7] 0.219651700 0.215701100 0.210537500 0.203334200 0.203657400 0.203546000 0.203001500 0.203101000 0.204298800 0.203773400 
[8] 0.203933300 0.207542900 0.203881400 0.203557700 0.203636200 0.204945500 0.211604300 0.225999700 0.207563500 0.203411100 
[9] 0.204558900 0.203746800 0.204674300 0.204601800 0.203515600 0.203209300 0.203406900 0.204094900 0.204734100 0.203737300 
[AVERAGE] 0.206365980 s
[STANDARD DEVIATION] 0.007679146 s

FEN: r3k2r/1ppqb1pp/p1np1n2/4p2b/P1B1P3/2N1BN1P/1PP2PP1/R2QR1K1 b kq - 1 12
        [0]         [1]         [2]         [3]         [4]         [5]         [6]         [7]         [8]         [9]
[0] 0.220664900 0.225151100 0.220407200 0.222751600 0.221016500 0.220412200 0.221643000 0.221131900 0.252469400 0.245650200 
[1] 0.250089200 0.239187300 0.249834200 0.251386400 0.252713800 0.234103000 0.220948500 0.224916100 0.240923500 0.230310000 
[2] 0.221354000 0.225280700 0.222892800 0.220857200 0.226093100 0.236468700 0.245467900 0.224435400 0.253810000 0.228877400 
[3] 0.220900100 0.220835300 0.221001200 0.247464700 0.240889800 0.245514800 0.224056400 0.226025900 0.220770600 0.223597600 
[4] 0.220892200 0.225450800 0.220594400 0.220575400 0.221208900 0.222106600 0.220507200 0.222979400 0.221895500 0.221768700 
[5] 0.221434500 0.220768600 0.220948300 0.232567600 0.221662000 0.221934400 0.221238200 0.220626700 0.220533200 0.221880000 
[6] 0.220999400 0.220917900 0.220802400 0.220549000 0.222170800 0.221589500 0.221422100 0.220512300 0.221452900 0.220494900 
[7] 0.221565300 0.227578700 0.221090300 0.221266500 0.222256400 0.220912400 0.221972800 0.221098300 0.222201500 0.230564900 
[8] 0.220481800 0.221653500 0.221648000 0.223150000 0.221990300 0.221895700 0.221434700 0.227037000 0.221497000 0.241080000 
[9] 0.221986200 0.221344700 0.220941100 0.220502300 0.221218600 0.240414400 0.250382000 0.224366700 0.224236000 0.241014300 
[AVERAGE] 0.226735688 s
[STANDARD DEVIATION] 0.009554914 s

FEN: rn1qkb1r/1pp2ppp/p3bn2/3p2B1/3P4/2N1PN2/PP3PPP/R2QKB1R b KQkq - 0 7
        [0]         [1]         [2]         [3]         [4]         [5]         [6]         [7]         [8]         [9]
[0] 0.124183800 0.118602000 0.114314600 0.121749000 0.106874400 0.105513300 0.111796600 0.107734600 0.105551100 0.105790100 
[1] 0.105946200 0.105643700 0.105608100 0.105841400 0.111554900 0.110043100 0.106008500 0.106060800 0.105926500 0.105823700 
[2] 0.105415200 0.105692100 0.105862700 0.106214800 0.106261800 0.105516200 0.108142500 0.128948800 0.130010700 0.131910700 
[3] 0.122636400 0.118910200 0.107673400 0.118218800 0.109105100 0.114383400 0.109421200 0.105778000 0.106813100 0.106721800 
[4] 0.106816200 0.109625900 0.111316400 0.108107200 0.106042700 0.105496900 0.106655100 0.105975900 0.105741800 0.105765500 
[5] 0.110516300 0.106022300 0.105683800 0.105926700 0.106133200 0.106047200 0.105480700 0.105876700 0.108086900 0.106409200 
[6] 0.105739800 0.106877100 0.105662300 0.105709300 0.105627000 0.106082700 0.105652200 0.106144200 0.110435300 0.105820100 
[7] 0.105801600 0.105922900 0.105635100 0.105812000 0.106080600 0.105739500 0.105802600 0.105753800 0.105749000 0.106303600 
[8] 0.110365300 0.116296000 0.130833900 0.130573300 0.109998200 0.116067300 0.130627400 0.135418200 0.133156300 0.129000900 
[9] 0.131126300 0.123320100 0.121453200 0.127243000 0.121330100 0.117891600 0.114027300 0.113776700 0.121314600 0.120820300 
[AVERAGE] 0.111589206 s
[STANDARD DEVIATION] 0.008431471 s

FEN: r2qkb1r/1p1n1p1p/p1bpp3/2p5/4P3/2N3QP/PPP2PP1/R1B1RBK1 b kq - 1 13
        [0]         [1]         [2]         [3]         [4]         [5]         [6]         [7]         [8]         [9]
[0] 0.129572800 0.124329900 0.125763900 0.118314300 0.116789200 0.117354200 0.116314200 0.123107000 0.125853500 0.131907100 
[1] 0.133753800 0.135672300 0.138573100 0.142413800 0.140474500 0.121496500 0.116706300 0.115621000 0.118018100 0.125214700 
[2] 0.118440600 0.115818600 0.120721300 0.120708600 0.118035100 0.118048400 0.116238500 0.115711800 0.116189100 0.138029600 
[3] 0.137440600 0.134873000 0.128361000 0.122976300 0.122593900 0.124793000 0.134846300 0.135073200 0.134204800 0.134256600 
[4] 0.132933100 0.118027400 0.116667800 0.115622300 0.115982900 0.116162500 0.115879300 0.116262200 0.117160800 0.116854000 
[5] 0.115688100 0.115657200 0.121248500 0.116013900 0.115690900 0.116446000 0.116457500 0.118787900 0.115586500 0.116423600 
[6] 0.116364200 0.116107200 0.117808700 0.115739900 0.118245600 0.115670700 0.116104700 0.115916600 0.115738100 0.115722900 
[7] 0.120167700 0.120984100 0.126082900 0.123854400 0.122730900 0.123286600 0.129679900 0.123145900 0.120877300 0.118342700 
[8] 0.118547300 0.116889400 0.116062000 0.117261000 0.115435600 0.119913600 0.116463500 0.115829000 0.115937400 0.116516100 
[9] 0.116082800 0.115885300 0.117105100 0.115789600 0.115939900 0.115834800 0.117018700 0.115907500 0.116824200 0.115582500 
[AVERAGE] 0.120975592 s
[STANDARD DEVIATION] 0.007010492 s

FEN: rn1q1rk1/p1p2ppp/bp3n2/3p4/1b1P4/2N1PN2/PPBB1PPP/R2QK2R b KQ - 3 9
        [0]         [1]         [2]         [3]         [4]         [5]         [6]         [7]         [8]         [9]
[0] 0.086019400 0.086672600 0.086022500 0.086674200 0.085755600 0.085927500 0.086676300 0.086245400 0.086846700 0.085715600 
[1] 0.086625100 0.085932800 0.086646300 0.086553200 0.086574100 0.085726000 0.085993200 0.085798200 0.086934400 0.085921400 
[2] 0.086255500 0.085953600 0.086054300 0.086099500 0.085602000 0.085958100 0.085916400 0.090534900 0.085811900 0.085884900 
[3] 0.085907900 0.086345200 0.085461300 0.086675300 0.086112000 0.086058900 0.086116900 0.085830100 0.085696700 0.086222900 
[4] 0.085585900 0.085971900 0.085700800 0.085894200 0.085581800 0.087010200 0.086458300 0.086268800 0.085822800 0.085972700 
[5] 0.085521600 0.086764900 0.089064300 0.086514200 0.087001600 0.101876900 0.106118400 0.086287700 0.085671100 0.090979100 
[6] 0.102386300 0.108506100 0.096465600 0.090869200 0.093183200 0.086524200 0.087650400 0.085768100 0.088817700 0.090643600 
[7] 0.086660900 0.089266200 0.090837900 0.085802900 0.086405300 0.085683800 0.085795600 0.088077500 0.087121900 0.086236800 
[8] 0.086688500 0.085863400 0.086630400 0.085751600 0.087232200 0.085885000 0.085685200 0.085860100 0.085730800 0.085369200 
[9] 0.086673700 0.087200500 0.085533300 0.085977600 0.085734300 0.085667800 0.085722200 0.085745300 0.085609100 0.085829500 
[AVERAGE] 0.087389189 s
[STANDARD DEVIATION] 0.003958975 s

FEN: rnbq1rk1/pp2bppp/4pn2/3p4/2PN4/6P1/PPQ1PPBP/RNB2RK1 b - - 0 8
        [0]         [1]         [2]         [3]         [4]         [5]         [6]         [7]         [8]         [9]
[0] 0.111099000 0.111349400 0.111614400 0.111871900 0.111744100 0.110764000 0.111517100 0.111951700 0.111307000 0.110904500 
[1] 0.110965900 0.111321900 0.120302900 0.111727800 0.115685900 0.111242100 0.111706600 0.112366400 0.111155900 0.111439200 
[2] 0.111133000 0.112978800 0.112457500 0.111355100 0.111109900 0.111145800 0.135941000 0.127544600 0.119492400 0.111886900 
[3] 0.112345000 0.129499100 0.137369400 0.136097900 0.121198500 0.120401100 0.117538200 0.111242900 0.111355500 0.111146300 
[4] 0.114995600 0.113162600 0.122684200 0.130254300 0.128413700 0.119943100 0.119051800 0.120067700 0.116219400 0.113506000 
[5] 0.111318800 0.111126000 0.112852400 0.114189200 0.130981100 0.126455900 0.123988900 0.112453300 0.111926800 0.124141900 
[6] 0.120809600 0.116651400 0.111917200 0.111260100 0.111369400 0.113679100 0.121515500 0.116759600 0.112558000 0.111133400 
[7] 0.115412400 0.116312900 0.111176700 0.111173200 0.111220100 0.114480700 0.115097800 0.111012900 0.111228300 0.111107500 
[8] 0.111297100 0.112204500 0.118845400 0.114664800 0.110968200 0.111239800 0.110799100 0.112379800 0.111008900 0.111232100 
[9] 0.112268300 0.111494900 0.111003400 0.111309200 0.111163800 0.111526700 0.115506200 0.111336800 0.111228900 0.111239500 
[AVERAGE] 0.115116025 s
[STANDARD DEVIATION] 0.006203977 s

FEN: rnbqkb1r/pp1p1ppp/4pn2/2p5/2PP4/4PN2/PP3PPP/RNBQKB1R b KQkq - 0 4
        [0]         [1]         [2]         [3]         [4]         [5]         [6]         [7]         [8]         [9]
[0] 0.045518900 0.045531500 0.045549700 0.045546700 0.045539700 0.046636500 0.048713400 0.047353200 0.045792000 0.047024200 
[1] 0.045925300 0.045616800 0.045561900 0.048902100 0.045461300 0.047153700 0.046506500 0.045666600 0.045393400 0.045561300 
[2] 0.045573300 0.045575600 0.045678000 0.045499100 0.045532700 0.045509700 0.048854300 0.048369400 0.047352100 0.047984200 
[3] 0.045811500 0.045526500 0.045460800 0.045261800 0.045660300 0.045775900 0.045512000 0.045730400 0.045754500 0.045575000 
[4] 0.045619600 0.045544500 0.045675200 0.045614300 0.045661700 0.048934600 0.046604700 0.045759300 0.045658700 0.045771400 
[5] 0.045435200 0.046161400 0.045759800 0.045538900 0.045655100 0.045325600 0.045553300 0.045655800 0.045707900 0.045566900 
[6] 0.045612400 0.045643600 0.045302500 0.045559600 0.049361500 0.053004900 0.049832700 0.050181500 0.046025800 0.047814500 
[7] 0.048203000 0.046605500 0.047814000 0.045669300 0.045177700 0.050428200 0.049969400 0.051780300 0.050844500 0.050094400 
[8] 0.048865100 0.049140400 0.048051900 0.047472900 0.047563000 0.046075800 0.047943400 0.051920900 0.049825400 0.047077100 
[9] 0.048511400 0.045670700 0.046697700 0.045879200 0.047467300 0.047773700 0.046173700 0.046800800 0.048916800 0.050840800 
[AVERAGE] 0.046877490 s
[STANDARD DEVIATION] 0.001793751 s

FEN: rnbqk2r/ppp2ppp/4pn2/3p4/1bPP4/2N2P2/PP2P1PP/R1BQKBNR w KQkq - 0 5
        [0]         [1]         [2]         [3]         [4]         [5]         [6]         [7]         [8]         [9]
[0] 0.077194100 0.070635200 0.076055900 0.074894700 0.070757100 0.069815500 0.069642100 0.069948400 0.070015700 0.070300400 
[1] 0.069928600 0.070290400 0.070150600 0.070887300 0.069329500 0.070049100 0.073566700 0.070643900 0.069583300 0.072314000 
[2] 0.071958900 0.071656000 0.076713100 0.076006900 0.072992200 0.071790300 0.072486500 0.072001800 0.071352900 0.076224600 
[3] 0.076206100 0.076126800 0.074088400 0.073985700 0.075241400 0.075574600 0.078956300 0.078213500 0.079107100 0.077790400 
[4] 0.076898100 0.074906900 0.069905900 0.069948700 0.069214400 0.069509300 0.069725100 0.069435600 0.070506400 0.069612500 
[5] 0.069671100 0.069450800 0.069645100 0.069542700 0.069946600 0.069599500 0.069800500 0.069640500 0.069555900 0.069863700 
[6] 0.070450800 0.069926000 0.069417000 0.069863200 0.070006000 0.069936500 0.070087000 0.070272600 0.069457700 0.070980600 
[7] 0.069837000 0.069794900 0.069523800 0.069527500 0.069623000 0.073950900 0.070329700 0.069937400 0.069992300 0.069575200 
[8] 0.069489600 0.069776100 0.070332500 0.070166400 0.069603900 0.069695200 0.069579500 0.069969900 0.069521000 0.069555300 
[9] 0.069612000 0.069460400 0.069953700 0.069510400 0.069781300 0.069613600 0.070257800 0.070312600 0.069923400 0.069856300 
[AVERAGE] 0.071293153 s
[STANDARD DEVIATION] 0.002590451 s

FEN: rnbqr1k1/pp1p1ppp/2p2n2/4p3/2P1P3/2P2PP1/P2P1K1P/R1BQ1BNR w - - 0 8
        [0]         [1]         [2]         [3]         [4]         [5]         [6]         [7]         [8]         [9]
[0] 0.028800800 0.028658700 0.028372100 0.028376700 0.027978800 0.028265100 0.028187700 0.028289400 0.028278400 0.027932600 
[1] 0.028352600 0.028164600 0.028434900 0.028814100 0.027974500 0.028509300 0.027988800 0.028702100 0.028852700 0.028482900 
[2] 0.028075100 0.028316100 0.028520400 0.028317500 0.028242800 0.027960000 0.029945500 0.033083700 0.032008400 0.033246500 
[3] 0.030297200 0.032249900 0.030351700 0.028878700 0.030218600 0.031290000 0.030183800 0.032565000 0.032457200 0.031941300 
[4] 0.029356300 0.028313600 0.028335400 0.028252300 0.031022900 0.029030300 0.030792500 0.029890300 0.029771400 0.029902000 
[5] 0.030368500 0.029906400 0.030026400 0.029906800 0.030093200 0.029810800 0.030280800 0.029837100 0.029677300 0.029761800 
[6] 0.029937200 0.029834600 0.029886200 0.030278700 0.029878300 0.030222600 0.029867000 0.030450500 0.028391300 0.028548300 
[7] 0.028383200 0.028280000 0.028364000 0.027940900 0.028377900 0.028253500 0.028269200 0.028344000 0.027963600 0.032745500 
[8] 0.028567800 0.028412600 0.028519000 0.028913600 0.028130800 0.028066700 0.028353200 0.028330200 0.028213900 0.028041600 
[9] 0.027928600 0.029636900 0.028404200 0.028368600 0.028510700 0.028353900 0.027969000 0.028340100 0.028361000 0.028278400 
[AVERAGE] 0.029218196 s
[STANDARD DEVIATION] 0.001299370 s

FEN: r1bq1rk1/1p2bppp/p1n1pn2/8/P1BP4/2N1BN2/1P3PPP/R2Q1RK1 w - - 3 11
        [0]         [1]         [2]         [3]         [4]         [5]         [6]         [7]         [8]         [9]
[0] 0.150072100 0.150525000 0.151157300 0.150572100 0.157914400 0.150522600 0.157713200 0.160049900 0.159657300 0.158812000 
[1] 0.159347400 0.158871400 0.150562900 0.150646800 0.152501300 0.150493300 0.150241300 0.150503500 0.150058100 0.152193400 
[2] 0.150703400 0.150181000 0.155169200 0.150921600 0.152149200 0.152509700 0.150948300 0.150323200 0.150148900 0.150243300 
[3] 0.150187400 0.150199300 0.151737600 0.150381500 0.150209100 0.151040400 0.150779800 0.151436000 0.150238800 0.151741100 
[4] 0.150487700 0.150395400 0.150146200 0.153124700 0.156228100 0.162241800 0.155871900 0.158494900 0.160983900 0.159805900 
[5] 0.153787000 0.152553500 0.150133400 0.150765700 0.150267200 0.149900600 0.150349900 0.150957800 0.150324600 0.150409400 
[6] 0.150165800 0.172088800 0.150308500 0.150660800 0.153308600 0.150429100 0.150527500 0.150011500 0.150504000 0.155455300 
[7] 0.159682200 0.153377400 0.151835400 0.152967900 0.158504400 0.164515700 0.154198900 0.158372300 0.161989100 0.162650400 
[8] 0.161674300 0.159951900 0.152076600 0.149879000 0.151218800 0.150085200 0.150101200 0.150323100 0.150138800 0.150297200 
[9] 0.151215300 0.150788400 0.151584700 0.150253400 0.149868500 0.150551500 0.151086900 0.151210600 0.151183300 0.150284700 
[AVERAGE] 0.153062207 s
[STANDARD DEVIATION] 0.004248060 s

FEN: rn1q1rk1/pbpp1ppp/8/3nP3/2BP4/5PP1/P6P/R1BQK1NR w KQ - 1 11
        [0]         [1]         [2]         [3]         [4]         [5]         [6]         [7]         [8]         [9]
[0] 0.057632500 0.060822100 0.059287300 0.058287600 0.057770500 0.058084800 0.057723000 0.057838600 0.057383600 0.057778000 
[1] 0.057966000 0.057720900 0.058022600 0.057951200 0.057489900 0.057761600 0.058876100 0.059555000 0.058310700 0.057866200 
[2] 0.057668500 0.057737300 0.057844200 0.060758000 0.057999700 0.057760700 0.057870400 0.057933500 0.057636500 0.060629900 
[3] 0.059432500 0.060603400 0.063355700 0.060237600 0.057923300 0.057543700 0.057877600 0.058933000 0.061786000 0.066429100 
[4] 0.062918800 0.066237800 0.066534900 0.066906700 0.071023200 0.066522900 0.066257300 0.063102200 0.058294600 0.057894200 
[5] 0.060370600 0.065026900 0.066600500 0.064859700 0.066058500 0.065805000 0.064432400 0.058909900 0.057802900 0.057780600 
[6] 0.057818200 0.057981700 0.057678400 0.057640500 0.057889300 0.057558700 0.057845100 0.057961200 0.061999700 0.058692600 
[7] 0.057672500 0.057931900 0.057683500 0.057478300 0.057849800 0.057915600 0.057463600 0.057801600 0.058018300 0.057853900 
[8] 0.057535700 0.057828200 0.058060600 0.057492400 0.058015100 0.057726200 0.057529800 0.057900400 0.057804000 0.058288500 
[9] 0.057595400 0.058171800 0.057815300 0.057646800 0.058483700 0.058038000 0.057874500 0.057568900 0.057647500 0.057917700 
[AVERAGE] 0.059431033 s
[STANDARD DEVIATION] 0.002996554 s

FEN: r2qk2r/1p1n1ppp/p1pbbn2/3p2B1/3P4/2NBPN1P/PP3PP1/R2QK2R w KQkq - 0 10
        [0]         [1]         [2]         [3]         [4]         [5]         [6]         [7]         [8]         [9]
[0] 0.249128500 0.247976500 0.248749300 0.248670400 0.249047400 0.247905400 0.249401700 0.247915500 0.259788500 0.247733300 
[1] 0.249639100 0.248022800 0.248296100 0.256805200 0.248982800 0.249695900 0.248293500 0.248532100 0.248396700 0.247972300 
[2] 0.248046200 0.248424700 0.250471800 0.248421700 0.262257300 0.248731400 0.248670100 0.249181300 0.247699700 0.247927600 
[3] 0.248155300 0.248434500 0.247966300 0.247996400 0.251195100 0.249032000 0.248142500 0.249355500 0.248530900 0.249690300 
[4] 0.255555400 0.248564400 0.248504500 0.248776100 0.248950900 0.248219600 0.249716600 0.248215600 0.247769300 0.249352400 
[5] 0.248135700 0.248277600 0.248216300 0.248265900 0.252787300 0.248073700 0.253029100 0.249295500 0.248165500 0.249057000 
[6] 0.248095200 0.248186000 0.250886500 0.252793500 0.260626200 0.248086100 0.248960300 0.248270100 0.248523000 0.248567700 
[7] 0.249949700 0.248230900 0.253363100 0.250608600 0.250188700 0.249157500 0.248130300 0.248635300 0.249086700 0.248322100 
[8] 0.249191300 0.248061100 0.250263000 0.249590100 0.249095600 0.248478500 0.249046100 0.248247400 0.257879500 0.249380000 
[9] 0.248609700 0.248959200 0.249115000 0.249465300 0.248867200 0.248110700 0.249757600 0.248899600 0.248892200 0.250106200 
[AVERAGE] 0.249548948 s
[STANDARD DEVIATION] 0.002643041 s

FEN: r1bq1rk1/pp2bppp/2n1pn2/2pp4/P3PB2/3P1NP1/1PP2PBP/RN1Q1RK1 b - - 2 8
        [0]         [1]         [2]         [3]         [4]         [5]         [6]         [7]         [8]         [9]
[0] 0.093282900 0.093639100 0.093437400 0.093334000 0.093404400 0.093307600 0.093969900 0.093724800 0.093211400 0.093610600 
[1] 0.093162600 0.093502800 0.093360900 0.097824200 0.093222400 0.093557400 0.093580600 0.093381100 0.093920700 0.094316100 
[2] 0.093895500 0.093725100 0.093463400 0.093479100 0.094869400 0.093514100 0.093313100 0.093349600 0.093343600 0.094151700 
[3] 0.093545800 0.093261200 0.093486000 0.093071600 0.109502700 0.114120500 0.114185500 0.106102600 0.110333000 0.108551100 
[4] 0.100160700 0.099880900 0.099224400 0.105214300 0.112195800 0.109220800 0.107800900 0.104967300 0.100118200 0.101268100 
[5] 0.103355900 0.096860500 0.104526200 0.106535100 0.097348800 0.099602600 0.097305900 0.109417600 0.117691000 0.106011000 
[6] 0.098839200 0.099383400 0.102375400 0.099067600 0.100233000 0.105797700 0.112293700 0.116072600 0.114924700 0.113889900 
[7] 0.114620100 0.110416400 0.094431700 0.093230300 0.093606100 0.093286700 0.093533600 0.098344000 0.101933400 0.109893500 
[8] 0.115599800 0.117521000 0.111566600 0.100456000 0.093776100 0.093999200 0.094480200 0.094473800 0.103522300 0.107634300 
[9] 0.113453500 0.117108400 0.113820800 0.107571100 0.103536000 0.105838700 0.102310900 0.096620300 0.096248200 0.100860900 
[AVERAGE] 0.100832926 s
[STANDARD DEVIATION] 0.007805104 s

FEN: r1bqr1k1/ppp2ppp/2n5/2bnp3/8/2NP1NP1/PP2PPBP/R1BQ1RK1 w - - 1 9
        [0]         [1]         [2]         [3]         [4]         [5]         [6]         [7]         [8]         [9]
[0] 0.164848700 0.176597400 0.163412100 0.163709100 0.163461500 0.170236800 0.171247000 0.193531200 0.169057300 0.177751200 
[1] 0.191924600 0.202081500 0.192458200 0.169760200 0.165775300 0.163514500 0.166038500 0.163313000 0.169084800 0.166380700 
[2] 0.164672100 0.163998400 0.164341400 0.165098600 0.167455500 0.173679700 0.167485600 0.167949600 0.167356700 0.172724100 
[3] 0.167670600 0.170041200 0.166164100 0.163536300 0.166395800 0.169635400 0.166198400 0.163638300 0.168092100 0.163329200 
[4] 0.173821300 0.168487200 0.169916100 0.170512100 0.166253600 0.169566100 0.171166300 0.163193400 0.163465000 0.166636900 
[5] 0.163951800 0.166826300 0.166948800 0.169676400 0.164042700 0.167569000 0.168559700 0.165683000 0.163793000 0.164147800 
[6] 0.183465400 0.168655300 0.172520800 0.168984300 0.166784300 0.163475700 0.169792300 0.166248300 0.163866800 0.167492900 
[7] 0.164072300 0.163456000 0.165157100 0.163497300 0.164735700 0.166752000 0.163566900 0.164245800 0.164704400 0.168278400 
[8] 0.166327400 0.170372900 0.167811600 0.167388400 0.166913900 0.173419300 0.168217600 0.164452500 0.168335100 0.165961600 
[9] 0.172119600 0.167160800 0.163558400 0.165000700 0.182557500 0.204821100 0.196130500 0.184356900 0.164685500 0.163994500 
[AVERAGE] 0.169312010 s
[STANDARD DEVIATION] 0.008168085 s

FEN: rnbqk2r/ppp2pp1/5n1p/3p4/1b1P3B/2N2N2/PP2PPPP/R2QKB1R b KQkq - 1 7
        [0]         [1]         [2]         [3]         [4]         [5]         [6]         [7]         [8]         [9]
[0] 0.089381900 0.088088300 0.087007900 0.086279800 0.089128200 0.085711500 0.089330500 0.086339500 0.088638700 0.088710600 
[1] 0.087384100 0.086969600 0.091790700 0.090201800 0.089066900 0.087084400 0.085954900 0.086135100 0.086404100 0.094782900 
[2] 0.099543200 0.099395200 0.094211400 0.091527400 0.085896500 0.092609700 0.097428200 0.089804000 0.087290900 0.085979400 
[3] 0.096584700 0.099644800 0.098523400 0.098228200 0.100558900 0.101861000 0.099952800 0.099193700 0.098848900 0.090897300 
[4] 0.098695400 0.104431900 0.100530400 0.099835200 0.101381400 0.089802400 0.099522900 0.106509600 0.104496500 0.105964400 
[5] 0.102539000 0.102003300 0.098540300 0.098923000 0.097984700 0.094824700 0.089461000 0.098587500 0.103310400 0.102710300 
[6] 0.103445200 0.101057100 0.094643300 0.091670000 0.102050000 0.113065800 0.109263300 0.101187800 0.097284900 0.086293900 
[7] 0.088911200 0.087196100 0.089379700 0.092971400 0.099831700 0.095598200 0.091684200 0.090153500 0.094246400 0.104984000 
[8] 0.106113200 0.090387500 0.085975600 0.086107700 0.085993700 0.086196400 0.085733800 0.086530000 0.086013100 0.086190000 
[9] 0.086177500 0.085867100 0.086148900 0.086147000 0.086874600 0.086018300 0.086233200 0.086293000 0.086759400 0.086623800 
[AVERAGE] 0.093557268 s
[STANDARD DEVIATION] 0.006977476 s

FEN: 2r5/1p2kp2/p3pn1P/6R1/6p1/2P3P1/2PR4/6K1 b - - 4 31
        [0]         [1]         [2]         [3]         [4]         [5]         [6]         [7]         [8]         [9]
[0] 0.017249500 0.017525300 0.017202200 0.017075600 0.017024400 0.017119000 0.017087400 0.016958800 0.017222600 0.017103700 
[1] 0.017076300 0.017296600 0.017625800 0.017189700 0.017038400 0.017045600 0.017436200 0.016969900 0.017012900 0.017208900 
[2] 0.017035500 0.017052400 0.017370700 0.017046500 0.017166900 0.017036600 0.016977000 0.017214900 0.017021000 0.017021800 
[3] 0.017069100 0.017053300 0.017328300 0.017068500 0.017057100 0.017121200 0.017029400 0.017069700 0.017147000 0.017073000 
[4] 0.017131200 0.017051600 0.017064700 0.017360900 0.017043100 0.017049800 0.017118600 0.017342400 0.016950900 0.017187500 
[5] 0.016988800 0.017025700 0.023089700 0.025967200 0.017562800 0.017222400 0.017278900 0.017321900 0.017041100 0.017276200 
[6] 0.017444400 0.017488800 0.017444300 0.017317600 0.017102600 0.017120300 0.017067300 0.017052900 0.017076800 0.017058600 
[7] 0.017185000 0.016954500 0.017065100 0.017507400 0.017167600 0.017112800 0.017066400 0.017862000 0.016990300 0.017045800 
[8] 0.017067600 0.017105900 0.017114100 0.020629700 0.017159400 0.017418900 0.017694100 0.017063300 0.017046800 0.017284100 
[9] 0.017065200 0.017467200 0.017063900 0.017016100 0.017130300 0.017493300 0.017647000 0.017162200 0.017029300 0.017046400 
[AVERAGE] 0.017353394 s
[STANDARD DEVIATION] 0.001115139 s

FEN: 1r4k1/p5p1/5p1p/q2p4/2rPn3/b1PQRN1P/P1RB1PP1/6K1 w - - 1 2
        [0]         [1]         [2]         [3]         [4]         [5]         [6]         [7]         [8]         [9]
[0] 0.062386400 0.062364400 0.068372900 0.062210500 0.062175300 0.062396900 0.062279200 0.062373800 0.062287500 0.062368700 
[1] 0.062306100 0.066477000 0.063218100 0.063305600 0.062406300 0.062365400 0.062332300 0.062317600 0.062328600 0.062266700 
[2] 0.062522200 0.065172900 0.062363600 0.062850600 0.062440500 0.063294800 0.062315900 0.062243900 0.062611000 0.062398600 
[3] 0.062704600 0.063213300 0.062423800 0.062352300 0.062220700 0.062885200 0.062390800 0.062189000 0.062405100 0.062283200 
[4] 0.062853000 0.062946100 0.062223900 0.062418000 0.062356500 0.063932400 0.062347700 0.062478300 0.062317600 0.062253800 
[5] 0.066729400 0.063058300 0.062882800 0.062138800 0.062334700 0.062639700 0.062212300 0.062473400 0.062434000 0.062171400 
[6] 0.062325400 0.062445900 0.062335300 0.062367800 0.062461800 0.062387500 0.062188700 0.062032800 0.062654200 0.062153400 
[7] 0.062300800 0.062324900 0.062201900 0.062946500 0.062324600 0.062732700 0.063383500 0.062756800 0.063360400 0.062388800 
[8] 0.062435100 0.062143600 0.062760700 0.063258200 0.062316600 0.062359900 0.062301700 0.063069500 0.062515200 0.062433800 
[9] 0.062387000 0.063004400 0.062898300 0.063822700 0.065912300 0.062310700 0.062850800 0.062499500 0.062455900 0.062503500 
[AVERAGE] 0.062733365 s
[STANDARD DEVIATION] 0.000973100 s

FEN: 5rk1/rNR2ppp/P3p3/3p4/2p5/2n1P3/R4PPP/6K1 w - - 0 1
        [0]         [1]         [2]         [3]         [4]         [5]         [6]         [7]         [8]         [9]
[0] 0.020209700 0.020503000 0.020234800 0.020116100 0.020358400 0.020279000 0.020169100 0.020228500 0.020369100 0.020152500 
[1] 0.020471200 0.020538900 0.020182200 0.020195100 0.020625200 0.020230300 0.020500600 0.020133700 0.020543100 0.020170900 
[2] 0.020112400 0.020472100 0.020215600 0.020793100 0.021095500 0.020674800 0.020113700 0.020384000 0.021635100 0.020401700 
[3] 0.022910100 0.020174700 0.020235300 0.020438600 0.020332500 0.022238400 0.020497200 0.020162200 0.020177900 0.020751100 
[4] 0.020170700 0.020212500 0.020152700 0.023719700 0.020823000 0.020513200 0.020286400 0.020328200 0.020193800 0.020421800 
[5] 0.020258300 0.020134200 0.020496900 0.020183900 0.020148700 0.020385200 0.020171700 0.020195000 0.020145300 0.020666700 
[6] 0.020104600 0.020159300 0.020491100 0.020077600 0.020266000 0.020575000 0.020230700 0.020111800 0.020178300 0.020687600 
[7] 0.020310700 0.020443700 0.020370700 0.020221600 0.020059500 0.020419700 0.020146300 0.020301500 0.020259100 0.020420900 
[8] 0.020259300 0.020122900 0.020498100 0.020116800 0.020162400 0.020441200 0.020188100 0.020175600 0.020178100 0.020470100 
[9] 0.020120000 0.023674400 0.025323900 0.023580800 0.024107300 0.026443300 0.024510000 0.024237300 0.023393100 0.022569700 
[AVERAGE] 0.020760434 s
[STANDARD DEVIATION] 0.001240519 s

FEN: r1bk2r1/ppp1n2p/3q3Q/1B2Np2/4n3/2P5/PP3PPP/RN3RK1 b - - 2 16
        [0]         [1]         [2]         [3]         [4]         [5]         [6]         [7]         [8]         [9]
[0] 0.194155800 0.198029300 0.216665800 0.216247800 0.195681100 0.192577500 0.192835800 0.193262900 0.195522900 0.198604200 
[1] 0.209329800 0.212476900 0.199622700 0.194908300 0.197051400 0.195118400 0.203945000 0.209443400 0.197057700 0.197473100 
[2] 0.194360900 0.193014000 0.195052300 0.195074100 0.204728400 0.210769000 0.193754800 0.194156900 0.193158200 0.193883100 
[3] 0.194736200 0.192537100 0.192902500 0.194933800 0.197318400 0.219757600 0.213195200 0.193337500 0.210654000 0.216045800 
[4] 0.217954700 0.217905700 0.214930700 0.218921000 0.240411600 0.199860000 0.196526700 0.194933600 0.193192300 0.199995300 
[5] 0.208118200 0.227876000 0.225283400 0.209363100 0.194032800 0.193791600 0.193293700 0.202618400 0.196676700 0.192474900 
[6] 0.195421600 0.193096400 0.193031600 0.195703100 0.195487700 0.198972400 0.195263400 0.197677800 0.247047800 0.193778600 
[7] 0.304794700 0.274618600 0.275642800 0.236618000 0.349898000 0.329482600 0.260857400 0.251502900 0.237821200 0.226921100 
[8] 0.230441000 0.214787600 0.221162400 0.260096800 0.261071200 0.349219100 0.463904900 0.274243600 0.335598000 0.271174600 
[9] 0.341392100 0.412765700 0.438132800 0.373695800 0.280949300 0.293151900 0.293469200 0.286586100 0.305600200 0.300366300 
[AVERAGE] 0.231029863 s
[STANDARD DEVIATION] 0.056534836 s

FEN: r2qkb1r/pp2nppp/3p4/2pNN1B1/2BnP3/3P4/PPP2PPP/R2bK2R w KQkq - 1 0
        [0]         [1]         [2]         [3]         [4]         [5]         [6]         [7]         [8]         [9]
[0] 0.197562400 0.184920800 0.210214700 0.243143100 0.244276900 0.233439800 0.247458800 0.185506600 0.167701200 0.198963900 
[1] 0.188532200 0.216935400 0.213356700 0.197849400 0.200320700 0.272301900 0.220479600 0.209496000 0.192576700 0.182865900 
[2] 0.186184400 0.179003400 0.169255200 0.174230300 0.177368800 0.187477800 0.172761900 0.167468200 0.164141800 0.168906500 
[3] 0.163716200 0.161987200 0.167915900 0.167452700 0.159770600 0.164255900 0.162389900 0.161075600 0.167638100 0.186012600 
[4] 0.184405900 0.181805800 0.168642900 0.162381300 0.161080900 0.160477200 0.160990200 0.161785800 0.160664000 0.161415000 
[5] 0.161879500 0.176642200 0.163143200 0.164634500 0.168979800 0.187675400 0.187800600 0.177260600 0.180308800 0.162685000 
[6] 0.162224400 0.185738800 0.176026100 0.159651900 0.166062400 0.164385700 0.163063500 0.178103600 0.177205500 0.173997500 
[7] 0.171293000 0.177008800 0.179429100 0.161483000 0.165494100 0.169476100 0.167311800 0.169449400 0.167890400 0.218796900 
[8] 0.168117300 0.168394400 0.180118100 0.173512600 0.166188200 0.169149200 0.167072200 0.173363900 0.171002000 0.166498100 
[9] 0.187243300 0.192214700 0.194517100 0.180495500 0.168872300 0.167284200 0.169265100 0.212041300 0.169228800 0.158904100 
[AVERAGE] 0.179691487 s
[STANDARD DEVIATION] 0.021626115 s

FEN: 1rb4r/pkPp3p/1b1P3n/1Q6/N3Pp2/8/P1P3PP/7K w - - 1 0
        [0]         [1]         [2]         [3]         [4]         [5]         [6]         [7]         [8]         [9]
[0] 0.023015100 0.022660800 0.022892200 0.027475300 0.028355200 0.024584900 0.023256300 0.023211500 0.023800600 0.025023700 
[1] 0.023173500 0.022882100 0.022579000 0.023221400 0.022687200 0.022750100 0.022976400 0.022707800 0.022979200 0.022766100 
[2] 0.023757500 0.022561300 0.022905700 0.022764500 0.022876100 0.022754300 0.022789600 0.023036600 0.023386200 0.023739500 
[3] 0.023040000 0.022983500 0.022580900 0.023002700 0.022723900 0.023132300 0.022658300 0.022967200 0.022780900 0.022945300 
[4] 0.023384500 0.023898700 0.023291700 0.023209600 0.022665800 0.023022700 0.022652300 0.026653700 0.023892200 0.023216800 
[5] 0.022941600 0.024421000 0.023093600 0.023379100 0.022849300 0.022974400 0.022753200 0.022939100 0.022697700 0.025867100 
[6] 0.034056100 0.024456600 0.023779200 0.022649800 0.023229500 0.023671600 0.023184200 0.022866900 0.022793900 0.022857200 
[7] 0.022937100 0.023207600 0.022854500 0.022983800 0.026422800 0.029626300 0.028965300 0.027637300 0.027266800 0.028638600 
[8] 0.025790000 0.026948100 0.025658000 0.024996800 0.024801500 0.022868600 0.023345300 0.025136300 0.025070100 0.026645900 
[9] 0.029296800 0.025173400 0.026300100 0.025081000 0.023246900 0.023234700 0.023825100 0.038266900 0.030561300 0.022821100 
[AVERAGE] 0.024253418 s
[STANDARD DEVIATION] 0.002503879 s

FEN: 4kb1r/p2n1ppp/4q3/4p1B1/4P3/1Q6/PPP2PPP/2KR4 w k - 1 0
        [0]         [1]         [2]         [3]         [4]         [5]         [6]         [7]         [8]         [9]
[0] 0.089730400 0.088602200 0.088238900 0.132874100 0.091673100 0.088757100 0.089563800 0.130014100 0.102695900 0.104547400 
[1] 0.107918100 0.105042300 0.110332800 0.107002000 0.104157600 0.093780500 0.093354200 0.091557400 0.091009000 0.089088400 
[2] 0.092350900 0.105066500 0.092810200 0.094177700 0.097304800 0.092839700 0.091122200 0.089922300 0.088830000 0.091006200 
[3] 0.087735400 0.088883700 0.088277700 0.088637600 0.106725500 0.106839300 0.109203500 0.109041700 0.106801700 0.099461900 
[4] 0.104884700 0.126080500 0.111517900 0.108331700 0.097243000 0.100626500 0.098743400 0.094632900 0.090127900 0.099794100 
[5] 0.090205800 0.089775600 0.088899000 0.088152600 0.098012000 0.090141900 0.102001300 0.103336500 0.098958700 0.103455400 
[6] 0.090343900 0.089219600 0.107312300 0.108420300 0.102763500 0.100601400 0.096575000 0.089050500 0.093187900 0.094437400 
[7] 0.095247400 0.104388900 0.107874900 0.101426900 0.103381500 0.095955100 0.087736400 0.099253600 0.090444200 0.097624100 
[8] 0.105389300 0.107821900 0.108896300 0.104911300 0.099024900 0.101102900 0.101265300 0.100359800 0.094722200 0.093710000 
[9] 0.092168700 0.103991400 0.104594900 0.105702800 0.105139700 0.100075700 0.099082100 0.096547700 0.090455500 0.099408000 
[AVERAGE] 0.098815144 s
[STANDARD DEVIATION] 0.008784452 s

FEN: r1b2k1r/ppp1bppp/8/1B1Q4/5q2/2P5/PPP2PPP/R3R1K1 w - - 1 0
        [0]         [1]         [2]         [3]         [4]         [5]         [6]         [7]         [8]         [9]
[0] 0.286032900 0.301625900 0.288452500 0.287890300 0.281623900 0.297943200 0.314577200 0.276669800 0.262977100 0.257366600 
[1] 0.260115000 0.257585300 0.259629700 0.259396000 0.258415400 0.265058200 0.285499800 0.307150200 0.308710500 0.271348700 
[2] 0.271045600 0.306219700 0.285590500 0.273764300 0.269031700 0.271546400 0.268437700 0.259228700 0.258586900 0.260111400 
[3] 0.257921500 0.260340600 0.260684200 0.270009500 0.263170100 0.259815800 0.258517600 0.262451300 0.258091500 0.260491300 
[4] 0.257473400 0.259368300 0.263077600 0.281935800 0.268731000 0.261500300 0.259204300 0.262436600 0.261594800 0.265239100 
[5] 0.261239400 0.257801300 0.258984500 0.283602700 0.293514000 0.264333200 0.257597100 0.260212300 0.257805800 0.258502100 
[6] 0.257703000 0.276478000 0.285369200 0.271099800 0.270096300 0.263742100 0.261737400 0.259403400 0.262733600 0.261550400 
[7] 0.261901800 0.257164300 0.258990800 0.257772500 0.269816000 0.293265300 0.273969400 0.260931400 0.260616100 0.269663000 
[8] 0.259730400 0.259432700 0.264690900 0.259357900 0.259214900 0.261486700 0.259008200 0.263005100 0.261483500 0.263761900 
[9] 0.258213800 0.260303800 0.262959700 0.260870900 0.263196600 0.266164100 0.261842500 0.262871300 0.284654700 0.292902100 
[AVERAGE] 0.268364336 s
[STANDARD DEVIATION] 0.013393708 s

FEN: 5rkr/pp2Rp2/1b1p1Pb1/3P2Q1/2n3P1/2p5/P4P2/4R1K1 w - - 1 0
        [0]         [1]         [2]         [3]         [4]         [5]         [6]         [7]         [8]         [9]
[0] 0.066311000 0.069583500 0.064209000 0.067108800 0.068241600 0.066044000 0.067538700 0.064051200 0.064038100 0.063926100 
[1] 0.063716400 0.064348600 0.065482400 0.064278600 0.063864300 0.064705600 0.063827200 0.067295000 0.065268100 0.070424400 
[2] 0.063968500 0.065112900 0.064031100 0.066421600 0.063897100 0.063786400 0.063911400 0.064973000 0.063902500 0.063905200 
[3] 0.063725300 0.065208300 0.063760600 0.063894100 0.064592700 0.065315000 0.063997800 0.063881300 0.065285900 0.063937100 
[4] 0.068387200 0.072017200 0.076161600 0.078737400 0.082007700 0.072857200 0.068268000 0.065657200 0.078739600 0.077851000 
[5] 0.079246900 0.075896900 0.072193400 0.067801400 0.064069300 0.064113400 0.069041600 0.072156800 0.068573600 0.064501100 
[6] 0.069431500 0.073072800 0.072583300 0.073794800 0.072579500 0.069825900 0.064236700 0.071175800 0.081383300 0.072965900 
[7] 0.073101900 0.070165500 0.066212100 0.064910600 0.063913000 0.063768500 0.063919600 0.063981700 0.064119000 0.063808500 
[8] 0.063856500 0.063718800 0.072278200 0.065294800 0.063732500 0.063841100 0.063715300 0.064778500 0.064015800 0.063886700 
[9] 0.081392200 0.076169500 0.082717400 0.075431600 0.077596900 0.070864300 0.072197500 0.067275600 0.068204000 0.072446700 
[AVERAGE] 0.068124127 s
[STANDARD DEVIATION] 0.005149676 s

FEN: rnbqk2r/p4p2/2pbpn1p/1p4p1/2pPP3/2N2NB1/PP2BPPP/R2QK2R w KQkq - 2 10
        [0]         [1]         [2]         [3]         [4]         [5]         [6]         [7]         [8]         [9]
[0] 0.156865200 0.169832100 0.207816400 0.183010200 0.145099200 0.137111500 0.146241800 0.135598500 0.141234200 0.138729800 
[1] 0.135952400 0.134596300 0.133669600 0.138284600 0.149069000 0.134074200 0.134123300 0.138532700 0.142964200 0.139649400 
[2] 0.147183000 0.137671600 0.135111200 0.136171400 0.137324600 0.135677900 0.140840800 0.142002600 0.137361000 0.139312600 
[3] 0.141810900 0.141852600 0.142539300 0.158508000 0.137827800 0.133684300 0.136269600 0.145699300 0.159934600 0.153944500 
[4] 0.144849300 0.141399700 0.133460000 0.138811400 0.133744700 0.161470600 0.160788700 0.153481700 0.138579700 0.142150100 
[5] 0.166596000 0.161667400 0.152666300 0.148488400 0.156318700 0.155990400 0.156633500 0.148732900 0.141352800 0.135907000 
[6] 0.134983400 0.135956100 0.132986700 0.133824800 0.134224800 0.134233700 0.139186400 0.134639000 0.133465000 0.138725400 
[7] 0.136523600 0.138341100 0.152943100 0.156365700 0.154197400 0.150762300 0.137246700 0.136560900 0.143519000 0.161742400 
[8] 0.135807400 0.148562600 0.172602400 0.161502300 0.145406900 0.141397400 0.136023200 0.138687400 0.135052000 0.141380200 
[9] 0.157200900 0.153655600 0.158166600 0.145909300 0.134885000 0.134811700 0.133830400 0.133487100 0.137718900 0.150879900 
[AVERAGE] 0.144736662 s
[STANDARD DEVIATION] 0.012136467 s

FEN: r1bqk2r/ppp1nppp/2np4/2b1p1N1/2B1P3/3P4/PPP2PPP/RNBQK2R w KQkq - 2 6
        [0]         [1]         [2]         [3]         [4]         [5]         [6]         [7]         [8]         [9]
[0] 0.136668000 0.142692900 0.146582800 0.126068800 0.124945300 0.120947100 0.122085000 0.120758200 0.120481400 0.120520300 
[1] 0.120897100 0.132558300 0.123520800 0.123546900 0.121388100 0.120854400 0.120643000 0.120687300 0.127295800 0.120573900 
[2] 0.120658300 0.141402600 0.146898800 0.149466500 0.136604200 0.127901500 0.125682700 0.140482000 0.148669800 0.140805000 
[3] 0.142734300 0.137969900 0.129749000 0.142266700 0.148938200 0.136101200 0.133551600 0.150596100 0.157732000 0.137979300 
[4] 0.137414200 0.126693700 0.146820900 0.145982500 0.139559800 0.139705000 0.137238900 0.141061100 0.148386100 0.146902800 
[5] 0.144870500 0.133921400 0.123945300 0.124362700 0.144413900 0.129803000 0.122448700 0.120966500 0.121293100 0.121039000 
[6] 0.120747000 0.121743500 0.121956400 0.122414000 0.120927900 0.121847900 0.126215400 0.121122300 0.130894100 0.132819000 
[7] 0.120638000 0.132770700 0.144450200 0.148861900 0.148390500 0.149273400 0.129915200 0.126280000 0.144704200 0.149965300 
[8] 0.144207300 0.121018600 0.140224500 0.148794800 0.149466200 0.143720300 0.124289700 0.125343700 0.133651100 0.151946900 
[9] 0.149447900 0.137520600 0.130979100 0.128875700 0.128026400 0.125823800 0.129351400 0.120542200 0.143954300 0.135917200 
[AVERAGE] 0.133557728 s
[STANDARD DEVIATION] 0.010671622 s

FEN: 8/pK1p3p/7p/1P4N1/8/6k1/5r2/8 w - - 0 2
        [0]         [1]         [2]         [3]         [4]         [5]         [6]         [7]         [8]         [9]
[0] 0.002697200 0.002961100 0.003177800 0.002890800 0.002921200 0.002651200 0.002909900 0.002645700 0.002692900 0.002600200 
[1] 0.002617300 0.002580300 0.002867600 0.002577500 0.003146600 0.003019800 0.002776900 0.002702300 0.002660800 0.002870800 
[2] 0.002582400 0.002647000 0.002574900 0.002620500 0.002576400 0.002964300 0.002580000 0.002632200 0.002577700 0.002580200 
[3] 0.002841400 0.005654000 0.003124300 0.002943300 0.002737100 0.002773500 0.002641600 0.002715000 0.002639500 0.002680700 
[4] 0.002638800 0.003252500 0.002578600 0.002702300 0.002609500 0.002574300 0.002936800 0.002608300 0.002616700 0.002572200 
[5] 0.002614300 0.002580000 0.002859200 0.002597200 0.002592400 0.002573600 0.002573000 0.002586700 0.002982000 0.002625300 
[6] 0.002578000 0.002614800 0.002573500 0.002614900 0.002721700 0.002577000 0.002693500 0.002575000 0.002610300 0.002574500 
[7] 0.002853900 0.002574400 0.002573300 0.002608400 0.002572900 0.002573200 0.002962300 0.002608100 0.002574200 0.002608700 
[8] 0.002574300 0.002572900 0.002872100 0.002572300 0.002573500 0.002579000 0.002579300 0.002573000 0.002947800 0.002575200 
[9] 0.002572500 0.002572600 0.002604900 0.002572800 0.002970300 0.002573600 0.002574900 0.002577800 0.002581200 0.002581300 
[AVERAGE] 0.002719715 s
[STANDARD DEVIATION] 0.000336620 s

FEN: 8/1p4pk/p4b1p/4p3/1P2P1q1/P1R2NPn/7P/3Q1B1K b - - 0 2
        [0]         [1]         [2]         [3]         [4]         [5]         [6]         [7]         [8]         [9]
[0] 0.054420900 0.053996500 0.055128500 0.053953700 0.054712500 0.054222300 0.054489200 0.054138600 0.054517800 0.055492500 
[1] 0.064641600 0.065670300 0.068405100 0.065879000 0.065430100 0.059737300 0.055612100 0.054753700 0.054096700 0.054511100 
[2] 0.054063700 0.054564100 0.054720800 0.054431900 0.055956200 0.056504400 0.055923600 0.055398500 0.054153000 0.055782000 
[3] 0.054590700 0.055937900 0.056591200 0.055953400 0.055615900 0.055272600 0.056287300 0.054826600 0.056172500 0.060683600 
[4] 0.059463400 0.059273700 0.058000400 0.056369900 0.055715400 0.056487600 0.058722500 0.056046500 0.055080200 0.054479100 
[5] 0.054464000 0.054088800 0.056199400 0.056163900 0.054341600 0.056446900 0.059137700 0.057221000 0.058588500 0.059439100 
[6] 0.057373200 0.056617600 0.058865000 0.056624200 0.056866100 0.057133200 0.059790400 0.058907800 0.054355400 0.057253600 
[7] 0.058938100 0.060125100 0.058410000 0.054229400 0.054612800 0.055536000 0.058896800 0.061482200 0.056125800 0.054322400 
[8] 0.054177200 0.058735400 0.054448100 0.054489900 0.054176700 0.054517600 0.054093000 0.054351600 0.054214300 0.054531200 
[9] 0.054499700 0.054532800 0.054165900 0.054563600 0.054170800 0.054505900 0.055724100 0.054686000 0.054206300 0.054494100 
[AVERAGE] 0.056427183 s
[STANDARD DEVIATION] 0.002875452 s

FEN: 2r5/2P4R/p3kp1p/n3pNpP/4P1P1/8/3b1P2/6K1 w - - 0 2
        [0]         [1]         [2]         [3]         [4]         [5]         [6]         [7]         [8]         [9]
[0] 0.007679100 0.007958800 0.007677300 0.007932600 0.007674800 0.007827400 0.007675800 0.008108300 0.007680500 0.007971600 
[1] 0.007679600 0.007938600 0.007678500 0.008142400 0.007675800 0.007947900 0.007679300 0.007902300 0.007680100 0.008082100 
[2] 0.007675000 0.007930600 0.007673000 0.007940800 0.007669900 0.008031300 0.007753300 0.007942500 0.007674100 0.007906100 
[3] 0.007676800 0.008054600 0.007675900 0.007988000 0.007675800 0.007956300 0.007669100 0.008077000 0.007671800 0.007903700 
[4] 0.007878900 0.008156000 0.007871200 0.008133300 0.007873300 0.008123800 0.007872000 0.007971000 0.007676200 0.007973400 
[5] 0.007673400 0.007998100 0.007674200 0.007965300 0.007677300 0.008104900 0.007674400 0.008049100 0.007678100 0.007948000 
[6] 0.007675400 0.007992200 0.007674900 0.007947300 0.007675100 0.007948600 0.007677500 0.008013800 0.007671200 0.007907600 
[7] 0.007678400 0.007956700 0.007676100 0.008100700 0.007675100 0.007930400 0.007679000 0.007835200 0.007672200 0.008124000 
[8] 0.007674000 0.007946900 0.007670800 0.008048200 0.007675400 0.008018800 0.007869700 0.008091300 0.007868700 0.007978800 
[9] 0.007706100 0.008110600 0.007673000 0.007911100 0.007674100 0.007990800 0.007677200 0.008065600 0.007672400 0.008117600 
[AVERAGE] 0.007850628 s
[STANDARD DEVIATION] 0.000166580 s

FEN: r3k2r/5ppp/p2q2b1/1p2p3/5BP1/7P/PPP1QP2/R5K1 w kq - 0 2
        [0]         [1]         [2]         [3]         [4]         [5]         [6]         [7]         [8]         [9]
[0] 0.100719500 0.101111100 0.100969800 0.102135200 0.100814500 0.112724900 0.123848500 0.119226600 0.117461900 0.115771000 
[1] 0.107985000 0.101029800 0.100725500 0.106214500 0.106312200 0.107003300 0.110067800 0.112385600 0.116135600 0.115577100 
[2] 0.111076000 0.106572900 0.103002100 0.100925000 0.100448300 0.103471800 0.102852900 0.101225800 0.102694800 0.101144000 
[3] 0.101144500 0.100689700 0.101210400 0.102398800 0.101510600 0.101403600 0.100601500 0.102859200 0.113138800 0.114933300 
[4] 0.116871800 0.105395600 0.104726000 0.104919700 0.112727500 0.122081800 0.124317600 0.120932900 0.122354500 0.115662100 
[5] 0.111829700 0.108556700 0.106588400 0.101069500 0.101192300 0.100925700 0.100884200 0.102089600 0.101079000 0.100608100 
[6] 0.100967600 0.101705000 0.102542400 0.101274900 0.101246600 0.101815600 0.100911300 0.100825400 0.103462100 0.110774400 
[7] 0.113420700 0.112297100 0.101111700 0.101204000 0.100675600 0.102454500 0.101674600 0.101438400 0.101982400 0.101939400 
[8] 0.105287400 0.121949400 0.116843700 0.115526300 0.114786300 0.105636200 0.111252600 0.104102300 0.106866700 0.101188800 
[9] 0.100924400 0.101030400 0.100959000 0.119650100 0.103599800 0.100450600 0.104130400 0.101052600 0.103180500 0.103194200 
[AVERAGE] 0.106416715 s
[STANDARD DEVIATION] 0.006772619 s

FEN: 5bk1/pp3Qpn/3q4/4NpP1/2p2P2/7P/4K3/8 b - - 0 2
        [0]         [1]         [2]         [3]         [4]         [5]         [6]         [7]         [8]         [9]
[0] 0.006067000 0.005817200 0.005817700 0.006429300 0.009270700 0.007248500 0.006536400 0.006661400 0.005964800 0.005956800 
[1] 0.006134300 0.005860400 0.005860300 0.006255700 0.005915300 0.006044200 0.005815800 0.005815400 0.006095300 0.005818600 
[2] 0.005907400 0.005832700 0.005817100 0.006065500 0.005815400 0.005814300 0.006132100 0.005818100 0.006063300 0.005820700 
[3] 0.005815800 0.006102200 0.006004700 0.005816300 0.006108600 0.005815300 0.006204900 0.005814400 0.005813900 0.006101800 
[4] 0.005813800 0.005813100 0.006211500 0.005815800 0.008294600 0.006221700 0.006071100 0.005822500 0.005819700 0.006040200 
[5] 0.005816800 0.005815600 0.006209200 0.005817600 0.006101900 0.005817500 0.005819600 0.006068100 0.005817000 0.005820300 
[6] 0.006188900 0.005815100 0.006108600 0.005815800 0.005818500 0.006125000 0.005816400 0.006196000 0.005816400 0.005820100 
[7] 0.006095300 0.005814900 0.005818200 0.006106600 0.005815800 0.006068400 0.005822200 0.005819200 0.006074200 0.005817200 
[8] 0.005817200 0.006093500 0.005814700 0.006200400 0.005817600 0.005818600 0.006134900 0.005875000 0.006044900 0.005815800 
[9] 0.005818200 0.006150200 0.005814900 0.005817500 0.006101300 0.005814300 0.006052700 0.005816000 0.005812700 0.006138800 
[AVERAGE] 0.006026392 s
[STANDARD DEVIATION] 0.000455575 s

FEN: 3r1r1k/p4q1n/1p5p/2p1bp1n/P2p3N/8/1PPQ1B1P/1K1R2R1 w - - 0 2
        [0]         [1]         [2]         [3]         [4]         [5]         [6]         [7]         [8]         [9]
[0] 0.140545900 0.158197900 0.152500900 0.144661300 0.141127100 0.154882100 0.156415800 0.142264200 0.152708400 0.142165400 
[1] 0.151810300 0.144266300 0.172752000 0.153381000 0.149013000 0.148485100 0.147309500 0.156906800 0.171842000 0.172569100 
[2] 0.159828600 0.143450200 0.156015100 0.178445900 0.206931700 0.165300200 0.151636300 0.141350300 0.157490200 0.147893900 
[3] 0.150062200 0.148386900 0.151733400 0.146599200 0.153418600 0.149187500 0.141494900 0.148272100 0.147641000 0.140930300 
[4] 0.150088400 0.146327700 0.146493100 0.140891300 0.140793300 0.140865500 0.142394100 0.140794000 0.153785000 0.172615000 
[5] 0.169260800 0.160209500 0.151060000 0.187480800 0.141907000 0.140601200 0.176979100 0.170333600 0.192331300 0.184074700 
[6] 0.173037900 0.146316200 0.148213200 0.151570600 0.164887100 0.177242300 0.171081700 0.158651700 0.142953100 0.161132200 
[7] 0.146859200 0.142483600 0.140568100 0.162884000 0.156576600 0.155426700 0.143619600 0.153445100 0.157390300 0.141348800 
[8] 0.170635800 0.174840300 0.168406800 0.165594600 0.145790600 0.225094400 0.183833000 0.680303500 0.405044900 0.211050100 
[9] 0.190459900 0.166788300 0.159115400 0.158433300 0.146641800 0.157415300 0.161712000 0.158801900 0.156486000 0.152279600 
[AVERAGE] 0.165235735 s
[STANDARD DEVIATION] 0.059525914 s

FEN: r7/6kp/3pp1p1/8/4P3/5P2/5BPP/rR4K1 w - - 0 2
        [0]         [1]         [2]         [3]         [4]         [5]         [6]         [7]         [8]         [9]
[0] 0.021283400 0.023070900 0.022628600 0.024103300 0.026780900 0.024667000 0.025288100 0.025157500 0.027336200 0.025791000 
[1] 0.025026300 0.025724400 0.026800500 0.025643900 0.026992000 0.025150100 0.026479400 0.027242200 0.025617200 0.025104200 
[2] 0.023627900 0.021728300 0.047284300 0.044952700 0.036844200 0.036594900 0.031181800 0.024819000 0.025108400 0.030801300 
[3] 0.025232600 0.025185000 0.024052200 0.023296800 0.027755800 0.023514200 0.022840800 0.023202400 0.031444000 0.028376800 
[4] 0.029353700 0.028033200 0.026059200 0.025659600 0.031003200 0.025558000 0.025559300 0.026459200 0.021758100 0.021711400 
[5] 0.021853500 0.022757000 0.021200000 0.020967600 0.021011600 0.020871800 0.020811100 0.021304100 0.020972500 0.020998600 
[6] 0.022816900 0.022192100 0.022067700 0.021420400 0.021922900 0.026478800 0.024804800 0.025291500 0.024885400 0.026501900 
[7] 0.026287300 0.025663600 0.029380900 0.025870100 0.026236800 0.026638100 0.025131300 0.027222900 0.025231600 0.027910600 
[8] 0.026601900 0.025888000 0.025450500 0.024737900 0.025695200 0.027181500 0.025601900 0.025711300 0.025788500 0.026160300 
[9] 0.025361900 0.027387300 0.025129000 0.023807800 0.024840000 0.023134400 0.023761600 0.026895900 0.023822000 0.022376100 
[AVERAGE] 0.025669218 s
[STANDARD DEVIATION] 0.004109077 s

FEN: 2r1n1k1/1bq2pp1/p3p2p/8/1P1R1Q2/2N2P1P/1P3P2/1B4K1 b - - 0 2
        [0]         [1]         [2]         [3]         [4]         [5]         [6]         [7]         [8]         [9]
[0] 0.089223900 0.092191500 0.091221100 0.095577500 0.096359200 0.085106400 0.085236300 0.087082500 0.096227700 0.088866900 
[1] 0.085249200 0.085236800 0.087158600 0.088898500 0.085425600 0.087380600 0.086150700 0.085025200 0.085950600 0.088985900 
[2] 0.084809300 0.084989000 0.090356100 0.096467600 0.093207300 0.092781800 0.085199600 0.086520300 0.087790000 0.084862200 
[3] 0.085419400 0.085096000 0.085129700 0.085316800 0.086556800 0.092827400 0.085482400 0.087499500 0.085513800 0.089102700 
[4] 0.085436700 0.085241000 0.088288400 0.087615800 0.097358500 0.093465200 0.085177900 0.085260900 0.085120400 0.085439600 
[5] 0.086270900 0.088372000 0.092197200 0.098386500 0.102947500 0.102067000 0.093716700 0.088203600 0.096473300 0.090456700 
[6] 0.086930300 0.085301800 0.084713000 0.084956500 0.085252000 0.087979900 0.085926600 0.084884500 0.085137400 0.084798200 
[7] 0.085934700 0.085267800 0.087092800 0.087065800 0.090191900 0.089200700 0.091903300 0.089620400 0.090846900 0.087050800 
[8] 0.091044400 0.086068000 0.086256100 0.086194800 0.085948900 0.085917100 0.102395800 0.104546800 0.086888400 0.099450700 
[9] 0.094356300 0.098514300 0.100680300 0.094837600 0.094950200 0.095900800 0.093236800 0.095528200 0.093733200 0.097927200 
[AVERAGE] 0.089594094 s
[STANDARD DEVIATION] 0.005028989 s

FEN: 4rb2/5kp1/1p2p2p/5p2/1PP5/2Bq1NP1/5P1P/4R1K1 w - - 0 2
        [0]         [1]         [2]         [3]         [4]         [5]         [6]         [7]         [8]         [9]
[0] 0.041383900 0.039616800 0.040332100 0.043946200 0.045367700 0.043807000 0.040866000 0.042810300 0.045423700 0.042721100 
[1] 0.041028600 0.043500200 0.042630000 0.039946800 0.047554300 0.042704500 0.042417800 0.043287400 0.045539100 0.045650800 
[2] 0.045760500 0.044790000 0.045287600 0.043739000 0.042747900 0.040016000 0.041102300 0.041347300 0.043527900 0.043797800 
[3] 0.041948400 0.041113300 0.040876300 0.041537100 0.045321800 0.044339600 0.039894800 0.041769900 0.041731800 0.039576100 
[4] 0.039702400 0.039339700 0.042378400 0.043480700 0.045146200 0.044327100 0.044720000 0.045730700 0.044812600 0.044247800 
[5] 0.045639700 0.042883400 0.044335600 0.041969600 0.040664300 0.039479400 0.041130400 0.045441900 0.046761600 0.046286400 
[6] 0.044323900 0.044587900 0.046954000 0.044902900 0.040382100 0.039471300 0.039774500 0.039375900 0.039753100 0.039234200 
[7] 0.039703900 0.039786500 0.039721800 0.039344800 0.040235300 0.039664300 0.039444900 0.040100900 0.039450600 0.040376900 
[8] 0.040113500 0.039814300 0.039543400 0.039605100 0.042839500 0.039707800 0.044989200 0.040603700 0.039449200 0.039604200 
[9] 0.040607000 0.046584800 0.045484900 0.046849200 0.045034300 0.044584100 0.040950100 0.040430700 0.039685400 0.039790900 
[AVERAGE] 0.042320986 s
[STANDARD DEVIATION] 0.002421032 s

FEN: 6k1/5p2/6p1/8/7p/8/6PP/6K1 b - - 0 0
        [0]         [1]         [2]         [3]         [4]         [5]         [6]         [7]         [8]         [9]
[0] 0.000078700 0.000075300 0.000075300 0.000074300 0.000073900 0.000073900 0.000074100 0.000073700 0.000073700 0.000073600 
[1] 0.000073900 0.000073600 0.000073600 0.000073800 0.000073500 0.000073700 0.000073600 0.000073900 0.000073600 0.000073600 
[2] 0.000073700 0.000073500 0.000073700 0.000073700 0.000073700 0.000073600 0.000073700 0.000073700 0.000073500 0.000073800 
[3] 0.000073800 0.000074000 0.000073600 0.000073600 0.000073700 0.000073500 0.000073600 0.000073600 0.000073400 0.000073600 
[4] 0.000073500 0.000073600 0.000073800 0.000073600 0.000073400 0.000073700 0.000073700 0.000073700 0.000073500 0.000073700 
[5] 0.000073700 0.000073600 0.000073500 0.000073500 0.000073600 0.000073800 0.000073600 0.000073400 0.000073400 0.000073400 
[6] 0.000073900 0.000073900 0.000073500 0.000073700 0.000073700 0.000073700 0.000073500 0.000073800 0.000073600 0.000074000 
[7] 0.000073900 0.000073400 0.000073400 0.000073800 0.000073600 0.000073700 0.000073700 0.000073600 0.000073600 0.000073700 
[8] 0.000073900 0.000073800 0.000073500 0.000073700 0.000073700 0.000073600 0.000073500 0.000073600 0.000073600 0.000073800 
[9] 0.000073800 0.000073700 0.000073600 0.000073700 0.000073600 0.000073500 0.000073600 0.000073700 0.000073500 0.000073700 
[AVERAGE] 0.000073748 s
[STANDARD DEVIATION] 0.000000570 s

FEN: 3k4/2n2B2/1KP5/2B2p2/5b1p/7P/8/8 b - - 0 0
        [0]         [1]         [2]         [3]         [4]         [5]         [6]         [7]         [8]         [9]
[0] 0.004098500 0.003795600 0.004341000 0.004726700 0.004583300 0.004161100 0.004955200 0.005077800 0.004936200 0.004151300 
[1] 0.004667100 0.004829300 0.004800800 0.004529000 0.004703300 0.004737900 0.004326600 0.004475500 0.004771100 0.004332900 
[2] 0.004316600 0.004295800 0.004993100 0.004830200 0.005339700 0.004745400 0.004350600 0.004333400 0.004601100 0.004446400 
[3] 0.004419500 0.004387000 0.004296200 0.004374500 0.004490700 0.004104000 0.004373000 0.004784400 0.004304300 0.003899200 
[4] 0.004877800 0.004198200 0.004131200 0.003896400 0.004192300 0.003921600 0.003863000 0.003836800 0.004359800 0.003795000 
[5] 0.003837600 0.003836500 0.004223700 0.003814300 0.003810200 0.003796100 0.004075000 0.003796000 0.003794000 0.003795500 
[6] 0.004063700 0.003795000 0.003795700 0.003795800 0.005339100 0.004558300 0.004053500 0.004133700 0.003894600 0.003901000 
[7] 0.004747800 0.004295600 0.003925400 0.004951100 0.004175000 0.004589000 0.003900900 0.004687200 0.004283000 0.005170000 
[8] 0.004338700 0.004546600 0.004867200 0.004229400 0.004519700 0.004251500 0.004300200 0.004108900 0.003899400 0.004797200 
[9] 0.004095800 0.003905900 0.004217400 0.004122300 0.004792600 0.003897200 0.004209700 0.004143900 0.003895700 0.005004900 
[AVERAGE] 0.004327359 s
[STANDARD DEVIATION] 0.000397624 s

FEN: r7/4R2P/3p4/3k1K2/2p5/8/8/8 b - - 0 0
        [0]         [1]         [2]         [3]         [4]         [5]         [6]         [7]         [8]         [9]
[0] 0.004489100 0.004513500 0.004322500 0.004674000 0.004919800 0.004587400 0.004784300 0.004332500 0.004293000 0.004292100 
[1] 0.004447800 0.004184200 0.004237500 0.004240100 0.004596600 0.004183500 0.004226300 0.004569200 0.004187100 0.004185500 
[2] 0.004184100 0.004443400 0.004185400 0.004185600 0.004183800 0.004480000 0.004186500 0.004184200 0.004497300 0.004185600 
[3] 0.004255900 0.004182100 0.004358300 0.005847600 0.005174600 0.007217900 0.006320600 0.005218100 0.004695400 0.004296300 
[4] 0.004351300 0.004292300 0.004546600 0.004186800 0.004229700 0.004231500 0.004637000 0.004186500 0.004224900 0.004353100 
[5] 0.004186500 0.005429400 0.004818200 0.004566200 0.004354400 0.004382100 0.004239500 0.004239500 0.004511000 0.004938800 
[6] 0.004468100 0.004527700 0.004931900 0.004325900 0.004296900 0.004229400 0.004570400 0.004275200 0.005205500 0.005451300 
[7] 0.005217200 0.005116100 0.005158900 0.004841700 0.004828700 0.004920700 0.005142700 0.005017600 0.004864500 0.005011100 
[8] 0.005015600 0.006152400 0.005328300 0.005085200 0.004955700 0.004778000 0.004645000 0.004776600 0.004951400 0.004632300 
[9] 0.004762100 0.005063200 0.005054300 0.004305000 0.005041800 0.004461300 0.004307500 0.004305000 0.004509800 0.004185300 
[AVERAGE] 0.004641713 s
[STANDARD DEVIATION] 0.000508781 s

FEN: 8/8/5p2/1P1K1k2/8/2r5/8/7R w - - 0 0
        [0]         [1]         [2]         [3]         [4]         [5]         [6]         [7]         [8]         [9]
[0] 0.002838400 0.002820500 0.002835400 0.003090100 0.002869000 0.002819100 0.002862600 0.002821100 0.003019800 0.002822800 
[1] 0.002820100 0.002881200 0.002821500 0.002819300 0.003179500 0.002821100 0.002817400 0.002819700 0.002820400 0.003136300 
[2] 0.002819900 0.002822200 0.002819400 0.002821100 0.003977100 0.003593900 0.002937200 0.002872100 0.002922400 0.003219900 
[3] 0.002889100 0.002817200 0.002862700 0.002819800 0.002861400 0.003086300 0.002893100 0.002820700 0.002862400 0.002817900 
[4] 0.003074800 0.002819100 0.002914100 0.002819100 0.002820400 0.003135700 0.002836600 0.002823800 0.002819000 0.002820000 
[5] 0.002820800 0.003019800 0.002818500 0.003683500 0.002954100 0.002847100 0.003186200 0.002819100 0.002860300 0.003770100 
[6] 0.002936800 0.003184000 0.002920200 0.003787400 0.003568600 0.002963300 0.003833000 0.002965800 0.004184200 0.003802500 
[7] 0.003087500 0.003070300 0.003702100 0.003306900 0.003076700 0.004106300 0.002962700 0.002965500 0.002893200 0.003209400 
[8] 0.003698600 0.002951600 0.002958900 0.002949000 0.003119600 0.002872900 0.002821800 0.002864000 0.003995700 0.003392600 
[9] 0.002865800 0.002840500 0.002891300 0.002894000 0.003088100 0.002855500 0.002848200 0.002835200 0.002820200 0.003176200 
[AVERAGE] 0.003041993 s
[STANDARD DEVIATION] 0.000333304 s

FEN: 5n2/R7/4pk2/8/5PK1/8/8/8 b - - 0 0
        [0]         [1]         [2]         [3]         [4]         [5]         [6]         [7]         [8]         [9]
[0] 0.000681000 0.000676600 0.000675600 0.000675100 0.000719800 0.000675700 0.000675000 0.000676100 0.000674700 0.000674900 
[1] 0.000674900 0.000675200 0.000704900 0.000689000 0.000674600 0.000675600 0.000674800 0.000674900 0.000674700 0.000674800 
[2] 0.000675400 0.000776100 0.001006000 0.000675400 0.000674400 0.000675600 0.000675100 0.000674900 0.000674800 0.000674100 
[3] 0.000674600 0.000674600 0.000675300 0.000674900 0.000674800 0.000674900 0.000675200 0.000675400 0.000674700 0.000674600 
[4] 0.000674200 0.000675500 0.000674300 0.000675500 0.000877300 0.000675100 0.000676100 0.000675600 0.000675200 0.000674700 
[5] 0.000674800 0.000675300 0.000674600 0.000675400 0.000674900 0.000675900 0.000675000 0.000674400 0.000674200 0.000675100 
[6] 0.000675500 0.000674500 0.000674800 0.000675300 0.000675600 0.000675600 0.000674500 0.000966400 0.000675400 0.000675600 
[7] 0.000675200 0.000675400 0.000675100 0.000675000 0.000674600 0.000674800 0.000675000 0.000675100 0.000674700 0.000674400 
[8] 0.000675400 0.000675500 0.000674100 0.000674100 0.000674400 0.000673500 0.000675100 0.000675000 0.000675500 0.000675600 
[9] 0.001080100 0.000675400 0.000675000 0.000674600 0.000675000 0.000675300 0.000674700 0.000674300 0.000675000 0.000675000 
[AVERAGE] 0.000689269 s
[STANDARD DEVIATION] 0.000062652 s

FEN: 3Q4/8/1k6/7p/p1p4P/2q3PB/7K/8 b - - 0 0
        [0]         [1]         [2]         [3]         [4]         [5]         [6]         [7]         [8]         [9]
[0] 0.007508400 0.007787600 0.007499400 0.007716300 0.007576800 0.007867200 0.007498700 0.007769300 0.007503000 0.007639100 
[1] 0.007502000 0.007800200 0.007503100 0.007814600 0.007505500 0.008438300 0.008160800 0.008015400 0.007501600 0.007699600 
[2] 0.007499700 0.007668600 0.007499200 0.008086600 0.007505500 0.007798000 0.007502200 0.007769800 0.007502400 0.007931100 
[3] 0.007498600 0.007763900 0.007501300 0.007774900 0.007499300 0.007827400 0.007499100 0.007739600 0.007503100 0.007821800 
[4] 0.007499800 0.007865700 0.007499300 0.007761400 0.007506900 0.007782700 0.007501100 0.007685700 0.007504900 0.007767800 
[5] 0.007503400 0.007502300 0.007716300 0.007503400 0.007878900 0.007499400 0.007746900 0.007502400 0.007754900 0.007495800 
[6] 0.007852200 0.007494100 0.007774900 0.007496600 0.007704800 0.007499400 0.007958000 0.007503900 0.007746500 0.007502800 
[7] 0.007769900 0.007502700 0.007870900 0.007502300 0.007730800 0.007501000 0.007775400 0.007500000 0.007911500 0.007499000 
[8] 0.007786400 0.007501900 0.007744900 0.007498700 0.009282100 0.008691700 0.008096600 0.007763900 0.008051300 0.007761100 
[9] 0.007938200 0.007571000 0.007864600 0.007547100 0.007872500 0.007864800 0.009617000 0.009278500 0.007864100 0.007895300 
[AVERAGE] 0.007745664 s
[STANDARD DEVIATION] 0.000361540 s

FEN: 4q3/2R4P/5R2/1p6/p3k3/P7/KP6/8 b - - 0 0
        [0]         [1]         [2]         [3]         [4]         [5]         [6]         [7]         [8]         [9]
[0] 0.016070100 0.015970900 0.015882400 0.021403200 0.016443900 0.015909000 0.015949100 0.015796700 0.016377300 0.015854100 
[1] 0.015714700 0.015782500 0.017579600 0.018711500 0.019282600 0.018411500 0.018420600 0.018081000 0.018013700 0.018465300 
[2] 0.019240900 0.017997900 0.019384400 0.017685100 0.018122500 0.017765100 0.016485000 0.016064400 0.015988100 0.015660800 
[3] 0.015801200 0.016261000 0.016035200 0.015967600 0.015815800 0.015763600 0.015800300 0.015920600 0.015678100 0.015774500 
[4] 0.017041000 0.016418700 0.018069100 0.017439300 0.017212400 0.017006900 0.017269200 0.018347100 0.020712500 0.019154300 
[5] 0.018026000 0.018621200 0.019111000 0.018347300 0.018830700 0.018071700 0.017732700 0.019223500 0.017316400 0.018416800 
[6] 0.017496200 0.019071500 0.017635000 0.017332300 0.016192100 0.016273900 0.016084900 0.015796200 0.015612500 0.015866400 
[7] 0.015746700 0.015814500 0.015825400 0.015823700 0.015750500 0.015859100 0.015769200 0.015726500 0.015876800 0.015773900 
[8] 0.015790700 0.015805600 0.015644400 0.015781100 0.015884300 0.015722500 0.015745400 0.015875200 0.015748100 0.015758500 
[9] 0.015834600 0.015769100 0.015861700 0.015780500 0.015746500 0.015758200 0.018617300 0.015982100 0.015940100 0.015985300 
[AVERAGE] 0.016840581 s
[STANDARD DEVIATION] 0.001328122 s

FEN: R7/8/5rk1/5p2/1p5P/5KP1/P7/8 b - - 0 0
        [0]         [1]         [2]         [3]         [4]         [5]         [6]         [7]         [8]         [9]
[0] 0.002753400 0.002740700 0.002736800 0.002742400 0.002737700 0.003021900 0.002741000 0.002739600 0.002736400 0.002738100 
[1] 0.003145600 0.002739200 0.002738900 0.002737400 0.002738800 0.002742200 0.003016800 0.002915700 0.003764400 0.003435000 
[2] 0.003414800 0.004657800 0.003660700 0.003318300 0.003317700 0.002815000 0.003188700 0.002810200 0.003308700 0.002819500 
[3] 0.003364900 0.002814300 0.003212000 0.002816500 0.003182300 0.002814200 0.003190600 0.002810700 0.003205600 0.002811500 
[4] 0.003335700 0.002813200 0.003212400 0.002809200 0.003315600 0.002932400 0.003112400 0.003038100 0.003078100 0.003187400 
[5] 0.002939700 0.003440700 0.002878000 0.003608900 0.002814800 0.003380500 0.002814700 0.003259100 0.002808400 0.003295000 
[6] 0.002812200 0.003408900 0.002922100 0.003221300 0.003030700 0.003097100 0.003369600 0.002814900 0.003278300 0.002815200 
[7] 0.003321600 0.002824800 0.003160300 0.002810800 0.003582900 0.002815100 0.003210600 0.002809500 0.003367400 0.002810700 
[8] 0.003280300 0.002813300 0.003117700 0.002830300 0.003185000 0.002862300 0.003308500 0.002935500 0.002985700 0.003066100 
[9] 0.003061500 0.003056100 0.002867600 0.003080000 0.002824400 0.003231300 0.002895000 0.003446200 0.002813400 0.003381000 
[AVERAGE] 0.003057955 s
[STANDARD DEVIATION] 0.000303892 s

FEN: 3k4/5ppp/2q5/3p2r1/8/1Q3P2/P4P1P/3R3K w - - 0 1
        [0]         [1]         [2]         [3]         [4]         [5]         [6]         [7]         [8]         [9]
[0] 0.044342300 0.049191700 0.050173300 0.048166300 0.046139900 0.045716200 0.046329100 0.044834700 0.045921000 0.053474100 
[1] 0.044296600 0.049614500 0.059519500 0.048014500 0.042191300 0.041745800 0.040672100 0.040812600 0.041002200 0.040325600 
[2] 0.040070000 0.040387500 0.040144200 0.040002700 0.040371400 0.040153100 0.040424300 0.040142100 0.040212500 0.040290900 
[3] 0.039966700 0.040407600 0.039846900 0.040480800 0.040233000 0.040147900 0.040484100 0.040712000 0.040495200 0.040023600 
[4] 0.041950700 0.040626900 0.040704800 0.043994900 0.041157500 0.040435400 0.044253800 0.042005200 0.041825200 0.042870200 
[5] 0.043479500 0.043963400 0.046571500 0.042156400 0.042142100 0.042442300 0.044282600 0.046095600 0.045345200 0.046178900 
[6] 0.046745800 0.046327900 0.046508800 0.047600700 0.048993400 0.047113700 0.046793100 0.048508800 0.048516700 0.046897900 
[7] 0.047010900 0.044708500 0.046656200 0.046790100 0.045398000 0.044439600 0.044441300 0.043357600 0.044944600 0.043875400 
[8] 0.040796000 0.040210000 0.041081800 0.040422200 0.040343700 0.040403500 0.040075700 0.040550000 0.040532000 0.040110600 
[9] 0.040549900 0.040134600 0.040344300 0.040145500 0.042338400 0.040483600 0.040088800 0.040266100 0.040313000 0.040268100 
[AVERAGE] 0.043250487 s
[STANDARD DEVIATION] 0.003530243 s

FEN: 4R3/1k6/1p2P1p1/p7/4r3/1P1r4/1K6/2R5 w - - 0 0
        [0]         [1]         [2]         [3]         [4]         [5]         [6]         [7]         [8]         [9]
[0] 0.025599100 0.025485000 0.025772300 0.025622400 0.025244000 0.027550300 0.025744200 0.025733200 0.025735300 0.025343600 
[1] 0.025759100 0.025521000 0.025386400 0.025642700 0.025675000 0.025372100 0.025823700 0.025708300 0.025326800 0.025728100 
[2] 0.025351000 0.025700500 0.025545700 0.025520400 0.026632200 0.025705200 0.025347000 0.025766200 0.026035800 0.025315200 
[3] 0.025871100 0.025754000 0.025929500 0.025687400 0.025743300 0.025403900 0.025739000 0.025274300 0.025674500 0.025604900 
[4] 0.025356600 0.025673200 0.025596300 0.025242500 0.025548500 0.025455200 0.025588000 0.025721500 0.025391800 0.025501000 
[5] 0.025562800 0.025335400 0.025487700 0.025638700 0.025421000 0.026238400 0.025501200 0.025578900 0.025682700 0.025399600 
[6] 0.029081500 0.026701100 0.026433600 0.026302700 0.025997000 0.025669800 0.025349500 0.025742000 0.025544500 0.025343800 
[7] 0.025723000 0.025270100 0.025826500 0.025679600 0.025966000 0.026101000 0.025621500 0.025404300 0.027651100 0.026693300 
[8] 0.025889700 0.025924600 0.025431500 0.025445000 0.025605300 0.025666900 0.025383600 0.026334400 0.025537000 0.025389900 
[9] 0.025676200 0.025598000 0.025334900 0.025599400 0.025526500 0.025603700 0.025654700 0.025332900 0.025701400 0.025516900 
[AVERAGE] 0.025725491 s
[STANDARD DEVIATION] 0.000524391 s

FEN: 5k2/R7/3K4/4p3/5P2/8/8/5r2 w - - 0 0
        [0]         [1]         [2]         [3]         [4]         [5]         [6]         [7]         [8]         [9]
[0] 0.002983200 0.002977900 0.002979000 0.003007400 0.003226700 0.002979500 0.002977600 0.002975400 0.002977400 0.003427400 
[1] 0.003945400 0.003989200 0.004367300 0.005042100 0.004116200 0.003350400 0.003601700 0.004270000 0.003634900 0.003983800 
[2] 0.003496400 0.003459600 0.003133200 0.003134500 0.003055600 0.003211500 0.003808400 0.003056100 0.003054400 0.003054600 
[3] 0.003098600 0.003485300 0.002978400 0.002979500 0.002978500 0.002979000 0.003330800 0.002978400 0.002976600 0.002976400 
[4] 0.002977200 0.003241400 0.002978300 0.003095000 0.003388900 0.002978000 0.003280600 0.002978000 0.002979900 0.002976900 
[5] 0.002977800 0.003205500 0.002979100 0.002977900 0.002978800 0.002978000 0.003348600 0.002978100 0.002975700 0.002976500 
[6] 0.002977700 0.003246100 0.002977900 0.002976800 0.002975400 0.002978300 0.002977300 0.003243400 0.002977100 0.002977100 
[7] 0.002976500 0.002977700 0.003379500 0.002975800 0.002975700 0.002977800 0.002976300 0.003344900 0.002976700 0.002975900 
[8] 0.002976300 0.002979200 0.003185700 0.002980600 0.002978600 0.002977900 0.002978100 0.003223800 0.003057700 0.003055200 
[9] 0.003053800 0.003055100 0.003172500 0.003054300 0.003053300 0.003054200 0.003052700 0.003257700 0.003055400 0.003053500 
[AVERAGE] 0.003173880 s
[STANDARD DEVIATION] 0.000353199 s

FEN: 5k2/1R6/4p1p1/1pr3Pp/7P/1K6/8/8 w - - 0 0
        [0]         [1]         [2]         [3]         [4]         [5]         [6]         [7]         [8]         [9]
[0] 0.001837200 0.001831500 0.001829800 0.001830800 0.002158700 0.001831900 0.001831200 0.001828700 0.001829300 0.001829500 
[1] 0.001829600 0.001828600 0.002093200 0.001843300 0.001785500 0.001785300 0.001783100 0.001784500 0.001783400 0.001786000 
[2] 0.001786400 0.002060000 0.001785000 0.001787800 0.001785900 0.001785100 0.001785300 0.001785100 0.001785400 0.001785400 
[3] 0.002179800 0.001799500 0.001785200 0.001784200 0.001784000 0.001785400 0.001783600 0.001785700 0.002049900 0.001782500 
[4] 0.001786200 0.001785000 0.001784900 0.001787600 0.001854800 0.002114600 0.001960100 0.001855100 0.001785100 0.001784900 
[5] 0.001783700 0.001782800 0.001782800 0.001783100 0.001783300 0.002757600 0.002161900 0.002785300 0.003343700 0.003252700 
[6] 0.002533100 0.002078700 0.002164400 0.002037400 0.002204800 0.001882000 0.001880100 0.001881500 0.002440000 0.002335600 
[7] 0.001881900 0.001877800 0.002209500 0.003015800 0.001991500 0.002862200 0.002273900 0.004233400 0.002303600 0.002989900 
[8] 0.002320300 0.002705200 0.002346600 0.001961100 0.001830400 0.001832200 0.001885300 0.001878700 0.001972100 0.001881400 
[9] 0.001881800 0.001835800 0.001785100 0.001784700 0.001785400 0.001784500 0.001889700 0.001924900 0.001783400 0.001784700 
[AVERAGE] 0.002012379 s
[STANDARD DEVIATION] 0.000405761 s

FEN: 5k2/8/p7/4K1P1/P4R2/6r1/8/8 b - - 0 0
        [0]         [1]         [2]         [3]         [4]         [5]         [6]         [7]         [8]         [9]
[0] 0.001218700 0.001215300 0.001214600 0.001212800 0.001213100 0.001214200 0.001212800 0.001212400 0.001448900 0.001247700 
[1] 0.001245400 0.001415300 0.001245500 0.001244400 0.001246300 0.001244700 0.001243800 0.001244500 0.001244300 0.001245000 
[2] 0.001398200 0.001213900 0.001214000 0.001215000 0.001214500 0.001214800 0.001213600 0.001213200 0.001214000 0.001216200 
[3] 0.001214200 0.001213800 0.001213300 0.001645000 0.001216300 0.001214200 0.001212900 0.001213600 0.001213900 0.001214300 
[4] 0.001212600 0.001211900 0.001214200 0.001212300 0.001211700 0.001442900 0.001214400 0.001213600 0.001213000 0.001213900 
[5] 0.001213200 0.001213200 0.001212200 0.001213300 0.001213000 0.001213700 0.001213500 0.001211900 0.001501200 0.001214100 
[6] 0.001214200 0.001213500 0.001214700 0.001212400 0.001214700 0.001215300 0.001212900 0.001213500 0.001212100 0.001213800 
[7] 0.001329700 0.001468100 0.001213000 0.001214500 0.001214400 0.001214000 0.001214100 0.001213500 0.001211700 0.001215000 
[8] 0.001212700 0.001213600 0.001214600 0.001481800 0.001214000 0.001213200 0.001214400 0.001212900 0.001213700 0.001213300 
[9] 0.001212900 0.001212900 0.001213400 0.001212800 0.001213200 0.001213200 0.001485700 0.001213800 0.001213600 0.001214700 
[AVERAGE] 0.001241639 s
[STANDARD DEVIATION] 0.000077923 s

FEN: 8/8/8/p2r1k2/7p/PP1RK3/6P1/8 b - - 0 0
        [0]         [1]         [2]         [3]         [4]         [5]         [6]         [7]         [8]         [9]
[0] 0.002576300 0.002573200 0.002570400 0.002571400 0.002837300 0.002575800 0.002573200 0.002572200 0.002570600 0.002572000 
[1] 0.003045900 0.002574100 0.002573900 0.002571800 0.002572900 0.002686600 0.002732200 0.002572100 0.002574100 0.002573200 
[2] 0.002573600 0.002722600 0.002690900 0.002572100 0.002572600 0.002572300 0.002571700 0.002806600 0.002576800 0.002573200 
[3] 0.002572900 0.002572700 0.002571000 0.002871600 0.002579400 0.002578300 0.002574000 0.002573400 0.002577800 0.002921700 
[4] 0.002573900 0.002572400 0.002572400 0.002572600 0.002570200 0.002776400 0.002572500 0.002571000 0.002575400 0.002570700 
[5] 0.002575000 0.002821700 0.002572900 0.002569600 0.002572200 0.002570300 0.002577100 0.003198700 0.002743200 0.002571300 
[6] 0.002569900 0.002570400 0.002568700 0.002873400 0.002569400 0.002571700 0.002572300 0.002569800 0.002572100 0.002815600 
[7] 0.002569400 0.002572500 0.002570200 0.002571300 0.002569300 0.003042700 0.003369500 0.002720500 0.002571700 0.002571200 
[8] 0.002780400 0.002571600 0.002572700 0.002570200 0.002570300 0.002570100 0.002869700 0.002620900 0.002569200 0.002574900 
[9] 0.002570700 0.002574900 0.002886400 0.002571000 0.002569600 0.002571500 0.002572000 0.002569800 0.002840700 0.002572000 
[AVERAGE] 0.002637441 s
[STANDARD DEVIATION] 0.000143920 s

FEN: 8/8/8/1P4p1/5k2/5p2/P6K/8 b - - 0 0
        [0]         [1]         [2]         [3]         [4]         [5]         [6]         [7]         [8]         [9]
[0] 0.000098000 0.000094000 0.000092800 0.000092500 0.000092200 0.000092100 0.000091800 0.000091700 0.000091800 0.000091700 
[1] 0.000091500 0.000091300 0.000091800 0.000091300 0.000091400 0.000091400 0.000091500 0.000091300 0.000091600 0.000091600 
[2] 0.000091300 0.000091400 0.000091500 0.000091300 0.000091200 0.000091400 0.000091400 0.000091400 0.000091600 0.000091600 
[3] 0.000091400 0.000091500 0.000091500 0.000091700 0.000091400 0.000091600 0.000091000 0.000091400 0.000091400 0.000091400 
[4] 0.000091400 0.000091500 0.000091300 0.000091300 0.000091400 0.000091300 0.000091600 0.000091500 0.000091300 0.000091300 
[5] 0.000091300 0.000091500 0.000091300 0.000091300 0.000091500 0.000091500 0.000091500 0.000091400 0.000091300 0.000091200 
[6] 0.000091800 0.000091500 0.000091300 0.000091500 0.000091300 0.000091400 0.000091300 0.000091300 0.000091200 0.000091600 
[7] 0.000091400 0.000091300 0.000091300 0.000091300 0.000091400 0.000091400 0.000091300 0.000091500 0.000091200 0.000091400 
[8] 0.000091500 0.000091700 0.000091400 0.000091100 0.000091300 0.000091500 0.000091600 0.000091400 0.000091200 0.000091300 
[9] 0.000091100 0.000091200 0.000091400 0.000091300 0.000091300 0.000091500 0.000091600 0.000091100 0.000091400 0.000091300 
[AVERAGE] 0.000091543 s
[STANDARD DEVIATION] 0.000000742 s

FEN: 3b2k1/1p3p2/p1p5/2P4p/1P2P1p1/5p2/5P2/4RK2 w - - 0 0
        [0]         [1]         [2]         [3]         [4]         [5]         [6]         [7]         [8]         [9]
[0] 0.001488600 0.001484200 0.001749700 0.001481200 0.001481100 0.001481500 0.001481000 0.001480400 0.001480700 0.001480500 
[1] 0.001479600 0.001481200 0.001777000 0.001482100 0.001482000 0.001481700 0.001482700 0.001481200 0.001481600 0.001482500 
[2] 0.001479100 0.001482500 0.001739900 0.001482400 0.001481000 0.001480500 0.001523100 0.001480900 0.001480100 0.001480600 
[3] 0.001481800 0.001481100 0.001480400 0.001725800 0.001481200 0.001481600 0.001479200 0.001481700 0.001480100 0.001480500 
[4] 0.001479800 0.001481300 0.001480800 0.001861000 0.001482400 0.001481000 0.001482100 0.001481800 0.001482000 0.001482000 
[5] 0.001482600 0.001482900 0.001480400 0.001778000 0.001483300 0.001482600 0.001480900 0.001479500 0.001479200 0.001479000 
[6] 0.001478400 0.001479500 0.001478100 0.001477300 0.001769800 0.001478500 0.001481600 0.001480000 0.001479400 0.001480000 
[7] 0.001479000 0.001480800 0.001480200 0.001480600 0.001828900 0.001480300 0.001480500 0.001481000 0.001479000 0.001480800 
[8] 0.001479500 0.001481300 0.001481100 0.001479100 0.001653400 0.001479700 0.001481300 0.001480000 0.001478300 0.001479200 
[9] 0.001478300 0.001480000 0.001479300 0.001478700 0.001479000 0.001719000 0.001481700 0.001479700 0.001480200 0.001480900 
[AVERAGE] 0.001509100 s
[STANDARD DEVIATION] 0.000085628 s

FEN: 5k2/3R4/2K1p1p1/4P1P1/5P2/8/3r4/8 b - - 0 0
        [0]         [1]         [2]         [3]         [4]         [5]         [6]         [7]         [8]         [9]
[0] 0.002286400 0.002274200 0.002274400 0.002634900 0.002277600 0.002276000 0.002273400 0.002276500 0.002273800 0.002276800 
[1] 0.002612100 0.002278100 0.002277100 0.002275800 0.002277000 0.002274700 0.002276900 0.002559700 0.002277900 0.002274700 
[2] 0.002274300 0.002273600 0.002273300 0.003946400 0.003212500 0.003000400 0.002273800 0.002340500 0.002330100 0.002627200 
[3] 0.002333700 0.002298700 0.002273400 0.002273300 0.002272800 0.002413000 0.002352200 0.002332000 0.002332200 0.002361400 
[4] 0.002332200 0.002334100 0.002603200 0.002332300 0.002333100 0.002331600 0.002289200 0.002272300 0.002275500 0.002524400 
[5] 0.002272400 0.002272900 0.002272100 0.002272800 0.002275700 0.002520100 0.002271300 0.002273800 0.002271100 0.002274300 
[6] 0.002272500 0.002272100 0.002664700 0.002280400 0.002276900 0.002275300 0.002276200 0.002277400 0.002276100 0.003166700 
[7] 0.002980200 0.002273000 0.002273200 0.002310500 0.002334900 0.002675800 0.002398500 0.002325100 0.002272000 0.002274500 
[8] 0.002275600 0.002431600 0.002480200 0.002276700 0.002277100 0.002278000 0.002276100 0.002274400 0.002419700 0.002312100 
[9] 0.002277000 0.002278600 0.002274400 0.002275200 0.002275000 0.002566400 0.002279600 0.002435900 0.002279800 0.002485300 
[AVERAGE] 0.002377919 s
[STANDARD DEVIATION] 0.000239933 s

FEN: 6k1/6pp/5p2/8/5P2/P7/2K4P/8 b - - 0 0
        [0]         [1]         [2]         [3]         [4]         [5]         [6]         [7]         [8]         [9]
[0] 0.000238700 0.000234800 0.000235300 0.000234600 0.000234800 0.000233600 0.000234300 0.000233600 0.000234300 0.000234200 
[1] 0.000234100 0.000233700 0.000234300 0.000234200 0.000234100 0.000233200 0.000234200 0.000233600 0.000235000 0.000465800 
[2] 0.000440400 0.000234400 0.000234200 0.000233900 0.000233800 0.000234100 0.000234000 0.000234300 0.000233400 0.000233800 
[3] 0.000234400 0.000234300 0.000234000 0.000234100 0.000233800 0.000234100 0.000234900 0.000234500 0.000233800 0.000233800 
[4] 0.000234200 0.000234400 0.000234600 0.000234100 0.000234100 0.000234000 0.000233800 0.000234300 0.000233800 0.000234300 
[5] 0.000233900 0.000235000 0.000234100 0.000233900 0.000234000 0.000234200 0.000233400 0.000233800 0.000234200 0.000233700 
[6] 0.000234200 0.000234300 0.000233900 0.000234500 0.000234500 0.000234700 0.000234000 0.000234200 0.000234200 0.000234100 
[7] 0.000234600 0.000234300 0.000234800 0.000234100 0.000235000 0.000234100 0.000233700 0.000234700 0.000234900 0.000234900 
[8] 0.000234200 0.000234100 0.000296700 0.000411800 0.000290000 0.000234400 0.000233900 0.000234600 0.000233700 0.000233900 
[9] 0.000233800 0.000234500 0.000233800 0.000233900 0.000234400 0.000234600 0.000234400 0.000234900 0.000234400 0.000234500 
[AVERAGE] 0.000241584 s
[STANDARD DEVIATION] 0.000035959 s

FEN: 8/3R4/8/r3N2p/P1Pp1P2/2k2K1P/3r4/8 w - - 0 0
        [0]         [1]         [2]         [3]         [4]         [5]         [6]         [7]         [8]         [9]
[0] 0.010363500 0.010658500 0.011307000 0.010333400 0.010763500 0.011934700 0.011553000 0.012442900 0.017277900 0.016127900 
[1] 0.014217100 0.012274900 0.016851000 0.019312300 0.013174800 0.012337000 0.012148000 0.012451100 0.011070700 0.010519800 
[2] 0.010472100 0.010735700 0.010605800 0.010974800 0.010723700 0.010920200 0.015940300 0.010748900 0.011632800 0.011049500 
[3] 0.010338800 0.010641600 0.011686100 0.010748700 0.010621200 0.011744000 0.012047800 0.010470000 0.010739100 0.010559200 
[4] 0.010331200 0.010612900 0.010824800 0.010338000 0.010559200 0.010668700 0.010339400 0.010605700 0.010635500 0.010335000 
[5] 0.010478100 0.010743600 0.010339200 0.010587600 0.010641900 0.010334200 0.010663300 0.010606800 0.010334100 0.010616300 
[6] 0.010793300 0.010342500 0.012581100 0.010993300 0.010726200 0.010336500 0.010663200 0.010657700 0.010329100 0.010553500 
[7] 0.010647700 0.010336500 0.011797900 0.010764500 0.010603700 0.010799000 0.010865000 0.010958800 0.010336400 0.010512100 
[8] 0.010634000 0.010597900 0.012432600 0.010607300 0.010337200 0.010528700 0.010698700 0.010337000 0.010654000 0.010683800 
[9] 0.010328700 0.010748700 0.010639600 0.010335500 0.010769800 0.010806200 0.011016300 0.010442900 0.010609700 0.010764700 
[AVERAGE] 0.011206861 s
[STANDARD DEVIATION] 0.001540214 s

FEN: 6k1/8/6r1/8/5b2/2PR4/4K3/8 w - - 0 0        [0]         [1]         [2]         [3]         [4]         [5]         [6]         [7]         [8]         [9]
[0] 0.004794900 0.004735100 0.005042900 0.004733100 0.004733300 0.004733400 0.004950300 0.004735100 0.004731900 0.005164300 
[1] 0.004735300 0.004734800 0.005212700 0.004732400 0.004734700 0.005217600 0.004732500 0.004731900 0.004810700 0.004972700 
[2] 0.004735400 0.004729100 0.004894900 0.004738100 0.004738600 0.004934900 0.004738400 0.004732000 0.005044100 0.004732600 
[3] 0.004731900 0.004885000 0.004738900 0.004729600 0.004730400 0.004963300 0.004733500 0.004731600 0.005682800 0.005809000 
[4] 0.005090900 0.005095500 0.004851000 0.004812500 0.005004800 0.004731300 0.004731400 0.005141000 0.004737900 0.004733900 
[5] 0.005108100 0.004740600 0.004737900 0.004735300 0.005353800 0.004736600 0.004735400 0.005100600 0.004735200 0.004732000 
[6] 0.004903000 0.004732900 0.004732200 0.004960100 0.004734400 0.004731300 0.004731500 0.005098200 0.004737900 0.004731200 
[7] 0.005014800 0.004735000 0.004735200 0.005016700 0.004732300 0.004732500 0.005101900 0.004737700 0.004735700 0.004863500 
[8] 0.004803300 0.004731600 0.004731900 0.005943700 0.005578200 0.004854200 0.005202400 0.004734300 0.004733500 0.004980500 
[9] 0.004733600 0.004732900 0.005064700 0.004734700 0.004734600 0.005072800 0.004733200 0.004731900 0.004963400 0.004784800 
[AVERAGE] 0.004874476 s
[STANDARD DEVIATION] 0.000237298 s

----------------------------------- AVERAGES ------------------------------------------


---------- REGULAR POSITIONS ----------

    [AVERAGE (s)]    [STANDARD DEVIATION (s)]
 [0] 0.069957754          0.001115842
 [1] 0.062719948          0.003532995
 [2] 0.095067297          0.009191867
 [3] 0.066032318          0.005172775
 [4] 0.088631667          0.005616096
 [5] 0.206365980          0.007679146
 [6] 0.226735688          0.009554914
 [7] 0.111589206          0.008431471
 [8] 0.120975592          0.007010492
 [9] 0.087389189          0.003958975
[10] 0.115116025          0.006203977
[11] 0.046877490          0.001793751
[12] 0.071293153          0.002590451
[13] 0.029218196          0.001299370
[14] 0.153062207          0.004248060
[15] 0.059431033          0.002996554
[16] 0.249548948          0.002643041
[17] 0.100832926          0.007805104
[18] 0.169312010          0.008168085
[19] 0.093557268          0.006977476

---------- TACTICAL POSITINOS ----------

    [AVERAGE (s)]    [STANDARD DEVIATION (s)]
 [0] 0.017353394          0.001115139
 [1] 0.062733365          0.000973100
 [2] 0.020760434          0.001240519
 [3] 0.231029863          0.056534836
 [4] 0.179691487          0.021626115
 [5] 0.024253418          0.002503879
 [6] 0.098815144          0.008784452
 [7] 0.268364336          0.013393708
 [8] 0.068124127          0.005149676
 [9] 0.144736662          0.012136467
[10] 0.133557728          0.010671622
[11] 0.002719715          0.000336620
[12] 0.056427183          0.002875452
[13] 0.007850628          0.000166580
[14] 0.106416715          0.006772619
[15] 0.006026392          0.000455575
[16] 0.165235735          0.059525914
[17] 0.025669218          0.004109077
[18] 0.089594094          0.005028989
[19] 0.042320986          0.002421032

---------- SMALL POSITIONS ----------

    [AVERAGE (s)]    [STANDARD DEVIATION (s)]
 [0] 0.000073748          0.000000570
 [1] 0.004327359          0.000397624
 [2] 0.004641713          0.000508781
 [3] 0.003041993          0.000333304
 [4] 0.000689269          0.000062652
 [5] 0.007745664          0.000361540
 [6] 0.016840581          0.001328122
 [7] 0.003057955          0.000303892
 [8] 0.043250487          0.003530243
 [9] 0.025725491          0.000524391
[10] 0.003173880          0.000353199
[11] 0.002012379          0.000405761
[12] 0.001241639          0.000077923
[13] 0.002637441          0.000143920
[14] 0.000091543          0.000000742
[15] 0.001509100          0.000085628
[16] 0.002377919          0.000239933
[17] 0.000241584          0.000035959
[18] 0.011206861          0.001540214
[19] 0.004874476          0.000237298


----------------------------------- AVERAGES ------------------------------------------





---------- SUMMARY ----------

0.069957754 0.062719948 0.095067297 0.066032318 0.088631667 0.206365980 0.226735688 0.111589206 0.120975592 0.087389189 0.115116025 0.046877490 0.071293153 0.029218196 0.153062207 0.059431033 0.249548948 0.100832926 0.169312010 0.093557268 
0.017353394 0.062733365 0.020760434 0.231029863 0.179691487 0.024253418 0.098815144 0.268364336 0.068124127 0.144736662 0.133557728 0.002719715 0.056427183 0.007850628 0.106416715 0.006026392 0.165235735 0.025669218 0.089594094 0.042320986 
0.000073748 0.004327359 0.004641713 0.003041993 0.000689269 0.007745664 0.016840581 0.003057955 0.043250487 0.025725491 0.003173880 0.002012379 0.001241639 0.002637441 0.000091543 0.001509100 0.002377919 0.000241584 0.011206861 0.004874476 
0.005929295 0.019829254 0.000950460 
