FEN: rn1q1rk1/pbp2pp1/1p2pb1p/3p4/2PP4/2N1PN2/PP2BPPP/R2QK2R w KQ - 0 10
        [0]         [1]         [2]         [3]         [4]         [5]         [6]         [7]         [8]         [9]
[0] 0.027606000 0.027255000 0.026083100 0.026585100 0.025511600 0.026940700 0.027091400 0.026607200 0.025958900 0.025909800 
[1] 0.026880400 0.030003300 0.033955000 0.028116700 0.025509700 0.039662000 0.038164900 0.034571700 0.030152200 0.034285200 
[2] 0.040841300 0.035977700 0.038837700 0.032503200 0.030949900 0.033978100 0.035536600 0.037535200 0.030106400 0.032646700 
[3] 0.052229800 0.033509400 0.028616800 0.030217000 0.027828700 0.035564400 0.037660400 0.031097400 0.046263300 0.032306700 
[4] 0.036295700 0.030598900 0.034917400 0.027969500 0.033995100 0.025580800 0.025887000 0.027012400 0.026061700 0.025789500 
[5] 0.028386700 0.026043900 0.026397300 0.025064900 0.025419000 0.025444300 0.026059200 0.025684100 0.025356800 0.024759500 
[6] 0.025116900 0.025211700 0.025011400 0.024953500 0.025275200 0.026216900 0.027360000 0.026907800 0.027582300 0.026856100 
[7] 0.027539400 0.025979500 0.027828400 0.027552200 0.027508400 0.027178300 0.026941900 0.025737700 0.028238100 0.025728300 
[8] 0.026107400 0.026143800 0.024756800 0.025820700 0.026605300 0.028451400 0.026461400 0.028546900 0.028164500 0.026718300 
[9] 0.027478400 0.026189300 0.025598700 0.025580500 0.025753900 0.024813100 0.025132500 0.025025800 0.024828300 0.025779100 
[AVERAGE] 0.028984604 s
[STANDARD DEVIATION] 0.004910684 s

FEN: rn1q1rk1/pp2ppbp/2p3p1/3p1b2/2PPn3/1P3NP1/P2NPPBP/R1BQ1RK1 w - - 1 9
        [0]         [1]         [2]         [3]         [4]         [5]         [6]         [7]         [8]         [9]
[0] 0.019208700 0.019382300 0.019657700 0.019369400 0.019240300 0.019039200 0.019772300 0.019426600 0.019005300 0.018953200 
[1] 0.022188000 0.020315600 0.019286600 0.019108300 0.019515500 0.020287900 0.020647900 0.019538500 0.021070100 0.025424700 
[2] 0.020636500 0.022947200 0.021649300 0.019623700 0.020892900 0.020054300 0.020458100 0.020298100 0.019420500 0.021018600 
[3] 0.020705500 0.020511600 0.020538100 0.019896200 0.021137500 0.019426700 0.020535100 0.020053100 0.020547300 0.030039200 
[4] 0.022449500 0.021395700 0.021215300 0.023192700 0.028841000 0.021368000 0.023361100 0.024716000 0.024961100 0.024500800 
[5] 0.020537800 0.021346200 0.022048500 0.021234700 0.020988100 0.024728600 0.021453800 0.026660000 0.021594600 0.020941100 
[6] 0.022057300 0.031034300 0.020302000 0.024203900 0.021689200 0.021596100 0.021717000 0.021324300 0.024063500 0.031038700 
[7] 0.025966400 0.024336100 0.021079100 0.024620400 0.021514000 0.022660300 0.021736100 0.024722500 0.026737500 0.029339300 
[8] 0.024212700 0.021374300 0.020199300 0.019361400 0.019130400 0.019430600 0.019092300 0.019460600 0.018736800 0.018817500 
[9] 0.019789400 0.019915600 0.019374100 0.020521200 0.021870200 0.024059000 0.022999700 0.025325300 0.026469200 0.021253800 
[AVERAGE] 0.021814936 s
[STANDARD DEVIATION] 0.002746954 s

FEN: 1rbq1rk1/pp2ppbp/2n2np1/2pp4/5P2/N1PP1NP1/PP2P1BP/R1BQ1RK1 w - - 3 9
        [0]         [1]         [2]         [3]         [4]         [5]         [6]         [7]         [8]         [9]
[0] 0.033757700 0.029951000 0.029143300 0.029079700 0.029194200 0.028865400 0.032591700 0.029346600 0.045916800 0.040496600 
[1] 0.035549600 0.035991800 0.031915000 0.037016000 0.031831800 0.033986000 0.034012600 0.033800100 0.031887700 0.031447700 
[2] 0.031800500 0.031812800 0.032201100 0.031569000 0.031371300 0.031528500 0.033284000 0.033374600 0.033429600 0.034045600 
[3] 0.032770200 0.031811300 0.032374900 0.029471700 0.029160900 0.029124600 0.032950200 0.034984500 0.034534200 0.032390300 
[4] 0.031187900 0.030847000 0.033285900 0.029681400 0.032725900 0.033979000 0.033198100 0.030249100 0.032331900 0.031645300 
[5] 0.030873100 0.029896500 0.030502500 0.029126000 0.029116800 0.029137800 0.028908800 0.029081400 0.030295000 0.028978000 
[6] 0.028910600 0.029078900 0.029035800 0.028953900 0.028988300 0.030268200 0.031878200 0.032015100 0.029123800 0.029007500 
[7] 0.028940000 0.029055400 0.033705900 0.032692700 0.032516600 0.030923500 0.030944000 0.030632300 0.031282900 0.031581000 
[8] 0.030157400 0.029371100 0.029061300 0.028707200 0.031274700 0.029127100 0.028987100 0.029161300 0.028842100 0.028997000 
[9] 0.028764200 0.028944900 0.028905800 0.028997500 0.028988400 0.029030100 0.029040900 0.028677000 0.029170300 0.029002800 
[AVERAGE] 0.031175613 s
[STANDARD DEVIATION] 0.002652495 s

FEN: r2qkb1r/pp1n1ppp/2p2n2/3pp3/6b1/3P1NP1/PPPNPPBP/R1BQ1RK1 w kq - 0 7
        [0]         [1]         [2]         [3]         [4]         [5]         [6]         [7]         [8]         [9]
[0] 0.019462700 0.019585900 0.019454700 0.019321500 0.019368500 0.019587300 0.019410300 0.019439700 0.022087800 0.020105500 
[1] 0.019891500 0.020227100 0.019836800 0.019364000 0.019820500 0.020127000 0.019681800 0.019300100 0.019287700 0.019615300 
[2] 0.019314800 0.019420400 0.020138100 0.020070400 0.019927700 0.020157000 0.019941000 0.019496500 0.019464600 0.019397200 
[3] 0.020208900 0.022546500 0.022742500 0.022197100 0.022852400 0.022063900 0.022430800 0.022186100 0.021495900 0.021516000 
[4] 0.021709800 0.021167700 0.020383200 0.029414900 0.025735200 0.020437700 0.021217900 0.021521200 0.022897100 0.023091100 
[5] 0.021993600 0.022741000 0.022807700 0.023611100 0.022617600 0.026278000 0.028532100 0.030209900 0.026896000 0.023583900 
[6] 0.023460300 0.025545000 0.023823100 0.024062600 0.023431400 0.023568400 0.023367500 0.023817100 0.023562000 0.034777100 
[7] 0.023106400 0.022791000 0.024641500 0.022640600 0.022347500 0.021409200 0.022209200 0.021440200 0.021436500 0.019841400 
[8] 0.019552600 0.019635800 0.022478600 0.023563900 0.022712400 0.022839900 0.022641000 0.022483000 0.022241900 0.022595000 
[9] 0.022081900 0.022375500 0.021787900 0.021702700 0.021831700 0.022401900 0.029109400 0.023023400 0.023040600 0.022596100 
[AVERAGE] 0.022113634 s
[STANDARD DEVIATION] 0.002616781 s

FEN: rnbqkb1r/pp3pp1/2p1pn1p/8/2pP3B/2N2N2/PP2PPPP/R2QKB1R w KQkq - 0 7
        [0]         [1]         [2]         [3]         [4]         [5]         [6]         [7]         [8]         [9]
[0] 0.032857200 0.032193300 0.031787900 0.031354100 0.030183400 0.029665000 0.031796500 0.031416100 0.030541600 0.031292600 
[1] 0.028082500 0.028152400 0.028197700 0.030572400 0.029535600 0.029943500 0.030470100 0.031711200 0.031224500 0.031618400 
[2] 0.032277800 0.031060100 0.031255600 0.029803900 0.029713700 0.028912300 0.030992100 0.031710700 0.030468400 0.030856900 
[3] 0.028372000 0.028803400 0.030659300 0.027708300 0.028232200 0.028173700 0.029184200 0.028120000 0.027791600 0.028175800 
[4] 0.027987200 0.028203300 0.028100800 0.027792500 0.028365900 0.028897300 0.028209500 0.028671900 0.028563900 0.028129400 
[5] 0.028062900 0.028200100 0.028070600 0.027827900 0.028903800 0.027950000 0.029838500 0.028408900 0.028287600 0.028248900 
[6] 0.028353600 0.028132300 0.028247700 0.028192400 0.029888000 0.028276000 0.028733900 0.028218100 0.027896800 0.028162400 
[7] 0.028384900 0.029079000 0.029171000 0.028813200 0.028069400 0.027903900 0.028305400 0.028963600 0.028994700 0.028787800 
[8] 0.028256000 0.027874600 0.028233800 0.027954600 0.028491700 0.028888800 0.028263300 0.027828500 0.028277300 0.028549000 
[9] 0.028107300 0.028202500 0.028233800 0.028244400 0.028269100 0.028206600 0.028214200 0.027827100 0.029896100 0.028297100 
[AVERAGE] 0.029082788 s
[STANDARD DEVIATION] 0.001307888 s

FEN: r3k2r/pppqb1pp/2np1n2/4p2b/P1B1P3/2N1BN1P/1PP2PP1/R2Q1RK1 b kq - 0 11
        [0]         [1]         [2]         [3]         [4]         [5]         [6]         [7]         [8]         [9]
[0] 0.063926300 0.061831500 0.064245200 0.062975900 0.061774600 0.061757900 0.061750300 0.065489200 0.062466800 0.090554400 
[1] 0.090630500 0.078199800 0.079151600 0.069326900 0.076164500 0.081587500 0.075421500 0.074195200 0.080411100 0.076609300 
[2] 0.065076800 0.061699900 0.062950000 0.062505500 0.061566000 0.061811000 0.061724200 0.062264200 0.061615000 0.061784100 
[3] 0.061600300 0.062367900 0.062772600 0.062925300 0.061929600 0.061722800 0.061729500 0.061831900 0.061595500 0.062330700 
[4] 0.061923700 0.063383300 0.061686800 0.061859100 0.061737900 0.062281000 0.061888500 0.062108900 0.062407100 0.061931400 
[5] 0.061974800 0.061701200 0.062333400 0.061715000 0.061432700 0.061858800 0.061766600 0.061705900 0.062632800 0.062111200 
[6] 0.061761500 0.061526000 0.061781700 0.064897000 0.062813900 0.061899600 0.061420000 0.062786900 0.062061400 0.061760100 
[7] 0.061749500 0.064147500 0.061883500 0.061723000 0.061777300 0.061775100 0.061599900 0.061632600 0.062233400 0.061765400 
[8] 0.061954800 0.061710800 0.061458600 0.061769200 0.061683900 0.062757200 0.062686200 0.061599000 0.062721400 0.061765600 
[9] 0.061533900 0.061354300 0.061724100 0.061647300 0.061678300 0.062817000 0.063526400 0.061638900 0.061695100 0.061767800 
[AVERAGE] 0.064051980 s
[STANDARD DEVIATION] 0.005789126 s

FEN: r3k2r/1ppqb1pp/p1np1n2/4p2b/P1B1P3/2N1BN1P/1PP2PP1/R2QR1K1 b kq - 1 12
        [0]         [1]         [2]         [3]         [4]         [5]         [6]         [7]         [8]         [9]
[0] 0.066087700 0.066499100 0.066200200 0.066149300 0.066202400 0.066471400 0.066291600 0.067118700 0.066143900 0.066388600 
[1] 0.066070500 0.066352700 0.067334200 0.066615500 0.066747100 0.066679600 0.066825100 0.066182700 0.066598700 0.066374900 
[2] 0.066774700 0.066586400 0.067524500 0.066299700 0.066239900 0.066039200 0.069990600 0.067930900 0.066452100 0.068831400 
[3] 0.066426100 0.067011100 0.066340800 0.067217500 0.067563800 0.066146400 0.066169300 0.066402600 0.066501100 0.066363000 
[4] 0.066303500 0.066315800 0.067462100 0.066320400 0.066446200 0.066224900 0.066645800 0.067394600 0.066300800 0.066248900 
[5] 0.066479400 0.066429800 0.065993300 0.066087500 0.066700900 0.066695400 0.066191900 0.066243000 0.066954100 0.067172900 
[6] 0.066059000 0.066566900 0.066174300 0.067689900 0.066074700 0.066767900 0.067980900 0.066190300 0.067060400 0.072822000 
[7] 0.066326000 0.066777000 0.066338500 0.067820700 0.067807200 0.066038200 0.066511600 0.069251500 0.066775300 0.066805700 
[8] 0.066651700 0.066494900 0.066260700 0.066544500 0.066211900 0.066555400 0.069485700 0.066291200 0.066572800 0.068765100 
[9] 0.066587100 0.066498900 0.068852200 0.066612800 0.066561300 0.066322700 0.066233100 0.066225000 0.066394400 0.066275300 
[AVERAGE] 0.066789909 s
[STANDARD DEVIATION] 0.000983381 s

FEN: rn1qkb1r/1pp2ppp/p3bn2/3p2B1/3P4/2N1PN2/PP3PPP/R2QKB1R b KQkq - 0 7
        [0]         [1]         [2]         [3]         [4]         [5]         [6]         [7]         [8]         [9]
[0] 0.034244000 0.034371700 0.034295100 0.035425800 0.034336700 0.034365500 0.034251900 0.034351600 0.034251600 0.034433300 
[1] 0.034138800 0.034909600 0.034297300 0.034622800 0.034091200 0.034379600 0.034219800 0.034474700 0.036913000 0.034509800 
[2] 0.034212300 0.036139100 0.034467900 0.036422900 0.034595000 0.034322200 0.034075600 0.034336200 0.034535100 0.034198900 
[3] 0.034249000 0.034229700 0.034299900 0.034685700 0.034153100 0.034310200 0.034421700 0.034345000 0.034521600 0.034199500 
[4] 0.034215100 0.034288400 0.034247800 0.034516600 0.034434800 0.034170600 0.034340900 0.034302100 0.034429000 0.034154100 
[5] 0.034189400 0.037972300 0.039479800 0.038214000 0.036179500 0.034476300 0.034115700 0.034284900 0.034572400 0.034200100 
[6] 0.034285000 0.034524500 0.034257000 0.034482400 0.034204200 0.034485900 0.034104800 0.034270500 0.034681600 0.034277700 
[7] 0.034985800 0.034858600 0.035793300 0.040167900 0.040319400 0.039493400 0.040333700 0.038852900 0.055419300 0.044600900 
[8] 0.044519400 0.043225500 0.042393400 0.037655700 0.035457900 0.036350600 0.035463700 0.034853500 0.034521600 0.034347000 
[9] 0.034167000 0.034414500 0.034505800 0.034745900 0.034321700 0.035212300 0.037396700 0.038798400 0.039136700 0.038789200 
[AVERAGE] 0.035710635 s
[STANDARD DEVIATION] 0.003050332 s

FEN: r2qkb1r/1p1n1p1p/p1bpp3/2p5/4P3/2N3QP/PPP2PP1/R1B1RBK1 b kq - 1 13
        [0]         [1]         [2]         [3]         [4]         [5]         [6]         [7]         [8]         [9]
[0] 0.044022200 0.042525200 0.040848900 0.039907000 0.042381600 0.042064000 0.042525100 0.044859100 0.045136400 0.043607200 
[1] 0.043245700 0.046041300 0.042031600 0.039805400 0.039584400 0.042636400 0.042809900 0.043382500 0.039923500 0.038853500 
[2] 0.038992000 0.038830900 0.038953100 0.038876200 0.038895200 0.038763900 0.039010700 0.038823700 0.039062100 0.038717100 
[3] 0.042664300 0.039509800 0.038988900 0.039054100 0.038865700 0.038942300 0.038653900 0.039226400 0.042191600 0.043766900 
[4] 0.043181900 0.040854900 0.039136700 0.039055900 0.040241400 0.043417200 0.044854600 0.045499200 0.045784500 0.043665500 
[5] 0.044364300 0.043767500 0.043436100 0.040128900 0.040470200 0.042033200 0.042863700 0.043345300 0.043110700 0.040266500 
[6] 0.039502500 0.039994100 0.038753100 0.042773700 0.040911100 0.040492300 0.040895400 0.039140100 0.039138500 0.040374000 
[7] 0.039755300 0.041168300 0.039282600 0.038744000 0.038988400 0.038590300 0.039056300 0.038771900 0.039489000 0.038839500 
[8] 0.038969000 0.038833900 0.039044500 0.038768300 0.038988700 0.041109800 0.042330100 0.042414600 0.040974300 0.039076900 
[9] 0.040641200 0.046671800 0.044663700 0.045422600 0.045157800 0.045701400 0.043989400 0.042119500 0.039438400 0.038949800 
[AVERAGE] 0.041143840 s
[STANDARD DEVIATION] 0.002281182 s

FEN: rn1q1rk1/p1p2ppp/bp3n2/3p4/1b1P4/2N1PN2/PPBB1PPP/R2QK2R b KQ - 3 9
        [0]         [1]         [2]         [3]         [4]         [5]         [6]         [7]         [8]         [9]
[0] 0.029050500 0.029123600 0.028870700 0.030248300 0.029684400 0.029058400 0.029231900 0.029191700 0.029136600 0.029113900 
[1] 0.028831200 0.029131600 0.029269700 0.028970900 0.032415100 0.030806500 0.029149500 0.029161900 0.029288800 0.029269600 
[2] 0.028886400 0.029125100 0.030395200 0.029598200 0.029134700 0.029220900 0.030638500 0.031737500 0.031576400 0.031669400 
[3] 0.031319200 0.032501500 0.032419000 0.031419400 0.030151400 0.030567200 0.035751900 0.033377100 0.030788600 0.031212100 
[4] 0.030561900 0.031049100 0.030889500 0.031128000 0.031790500 0.031842300 0.031728900 0.032729200 0.030777000 0.030888800 
[5] 0.030914000 0.030926400 0.030830600 0.030777800 0.030840600 0.030833800 0.030869000 0.030647300 0.030960600 0.031043400 
[6] 0.030720800 0.030774100 0.030923100 0.031137600 0.029701300 0.031734200 0.029376200 0.031573800 0.029459600 0.029258900 
[7] 0.029112600 0.029113100 0.028844400 0.030200800 0.029434900 0.028957500 0.029255900 0.029034000 0.029003800 0.029196200 
[8] 0.031180600 0.030737500 0.029164000 0.029103800 0.029164800 0.029226100 0.028897600 0.028945600 0.028974000 0.029124000 
[9] 0.029483000 0.028939100 0.029209500 0.029104000 0.028722500 0.029071400 0.029131400 0.029126800 0.029238700 0.028990000 
[AVERAGE] 0.030148704 s
[STANDARD DEVIATION] 0.001251938 s

FEN: rnbq1rk1/pp2bppp/4pn2/3p4/2PN4/6P1/PPQ1PPBP/RNB2RK1 b - - 0 8
        [0]         [1]         [2]         [3]         [4]         [5]         [6]         [7]         [8]         [9]
[0] 0.036637900 0.037964600 0.037088500 0.037864000 0.036302500 0.036190800 0.037290900 0.035540000 0.036719900 0.037629400 
[1] 0.036054800 0.036405500 0.035559100 0.035199500 0.035529000 0.035354700 0.035566900 0.035189900 0.035210200 0.035067400 
[2] 0.035438800 0.035060800 0.035224300 0.035557500 0.035129700 0.035315300 0.035346600 0.035591900 0.035333700 0.035259100 
[3] 0.035092600 0.035515100 0.035260200 0.035215800 0.035244800 0.035506400 0.035206200 0.035165400 0.035271400 0.037288900 
[4] 0.037169700 0.035367000 0.035516300 0.035440500 0.035453000 0.035214100 0.035693400 0.035229200 0.035523000 0.035710900 
[5] 0.035210300 0.035597200 0.035570800 0.035894200 0.035515000 0.035304500 0.035299200 0.035606800 0.035239400 0.037138100 
[6] 0.038961600 0.037321800 0.035593000 0.035616500 0.035873100 0.035329100 0.035360600 0.037304500 0.039565400 0.038633600 
[7] 0.037157300 0.037279100 0.035574600 0.035244600 0.037335000 0.035859800 0.035597000 0.035222000 0.035557600 0.035340900 
[8] 0.036774000 0.035664700 0.035594200 0.035544300 0.037219300 0.037014200 0.037428800 0.036118500 0.035222900 0.035543400 
[9] 0.035705600 0.035970700 0.035859600 0.035791500 0.035884000 0.035390900 0.035490800 0.035569900 0.035301300 0.035277000 
[AVERAGE] 0.035931753 s
[STANDARD DEVIATION] 0.000926659 s

FEN: rnbqkb1r/pp1p1ppp/4pn2/2p5/2PP4/4PN2/PP3PPP/RNBQKB1R b KQkq - 0 4
        [0]         [1]         [2]         [3]         [4]         [5]         [6]         [7]         [8]         [9]
[0] 0.015595400 0.015537200 0.015807400 0.015719600 0.015554700 0.015858500 0.015470100 0.015513700 0.015611400 0.015541800 
[1] 0.015573400 0.015889300 0.015735000 0.015660600 0.015759400 0.016355300 0.015515900 0.015645500 0.015551100 0.015578300 
[2] 0.015822500 0.015558900 0.015568800 0.015548700 0.016534900 0.015771100 0.016044100 0.015505400 0.015555800 0.015650900 
[3] 0.015559300 0.015524900 0.015720000 0.015549900 0.015796200 0.015849000 0.015465000 0.015576200 0.015552700 0.015589800 
[4] 0.015565200 0.016673400 0.015565900 0.015498700 0.015687100 0.015488100 0.015618600 0.015730300 0.017562900 0.016704000 
[5] 0.015942400 0.015736900 0.015814100 0.015622200 0.015532500 0.015572300 0.015726200 0.015510700 0.015764100 0.015499000 
[6] 0.015417500 0.015673900 0.015559500 0.015685800 0.015639900 0.015552500 0.015573100 0.015680500 0.015571100 0.015470900 
[7] 0.015541400 0.015511300 0.015488300 0.016177800 0.015461700 0.015853700 0.015634700 0.015517300 0.015568500 0.015746200 
[8] 0.015559900 0.015439600 0.015482100 0.015549600 0.015543800 0.015643700 0.015543100 0.015456000 0.015599000 0.015517600 
[9] 0.015535800 0.015621100 0.015541800 0.015914700 0.015900300 0.015873900 0.015951900 0.015649500 0.015549000 0.015549900 
[AVERAGE] 0.015687802 s
[STANDARD DEVIATION] 0.000299495 s

FEN: rnbqk2r/ppp2ppp/4pn2/3p4/1bPP4/2N2P2/PP2P1PP/R1BQKBNR w KQkq - 0 5
        [0]         [1]         [2]         [3]         [4]         [5]         [6]         [7]         [8]         [9]
[0] 0.021554300 0.021513400 0.021711800 0.021454400 0.021794900 0.021647100 0.021545400 0.022865700 0.021762200 0.022038800 
[1] 0.021667700 0.021950900 0.021837300 0.021465400 0.021674500 0.021713300 0.021536600 0.021801900 0.021610100 0.021669700 
[2] 0.022010000 0.023020400 0.024446200 0.023380700 0.023951700 0.024142900 0.022249300 0.021643200 0.021519600 0.023132700 
[3] 0.021792200 0.023073600 0.021671100 0.022076500 0.021545600 0.021444400 0.021827800 0.021582300 0.021913600 0.021523000 
[4] 0.021613400 0.021737000 0.021669700 0.021804000 0.021818200 0.021555500 0.021834900 0.021555800 0.021872100 0.021727100 
[5] 0.021600300 0.021908700 0.021507800 0.021681000 0.021660700 0.021584100 0.021687600 0.021753800 0.021415300 0.021849800 
[6] 0.021520300 0.021839700 0.021456000 0.021461300 0.021951400 0.021581600 0.021625000 0.021702200 0.021679100 0.021779100 
[7] 0.021662600 0.022009400 0.021839700 0.021648500 0.021781300 0.021551500 0.022312900 0.021818800 0.021587200 0.021975000 
[8] 0.021539000 0.021601700 0.021773800 0.021689400 0.022187700 0.022011900 0.021728800 0.021863200 0.021483300 0.022073300 
[9] 0.021562500 0.021524000 0.021930100 0.021466700 0.021695100 0.021646600 0.021623300 0.021809900 0.021645600 0.021546300 
[AVERAGE] 0.021857838 s
[STANDARD DEVIATION] 0.000540436 s

FEN: rnbqr1k1/pp1p1ppp/2p2n2/4p3/2P1P3/2P2PP1/P2P1K1P/R1BQ1BNR w - - 0 8
        [0]         [1]         [2]         [3]         [4]         [5]         [6]         [7]         [8]         [9]
[0] 0.010762700 0.013129500 0.011400600 0.010713900 0.010756800 0.010805300 0.010479700 0.010900100 0.010708000 0.010515600 
[1] 0.010658000 0.010679800 0.010715800 0.010474800 0.010824400 0.010716400 0.010477600 0.012680000 0.011724900 0.011065600 
[2] 0.010477800 0.010672600 0.010895900 0.010474100 0.010780200 0.011084700 0.010505200 0.010879700 0.010812000 0.010489400 
[3] 0.011128600 0.010852500 0.010474700 0.010766200 0.010727900 0.010882500 0.010479400 0.010743700 0.010731100 0.010476400 
[4] 0.010795800 0.010707900 0.010472900 0.010661600 0.010668700 0.010476100 0.010818300 0.010780500 0.010474100 0.010814100 
[5] 0.010759400 0.010480300 0.010975300 0.011085900 0.010967900 0.010761400 0.011011200 0.012746400 0.010723900 0.010821500 
[6] 0.010781600 0.010696700 0.010484200 0.010765000 0.010745000 0.010476600 0.010814100 0.010744700 0.010554300 0.010749100 
[7] 0.010861300 0.010478300 0.010797500 0.010760700 0.010527700 0.011333200 0.010791600 0.010728000 0.010497000 0.010802000 
[8] 0.010722000 0.010506500 0.010702400 0.010846500 0.010521400 0.010732400 0.010842200 0.010469700 0.010896900 0.010688800 
[9] 0.010479800 0.010759600 0.012064800 0.011313400 0.010869300 0.010928200 0.010984400 0.010537000 0.010802600 0.011044800 
[AVERAGE] 0.010826286 s
[STANDARD DEVIATION] 0.000440137 s

FEN: r1bq1rk1/1p2bppp/p1n1pn2/8/P1BP4/2N1BN2/1P3PPP/R2Q1RK1 w - - 3 11
        [0]         [1]         [2]         [3]         [4]         [5]         [6]         [7]         [8]         [9]
[0] 0.051883100 0.051760600 0.052316300 0.051824500 0.052016000 0.052157600 0.051941600 0.051939500 0.052235200 0.052076500 
[1] 0.052069900 0.052006300 0.051937600 0.052766800 0.056063500 0.056502200 0.055206300 0.055427900 0.055145000 0.055343300 
[2] 0.055159100 0.054973700 0.054988200 0.055640900 0.055693900 0.052370000 0.052357600 0.051953000 0.051959200 0.052293200 
[3] 0.051863900 0.051936400 0.052133800 0.051860200 0.051895600 0.052342000 0.052025200 0.057354300 0.056638900 0.052455200 
[4] 0.052018100 0.051857900 0.052226900 0.061554500 0.058056500 0.055215400 0.054307800 0.052014200 0.051907100 0.052150800 
[5] 0.052053400 0.052479500 0.052542800 0.051903700 0.051909500 0.052525100 0.052920600 0.052027000 0.052171100 0.054152100 
[6] 0.052682300 0.053335300 0.053784600 0.052134600 0.053066000 0.056503200 0.052258900 0.051985700 0.052182200 0.051965500 
[7] 0.052512600 0.052250900 0.051992400 0.055410700 0.052940200 0.052548700 0.051845900 0.051896100 0.052058800 0.051942700 
[8] 0.051917400 0.052158400 0.051940500 0.055166700 0.052592700 0.052072000 0.051887400 0.051948000 0.052048800 0.051914000 
[9] 0.051936000 0.052295800 0.051805600 0.051942600 0.052269600 0.055461900 0.055994300 0.059953500 0.057172000 0.055205600 
[AVERAGE] 0.053194881 s
[STANDARD DEVIATION] 0.001930505 s

FEN: rn1q1rk1/pbpp1ppp/8/3nP3/2BP4/5PP1/P6P/R1BQK1NR w KQ - 1 11
        [0]         [1]         [2]         [3]         [4]         [5]         [6]         [7]         [8]         [9]
[0] 0.024510400 0.024620200 0.024849300 0.024576100 0.024651700 0.024562200 0.024555200 0.024843400 0.024541400 0.024694000 
[1] 0.024411000 0.024540100 0.024328100 0.024892700 0.024824400 0.024236000 0.023567400 0.023055600 0.023342600 0.023010000 
[2] 0.022961700 0.023302600 0.022954500 0.023262600 0.023008100 0.023278200 0.022928100 0.023324900 0.023947800 0.023296800 
[3] 0.024129100 0.023997000 0.023260300 0.023202700 0.023139900 0.023322500 0.022982200 0.023235700 0.023134500 0.022894700 
[4] 0.023303400 0.022908100 0.023602200 0.022971300 0.023435200 0.022977600 0.023340900 0.023175700 0.023634800 0.024889700 
[5] 0.024709200 0.024527700 0.024767600 0.024259300 0.024377200 0.023393800 0.025188400 0.023983800 0.023565800 0.023331500 
[6] 0.022999100 0.023731800 0.023577100 0.023438700 0.022867900 0.023214500 0.023145000 0.023031000 0.023102400 0.023255100 
[7] 0.023528500 0.022949000 0.023374200 0.023004800 0.023347600 0.022996700 0.023494700 0.022994100 0.027039200 0.024075100 
[8] 0.025353900 0.023595500 0.022982900 0.023264500 0.022934700 0.023080500 0.022945500 0.023350800 0.022978100 0.023226200 
[9] 0.022929700 0.023215800 0.023361100 0.023017800 0.023317100 0.022903800 0.023282800 0.023016600 0.025362700 0.024048900 
[AVERAGE] 0.023658543 s
[STANDARD DEVIATION] 0.000763378 s

FEN: r2qk2r/1p1n1ppp/p1pbbn2/3p2B1/3P4/2NBPN1P/PP3PP1/R2QK2R w KQkq - 0 10
        [0]         [1]         [2]         [3]         [4]         [5]         [6]         [7]         [8]         [9]
[0] 0.082176500 0.079836400 0.082734300 0.081519000 0.080040500 0.080086400 0.080133100 0.079940500 0.080052300 0.079896400 
[1] 0.083412400 0.079978600 0.080067000 0.080464500 0.080002200 0.086860900 0.099254000 0.084317200 0.091849400 0.084406200 
[2] 0.084515800 0.093151400 0.087157700 0.085683100 0.085181400 0.085974700 0.085354100 0.085066000 0.083018900 0.085214800 
[3] 0.086508400 0.090377300 0.085815800 0.085476200 0.085000500 0.085023200 0.085040000 0.084937600 0.081058400 0.080260700 
[4] 0.079959400 0.080195700 0.080303800 0.079970700 0.080082100 0.080653900 0.080172500 0.079952800 0.080129400 0.080102700 
[5] 0.081693700 0.082578800 0.080107200 0.080382800 0.080151300 0.079883400 0.079837900 0.079998900 0.080109900 0.080234100 
[6] 0.080156700 0.080032600 0.082964100 0.081409500 0.082095300 0.088128100 0.093260300 0.093587400 0.100284900 0.097665900 
[7] 0.091177300 0.091114500 0.090194900 0.080114100 0.080156900 0.083419700 0.091052600 0.091365400 0.083575400 0.079978300 
[8] 0.079870200 0.080123600 0.080105200 0.080156300 0.080416300 0.084067500 0.092197000 0.088234100 0.081567700 0.085471200 
[9] 0.090592100 0.082135000 0.080565800 0.079757200 0.082666200 0.080297800 0.080144400 0.081369900 0.085706200 0.081150200 
[AVERAGE] 0.083716726 s
[STANDARD DEVIATION] 0.004707691 s

FEN: r1bq1rk1/pp2bppp/2n1pn2/2pp4/P3PB2/3P1NP1/1PP2PBP/RN1Q1RK1 b - - 2 8
        [0]         [1]         [2]         [3]         [4]         [5]         [6]         [7]         [8]         [9]
[0] 0.030335800 0.030095900 0.030760300 0.030060000 0.030134300 0.029873100 0.029966300 0.030618000 0.030727600 0.029698700 
[1] 0.030484600 0.029985400 0.030127800 0.030182700 0.029977800 0.030727000 0.030293000 0.029997100 0.030091800 0.030024800 
[2] 0.029856400 0.030074000 0.029937700 0.029756700 0.029981300 0.029968200 0.030205200 0.030024200 0.029894800 0.031406900 
[3] 0.029977200 0.030887600 0.030088700 0.030062400 0.029953400 0.030335100 0.029964100 0.029644900 0.029972200 0.030803400 
[4] 0.030030000 0.030092800 0.030023900 0.030058500 0.030004500 0.030722800 0.030190500 0.030104000 0.029829500 0.029906000 
[5] 0.030028000 0.029742100 0.030076400 0.029924400 0.030052500 0.030073400 0.029901400 0.030139400 0.030192800 0.030011500 
[6] 0.030050500 0.030034000 0.029888800 0.030049700 0.029924400 0.030095200 0.030110300 0.030003700 0.030058500 0.030144200 
[7] 0.029936200 0.030018700 0.030073600 0.029840000 0.030258000 0.030062700 0.029996800 0.029762000 0.030331000 0.029901000 
[8] 0.030140900 0.029954600 0.029947300 0.029967600 0.029838500 0.029989700 0.030079600 0.030052800 0.030118400 0.029739600 
[9] 0.030554400 0.029876400 0.029983800 0.030118000 0.030040300 0.030010400 0.030061500 0.030886100 0.029989900 0.030042900 
[AVERAGE] 0.030099928 s
[STANDARD DEVIATION] 0.000280382 s

FEN: r1bqr1k1/ppp2ppp/2n5/2bnp3/8/2NP1NP1/PP2PPBP/R1BQ1RK1 w - - 1 9
        [0]         [1]         [2]         [3]         [4]         [5]         [6]         [7]         [8]         [9]
[0] 0.049572000 0.049575400 0.049578200 0.049771500 0.049954100 0.049712900 0.049576500 0.049543400 0.049520400 0.049978700 
[1] 0.049592900 0.049728800 0.049665500 0.049780700 0.050049500 0.049608500 0.049892200 0.055492100 0.051015400 0.049767200 
[2] 0.050807900 0.053445700 0.053307500 0.053853400 0.053429200 0.052703000 0.052958500 0.052965800 0.053207800 0.053039600 
[3] 0.052695300 0.052609400 0.053025000 0.052989400 0.050387200 0.049923800 0.050516500 0.049737900 0.049573600 0.049593000 
[4] 0.049949700 0.049831500 0.049531300 0.049701000 0.049621500 0.050323200 0.049836500 0.049524700 0.049670900 0.049638000 
[5] 0.049738700 0.049791600 0.050008700 0.049781300 0.050480000 0.049677300 0.049982200 0.049579400 0.049627700 0.049388200 
[6] 0.052224600 0.054569700 0.050113300 0.049605300 0.051978900 0.055794300 0.056371700 0.055338800 0.055342300 0.053587400 
[7] 0.052584300 0.052675700 0.052689100 0.052787300 0.052900100 0.052710600 0.053299800 0.049837300 0.049552600 0.049663400 
[8] 0.049622500 0.050025600 0.049704000 0.049541300 0.049718800 0.050318000 0.050398500 0.049956300 0.049552400 0.049635000 
[9] 0.050297700 0.050764200 0.049705300 0.049668800 0.049615500 0.056062500 0.050207300 0.050003200 0.049565700 0.049784300 
[AVERAGE] 0.050956022 s
[STANDARD DEVIATION] 0.001845059 s

FEN: rnbqk2r/ppp2pp1/5n1p/3p4/1b1P3B/2N2N2/PP2PPPP/R2QKB1R b KQkq - 1 7
        [0]         [1]         [2]         [3]         [4]         [5]         [6]         [7]         [8]         [9]
[0] 0.028645900 0.028597500 0.028607800 0.028691300 0.028560100 0.028600300 0.028618200 0.028671700 0.028392600 0.028590100 
[1] 0.028915200 0.031426000 0.028936300 0.028755400 0.028750200 0.028308500 0.028638100 0.028553100 0.028681500 0.028606300 
[2] 0.028590000 0.028487900 0.028576400 0.028492100 0.028702900 0.028713500 0.028663100 0.028316600 0.028678100 0.028742500 
[3] 0.028710000 0.028672100 0.028766600 0.028405600 0.028993800 0.028629700 0.028709400 0.028607700 0.028562800 0.028404800 
[4] 0.028801700 0.028753100 0.028774100 0.028582100 0.028702900 0.028281200 0.028670200 0.028615900 0.028512500 0.028466400 
[5] 0.028628900 0.028672000 0.029106100 0.028532800 0.028674400 0.028527300 0.028601800 0.029242500 0.028732400 0.028678500 
[6] 0.028633200 0.028891600 0.028607600 0.028860600 0.028581300 0.028677600 0.028593800 0.028673300 0.028760500 0.028631200 
[7] 0.028363100 0.029301100 0.038521400 0.038998700 0.035824900 0.039380700 0.036190600 0.035137900 0.034455800 0.032376000 
[8] 0.033698300 0.033251000 0.034580600 0.034885300 0.032796000 0.032197600 0.032314700 0.031633400 0.033279900 0.030412600 
[9] 0.029756800 0.035517100 0.029585500 0.028845000 0.028413800 0.028801500 0.028667400 0.028540900 0.028400400 0.028683400 
[AVERAGE] 0.029812506 s
[STANDARD DEVIATION] 0.002528646 s

FEN: 2r5/1p2kp2/p3pn1P/6R1/6p1/2P3P1/2PR4/6K1 b - - 4 31
        [0]         [1]         [2]         [3]         [4]         [5]         [6]         [7]         [8]         [9]
[0] 0.009243700 0.008824000 0.009080700 0.008976300 0.008821700 0.009238300 0.008823200 0.009070200 0.008813600 0.009091200 
[1] 0.009414900 0.008817200 0.009020500 0.008813400 0.009015500 0.008820500 0.009225100 0.009064500 0.008815200 0.009056900 
[2] 0.008814100 0.009163800 0.008818600 0.009044300 0.009002900 0.008811300 0.009093000 0.008817000 0.009070200 0.008811900 
[3] 0.009077100 0.009130900 0.008821700 0.009864400 0.008814800 0.009051500 0.009180300 0.008815500 0.009003900 0.009433000 
[4] 0.011035700 0.010325200 0.011562900 0.009985400 0.010306600 0.010538900 0.010693000 0.010371200 0.010486000 0.009957600 
[5] 0.009373700 0.009084900 0.009221100 0.010005100 0.009901500 0.011547700 0.009744300 0.009207700 0.009208100 0.009295600 
[6] 0.009773400 0.009402000 0.009042100 0.009211700 0.009129900 0.010547300 0.010898700 0.009951800 0.011829600 0.010326900 
[7] 0.009089600 0.009590700 0.009272000 0.009003300 0.009417200 0.008921000 0.009965700 0.010529100 0.009368900 0.009114600 
[8] 0.009749600 0.010617600 0.010296800 0.009309900 0.009734400 0.010016200 0.010285300 0.010155300 0.009483500 0.009101500 
[9] 0.009989800 0.010181700 0.009417100 0.008950700 0.009203900 0.009444000 0.011369900 0.009550400 0.009204500 0.009254300 
[AVERAGE] 0.009522409 s
[STANDARD DEVIATION] 0.000702666 s

FEN: 1r4k1/p5p1/5p1p/q2p4/2rPn3/b1PQRN1P/P1RB1PP1/6K1 w - - 1 2
        [0]         [1]         [2]         [3]         [4]         [5]         [6]         [7]         [8]         [9]
[0] 0.022978500 0.024481500 0.025022400 0.023183000 0.025597800 0.024771000 0.025968200 0.025828800 0.024994600 0.024368600 
[1] 0.023992600 0.024950700 0.024739100 0.023744000 0.023930200 0.023174200 0.022849800 0.024264600 0.025243000 0.025527800 
[2] 0.023216400 0.023697100 0.023617700 0.023720200 0.025596000 0.023391400 0.023775500 0.023063900 0.023086100 0.023470400 
[3] 0.023419100 0.023198700 0.023268500 0.022900000 0.023068800 0.022832200 0.022982200 0.023091700 0.022919500 0.023164300 
[4] 0.022813300 0.023263300 0.024431900 0.023599600 0.023095100 0.023427500 0.025820800 0.024829100 0.025021700 0.023248800 
[5] 0.027417500 0.023668000 0.025877200 0.023520700 0.024057400 0.025251000 0.023615100 0.023912500 0.023698000 0.023245200 
[6] 0.023631900 0.024865000 0.025539900 0.024616900 0.024937400 0.022899100 0.023425000 0.022793800 0.023248900 0.023217800 
[7] 0.023238100 0.025039100 0.023872100 0.025678600 0.023328600 0.024832800 0.024929900 0.025854100 0.023662500 0.023822200 
[8] 0.023285700 0.023118500 0.023162900 0.022870100 0.022697700 0.023076500 0.022870300 0.024463300 0.024652800 0.023499000 
[9] 0.023683000 0.023299700 0.022931600 0.023428000 0.027420000 0.023874900 0.025597800 0.023575400 0.023795300 0.022965100 
[AVERAGE] 0.023986051 s
[STANDARD DEVIATION] 0.001038575 s

FEN: 5rk1/rNR2ppp/P3p3/3p4/2p5/2n1P3/R4PPP/6K1 w - - 0 1
        [0]         [1]         [2]         [3]         [4]         [5]         [6]         [7]         [8]         [9]
[0] 0.009616100 0.009378000 0.009643600 0.009787300 0.009367600 0.009758800 0.009525400 0.010568800 0.016471700 0.009711200 
[1] 0.009836100 0.011323000 0.010400200 0.009685900 0.009872200 0.009460000 0.010919600 0.010564900 0.009709300 0.009479600 
[2] 0.009783700 0.012931100 0.010360500 0.009598900 0.010899000 0.010536000 0.010474900 0.009884900 0.009461400 0.009954500 
[3] 0.009524400 0.009858200 0.011824500 0.010463300 0.009711600 0.009569400 0.009901300 0.009796200 0.010260300 0.011038600 
[4] 0.010170600 0.009578500 0.009759200 0.009710500 0.010142400 0.009762100 0.009718500 0.011281800 0.010350000 0.009626200 
[5] 0.010117600 0.009651600 0.009709700 0.009774000 0.010337800 0.011694600 0.010124000 0.009850500 0.009862000 0.009392500 
[6] 0.009735100 0.009469000 0.009712800 0.009898400 0.009368200 0.009821700 0.009554600 0.009394300 0.009651100 0.009367000 
[7] 0.009738000 0.009641500 0.009375100 0.009658800 0.009366200 0.009779900 0.009660900 0.009370100 0.009631000 0.009738700 
[8] 0.009368100 0.009610100 0.009369400 0.009628800 0.010263200 0.010542800 0.010194700 0.009570300 0.010629000 0.011741000 
[9] 0.009927000 0.009458600 0.009736500 0.009494800 0.010278100 0.009723500 0.009372400 0.009567400 0.009486500 0.009541300 
[AVERAGE] 0.010009620 s
[STANDARD DEVIATION] 0.000895567 s

FEN: r1bk2r1/ppp1n2p/3q3Q/1B2Np2/4n3/2P5/PP3PPP/RN3RK1 b - - 2 16
        [0]         [1]         [2]         [3]         [4]         [5]         [6]         [7]         [8]         [9]
[0] 0.069113600 0.069759700 0.068931900 0.069354600 0.068764700 0.070794700 0.071223900 0.070182500 0.068824600 0.075447500 
[1] 0.078387900 0.073639100 0.071125300 0.069090000 0.075042100 0.072568600 0.068923700 0.069231600 0.068767200 0.069156300 
[2] 0.068773000 0.070703400 0.069468800 0.068859900 0.069383900 0.071500600 0.069285900 0.075505100 0.070390600 0.071960600 
[3] 0.073079100 0.069631500 0.071890800 0.073107900 0.072697300 0.070170900 0.074368500 0.072094800 0.071053500 0.072891000 
[4] 0.073266300 0.070255700 0.073400800 0.071679800 0.073264000 0.072374900 0.070380100 0.073360200 0.073430500 0.071096500 
[5] 0.071773900 0.074434700 0.074380500 0.075117600 0.069865600 0.069088700 0.071746800 0.073428600 0.072221900 0.074090100 
[6] 0.069140500 0.068808700 0.071701600 0.069954600 0.069771200 0.070635100 0.070738600 0.069173600 0.070076000 0.069672000 
[7] 0.069197400 0.068551700 0.069131100 0.070442600 0.069383700 0.070345600 0.068881800 0.085160600 0.072142700 0.070029400 
[8] 0.085900700 0.094356800 0.095764000 0.075215300 0.074683900 0.077444900 0.084615900 0.095311600 0.097047700 0.104745600 
[9] 0.105552500 0.101720400 0.088926700 0.081873300 0.084801200 0.079729800 0.101378900 0.087798600 0.075689800 0.069164400 
[AVERAGE] 0.074684643 s
[STANDARD DEVIATION] 0.008550797 s

FEN: r2qkb1r/pp2nppp/3p4/2pNN1B1/2BnP3/3P4/PPP2PPP/R2bK2R w KQkq - 1 0
        [0]         [1]         [2]         [3]         [4]         [5]         [6]         [7]         [8]         [9]
[0] 0.053481600 0.049937500 0.050367900 0.050038000 0.052569200 0.051121600 0.051505100 0.051190800 0.049897700 0.050522300 
[1] 0.050102100 0.049981800 0.051329400 0.050443100 0.050286600 0.050077000 0.050974900 0.050066500 0.051337200 0.050444000 
[2] 0.054346100 0.051184000 0.054818700 0.056698200 0.056170300 0.053916900 0.052802600 0.050620200 0.050671500 0.051958800 
[3] 0.050069000 0.050208300 0.051404800 0.051664700 0.050081300 0.050875700 0.050629100 0.049939800 0.050371000 0.050131400 
[4] 0.049968900 0.049724800 0.049902500 0.052164700 0.050361200 0.051199400 0.052623400 0.053152800 0.051269800 0.050311600 
[5] 0.049839600 0.050609200 0.050262500 0.050436700 0.050804600 0.049837000 0.050122000 0.049979100 0.050057600 0.050094800 
[6] 0.053309000 0.051452400 0.050192000 0.057655300 0.053208900 0.049838300 0.051337100 0.059249700 0.050750300 0.049864400 
[7] 0.050221300 0.049826000 0.051046900 0.060071000 0.060839600 0.055001500 0.050292900 0.050337200 0.051469200 0.050207600 
[8] 0.056080600 0.071941700 0.070777200 0.068997300 0.058679000 0.057362600 0.055570200 0.050730400 0.059665800 0.058121900 
[9] 0.054638700 0.057792400 0.054001800 0.058675800 0.071162600 0.058724200 0.052555300 0.057905100 0.070853700 0.060821300 
[AVERAGE] 0.053281871 s
[STANDARD DEVIATION] 0.005006126 s

FEN: 1rb4r/pkPp3p/1b1P3n/1Q6/N3Pp2/8/P1P3PP/7K w - - 1 0
        [0]         [1]         [2]         [3]         [4]         [5]         [6]         [7]         [8]         [9]
[0] 0.012093000 0.012084300 0.017290100 0.014912700 0.011517400 0.011201900 0.011310000 0.012029700 0.011129300 0.010987400 
[1] 0.011000200 0.010918000 0.010616000 0.010643100 0.010437200 0.011827100 0.010894700 0.011495500 0.012744800 0.011275000 
[2] 0.011289800 0.010913800 0.011021300 0.010772500 0.010734500 0.010816500 0.011053500 0.011217500 0.011026700 0.011005600 
[3] 0.010980800 0.010765800 0.010506300 0.010975100 0.010860200 0.010972700 0.010767100 0.010968900 0.011611600 0.019480500 
[4] 0.010571200 0.010237800 0.009958800 0.010347000 0.010282400 0.010012200 0.010151200 0.011848900 0.011056600 0.010336600 
[5] 0.010244100 0.009928100 0.010592500 0.010149200 0.009877800 0.010501200 0.010226500 0.009864500 0.010243000 0.010095500 
[6] 0.010853300 0.011314400 0.011760700 0.011970900 0.011795900 0.011069500 0.010680900 0.011472700 0.010560700 0.010705200 
[7] 0.011308300 0.010911400 0.010604300 0.010717900 0.010358200 0.011060100 0.011374300 0.010729700 0.010613900 0.010748000 
[8] 0.010546000 0.011655600 0.010636300 0.011515100 0.010686300 0.010594300 0.010744600 0.011466400 0.010442900 0.010783600 
[9] 0.010617800 0.010730300 0.010533900 0.011208800 0.010446500 0.010909100 0.010698700 0.010655400 0.010643800 0.010423900 
[AVERAGE] 0.011072228 s
[STANDARD DEVIATION] 0.001250371 s

FEN: 4kb1r/p2n1ppp/4q3/4p1B1/4P3/1Q6/PPP2PPP/2KR4 w k - 1 0
        [0]         [1]         [2]         [3]         [4]         [5]         [6]         [7]         [8]         [9]
[0] 0.041369800 0.041081500 0.040803500 0.042271300 0.043331500 0.041626000 0.040883000 0.040736800 0.040689400 0.039187200 
[1] 0.038428700 0.038914600 0.038481000 0.038640700 0.039921800 0.039577700 0.038282100 0.038537000 0.038350900 0.038845900 
[2] 0.038280900 0.038157900 0.038620300 0.038379100 0.038637800 0.038870800 0.038732300 0.038352200 0.038568100 0.038342200 
[3] 0.038529300 0.038943500 0.039506900 0.038288800 0.038581700 0.038371100 0.038616100 0.038317500 0.039023200 0.039228800 
[4] 0.038666700 0.038494700 0.038212700 0.038574900 0.038373200 0.038755000 0.038402000 0.038461200 0.038430200 0.038384000 
[5] 0.039535800 0.041310100 0.038987400 0.038777700 0.038351600 0.038643700 0.038435900 0.039453600 0.038677200 0.039690100 
[6] 0.038285800 0.038518600 0.038758800 0.040025000 0.038258000 0.038626400 0.038469200 0.041356700 0.038563100 0.038890200 
[7] 0.038390700 0.038623500 0.038298900 0.038921500 0.039872400 0.038868300 0.038476200 0.038666200 0.038385700 0.038254700 
[8] 0.038641900 0.038397500 0.039960200 0.038656500 0.038713900 0.038244100 0.038633600 0.038381100 0.038614000 0.038427400 
[9] 0.038750200 0.038230200 0.038625300 0.038436900 0.038607800 0.038480800 0.038308300 0.038767800 0.038490400 0.038520500 
[AVERAGE] 0.038973249 s
[STANDARD DEVIATION] 0.000974626 s

FEN: r1b2k1r/ppp1bppp/8/1B1Q4/5q2/2P5/PPP2PPP/R3R1K1 w - - 1 0
        [0]         [1]         [2]         [3]         [4]         [5]         [6]         [7]         [8]         [9]
[0] 0.088282100 0.088326500 0.088827500 0.088037300 0.090010800 0.088399900 0.088285200 0.088041000 0.088265300 0.088503000 
[1] 0.087851900 0.088379200 0.089490800 0.106262200 0.112649400 0.106027600 0.097397600 0.093672100 0.102644100 0.091190800 
[2] 0.088210800 0.087845000 0.090992200 0.090324500 0.087880700 0.088243800 0.105812300 0.100249800 0.097930000 0.104010800 
[3] 0.097677800 0.096951800 0.089571100 0.088178400 0.087833000 0.095989500 0.100887300 0.092178100 0.101427900 0.089565400 
[4] 0.090155200 0.088604800 0.088246500 0.087841400 0.088343600 0.102140400 0.100231500 0.089579300 0.092632900 0.103442600 
[5] 0.099151200 0.114244600 0.098084200 0.097232800 0.097308800 0.097885800 0.097842300 0.093857900 0.088992100 0.088631000 
[6] 0.090084200 0.088530500 0.088901200 0.088780700 0.088230800 0.088912200 0.088169800 0.088358500 0.088324900 0.088327400 
[7] 0.087871100 0.088677200 0.090677000 0.088244600 0.088361100 0.088213800 0.088411900 0.089000300 0.089639900 0.088071800 
[8] 0.088212300 0.090872300 0.090761100 0.088663600 0.088386200 0.088958400 0.087975500 0.088190400 0.088251300 0.087743200 
[9] 0.088244400 0.088414700 0.088049400 0.088072000 0.088825200 0.088012500 0.088545100 0.088265600 0.087847700 0.088314900 
[AVERAGE] 0.091911481 s
[STANDARD DEVIATION] 0.005919986 s

FEN: 5rkr/pp2Rp2/1b1p1Pb1/3P2Q1/2n3P1/2p5/P4P2/4R1K1 w - - 1 0
        [0]         [1]         [2]         [3]         [4]         [5]         [6]         [7]         [8]         [9]
[0] 0.028805700 0.028933800 0.028475100 0.028937000 0.028898500 0.028609800 0.028894400 0.028834500 0.028531700 0.028908600 
[1] 0.028788900 0.028943500 0.029075100 0.028797600 0.028781600 0.028512000 0.028698900 0.029784500 0.028760200 0.029668400 
[2] 0.028921700 0.030778300 0.028924000 0.028529600 0.029023500 0.028790100 0.028784800 0.028871600 0.028910300 0.028521200 
[3] 0.028859000 0.028790600 0.028999600 0.028915400 0.028778400 0.028580300 0.028825400 0.028717000 0.028870600 0.028714300 
[4] 0.029326200 0.028872000 0.028942000 0.029001500 0.028716600 0.028838400 0.028929500 0.028697500 0.028783600 0.033085900 
[5] 0.029474600 0.029176000 0.028838800 0.036081300 0.034326100 0.033209100 0.033129000 0.032784700 0.033086300 0.034650000 
[6] 0.034300700 0.031731100 0.029115300 0.031210800 0.030604000 0.033295800 0.032138500 0.032082200 0.033528200 0.033556900 
[7] 0.033713900 0.033273600 0.032988300 0.032245000 0.032760400 0.033857300 0.032220600 0.033035700 0.032555500 0.034300000 
[8] 0.040660300 0.032866000 0.033196000 0.031440600 0.029285200 0.028902400 0.028824100 0.029559900 0.028894600 0.028548800 
[9] 0.028787000 0.028827600 0.028779800 0.028899500 0.028785600 0.028566800 0.028824600 0.029277000 0.028886900 0.029596400 
[AVERAGE] 0.030276175 s
[STANDARD DEVIATION] 0.002252583 s

FEN: rnbqk2r/p4p2/2pbpn1p/1p4p1/2pPP3/2N2NB1/PP2BPPP/R2QK2R w KQkq - 2 10
        [0]         [1]         [2]         [3]         [4]         [5]         [6]         [7]         [8]         [9]
[0] 0.044218100 0.043386300 0.042668700 0.047064700 0.047609500 0.046890400 0.043312400 0.042529700 0.043205100 0.044958000 
[1] 0.043579700 0.045956200 0.043504000 0.043395500 0.042952300 0.042762300 0.043046600 0.043106300 0.043018300 0.042641500 
[2] 0.043110300 0.043505600 0.042942900 0.042566600 0.044651900 0.043459900 0.042967000 0.043133000 0.042599200 0.043032500 
[3] 0.042916100 0.042984100 0.042787500 0.043046000 0.043300000 0.043046400 0.044539100 0.043248900 0.042909300 0.042868600 
[4] 0.043060800 0.043669000 0.042834300 0.042735600 0.042942500 0.042793400 0.043032300 0.042924000 0.044262800 0.056947900 
[5] 0.054191800 0.046552300 0.043620000 0.043909600 0.047988900 0.045148300 0.045975800 0.049194400 0.049598600 0.044667900 
[6] 0.044573900 0.043118900 0.042923800 0.043163000 0.043045500 0.042625600 0.043013300 0.044518600 0.055016600 0.052439200 
[7] 0.049181500 0.050085300 0.061648200 0.059323500 0.051737900 0.044344700 0.044936000 0.045094300 0.043780900 0.052527900 
[8] 0.045318700 0.059026800 0.046706700 0.051065700 0.048399100 0.054328600 0.044658300 0.044005700 0.060843600 0.065525300 
[9] 0.067122300 0.066155700 0.053248800 0.044050500 0.063025400 0.045101400 0.044836000 0.057966300 0.043729700 0.050617300 
[AVERAGE] 0.046723012 s
[STANDARD DEVIATION] 0.005924451 s

FEN: r1bqk2r/ppp1nppp/2np4/2b1p1N1/2B1P3/3P4/PPP2PPP/RNBQK2R w KQkq - 2 6
        [0]         [1]         [2]         [3]         [4]         [5]         [6]         [7]         [8]         [9]
[0] 0.039626100 0.046504700 0.049672700 0.046682800 0.039239200 0.039213100 0.040113300 0.039315300 0.039138300 0.038881100 
[1] 0.038983000 0.040491900 0.039050000 0.039242700 0.038967000 0.041963300 0.039857400 0.039032000 0.039107700 0.039489700 
[2] 0.039081800 0.038809400 0.039415400 0.038850200 0.039086500 0.038931800 0.039246000 0.038844800 0.040450500 0.039837700 
[3] 0.039482100 0.038791800 0.039181100 0.038931700 0.039182300 0.039055700 0.038948600 0.038828800 0.039306400 0.038944800 
[4] 0.039200600 0.039026400 0.041574800 0.039705400 0.038840900 0.039124800 0.041332100 0.039590900 0.039380600 0.039167100 
[5] 0.038826900 0.039196700 0.039112400 0.039091200 0.038766700 0.041573100 0.040284700 0.042213200 0.049796300 0.046964900 
[6] 0.048641900 0.048916700 0.054395800 0.056422300 0.050267400 0.054698400 0.053033100 0.055228100 0.063148700 0.045956700 
[7] 0.055916100 0.053384400 0.047956100 0.041783400 0.041105800 0.038952300 0.041232200 0.040498300 0.038999600 0.040902900 
[8] 0.047635500 0.052635300 0.048418100 0.048687800 0.046861000 0.050972900 0.049654100 0.047593500 0.054599100 0.046601600 
[9] 0.045866200 0.044339800 0.042263200 0.042540800 0.042992500 0.043436200 0.046405900 0.045206600 0.043449600 0.043077100 
[AVERAGE] 0.043152254 s
[STANDARD DEVIATION] 0.005411948 s

FEN: 8/pK1p3p/7p/1P4N1/8/6k1/5r2/8 w - - 0 2
        [0]         [1]         [2]         [3]         [4]         [5]         [6]         [7]         [8]         [9]
[0] 0.002473400 0.002643400 0.002546900 0.002063900 0.002106300 0.002848200 0.002209000 0.002412000 0.002116000 0.002120900 
[1] 0.002502000 0.002182100 0.002728500 0.002057800 0.002056000 0.002325600 0.002058100 0.003125400 0.002106500 0.002060200 
[2] 0.002405300 0.002059900 0.002057900 0.002266700 0.002785100 0.002315500 0.002061000 0.002060300 0.002264700 0.002054500 
[3] 0.002057400 0.002391400 0.002056700 0.002856100 0.002053200 0.002057700 0.002577700 0.002337300 0.002347700 0.002115500 
[4] 0.002123100 0.002348400 0.002064300 0.002059100 0.003044600 0.002116900 0.002310900 0.002113300 0.002111700 0.002292300 
[5] 0.002059800 0.002294300 0.002113200 0.002056300 0.002079900 0.002052700 0.003110700 0.002083700 0.002069200 0.002085800 
[6] 0.002248700 0.002059000 0.002365000 0.002216600 0.002055600 0.002081700 0.002054300 0.002056100 0.003051500 0.002068100 
[7] 0.002768900 0.002074400 0.002227800 0.002058400 0.002060800 0.002296300 0.002055600 0.002553800 0.002370700 0.002058700 
[8] 0.002315400 0.003011500 0.002089500 0.002357600 0.002310700 0.002672200 0.002110100 0.002114100 0.002586300 0.002359300 
[9] 0.002268500 0.002362800 0.002121500 0.002327500 0.002256700 0.002545300 0.002117000 0.002115100 0.003327100 0.002114800 
[AVERAGE] 0.002287790 s
[STANDARD DEVIATION] 0.000292389 s

FEN: 8/1p4pk/p4b1p/4p3/1P2P1q1/P1R2NPn/7P/3Q1B1K b - - 0 2
        [0]         [1]         [2]         [3]         [4]         [5]         [6]         [7]         [8]         [9]
[0] 0.027626900 0.025329800 0.024148100 0.023692000 0.023818600 0.025678000 0.023700000 0.025350100 0.025180400 0.023612900 
[1] 0.024202400 0.025120000 0.025819700 0.024559700 0.023822400 0.025108600 0.024059900 0.025118700 0.025363400 0.026796100 
[2] 0.025222300 0.025704900 0.025366600 0.025455000 0.024634500 0.024223400 0.025122300 0.026293000 0.026004400 0.025722900 
[3] 0.025028500 0.024416400 0.025347100 0.024663500 0.025967200 0.023970600 0.024787600 0.024221600 0.023603000 0.023809000 
[4] 0.023745600 0.025492500 0.023747400 0.023868500 0.023381300 0.023820800 0.023419000 0.023705900 0.023453500 0.025110500 
[5] 0.023604800 0.024136100 0.023420300 0.025775900 0.024136000 0.023941900 0.025591400 0.024016400 0.024147200 0.023488000 
[6] 0.023660500 0.023858800 0.023421000 0.023829300 0.023482800 0.023662400 0.023387300 0.023719400 0.023392700 0.023789700 
[7] 0.023562800 0.024210100 0.023380000 0.023774000 0.023592500 0.024128700 0.023645600 0.023739400 0.024817900 0.023726200 
[8] 0.023729700 0.024189200 0.024168300 0.023553300 0.023637900 0.023664100 0.023724100 0.023514800 0.023624200 0.023590000 
[9] 0.023722400 0.023670700 0.024415400 0.023359800 0.023686600 0.023506200 0.023754600 0.023572000 0.023847400 0.023491400 
[AVERAGE] 0.024288777 s
[STANDARD DEVIATION] 0.000884886 s

FEN: 2r5/2P4R/p3kp1p/n3pNpP/4P1P1/8/3b1P2/6K1 w - - 0 2
        [0]         [1]         [2]         [3]         [4]         [5]         [6]         [7]         [8]         [9]
[0] 0.004558300 0.004646100 0.004490500 0.004306200 0.004282700 0.004145000 0.004057400 0.004144600 0.004509500 0.004147900 
[1] 0.004097900 0.004352000 0.004145200 0.004062100 0.004139800 0.004570700 0.004063600 0.004162700 0.004058200 0.004419500 
[2] 0.004060400 0.004063200 0.004061000 0.005187000 0.004072300 0.004260800 0.004447200 0.004192200 0.004163700 0.004133000 
[3] 0.004475500 0.004066200 0.004104100 0.004339000 0.004176300 0.004064200 0.004103100 0.004615900 0.004654300 0.004163700 
[4] 0.004167400 0.004404100 0.004167100 0.004166100 0.004340000 0.004164100 0.004160800 0.004162100 0.004602700 0.004169500 
[5] 0.004164300 0.004169200 0.004359400 0.004063300 0.004061400 0.004061800 0.004410700 0.004061000 0.004057200 0.004360300 
[6] 0.004070500 0.004063200 0.004066800 0.004303200 0.004069100 0.004064400 0.004067500 0.004320400 0.004060200 0.004055700 
[7] 0.004064300 0.004266300 0.004064800 0.004058600 0.004400700 0.004069100 0.004063900 0.004062300 0.004354200 0.004062700 
[8] 0.004063800 0.004061800 0.004334200 0.004062300 0.004058900 0.004061100 0.004337500 0.004068800 0.004064900 0.004065900 
[9] 0.004377100 0.004064200 0.004063800 0.004339000 0.004061400 0.004059500 0.004055600 0.005135700 0.004064700 0.004062400 
[AVERAGE] 0.004211060 s
[STANDARD DEVIATION] 0.000212620 s

FEN: r3k2r/5ppp/p2q2b1/1p2p3/5BP1/7P/PPP1QP2/R5K1 w kq - 0 2
        [0]         [1]         [2]         [3]         [4]         [5]         [6]         [7]         [8]         [9]
[0] 0.041118600 0.042887800 0.044123800 0.041676600 0.041057500 0.043483900 0.042164400 0.041254400 0.040729300 0.041164300 
[1] 0.040751800 0.040773100 0.041944500 0.041832200 0.040797700 0.043335100 0.041687200 0.040823300 0.041061100 0.040651300 
[2] 0.041047700 0.041368600 0.040655400 0.040994400 0.040684200 0.040959400 0.044409000 0.044356100 0.044808000 0.043090700 
[3] 0.041276600 0.043970200 0.042962200 0.042526000 0.044314200 0.043856000 0.043888100 0.042022000 0.040805900 0.041096000 
[4] 0.042427400 0.041771400 0.041197700 0.040773800 0.040726500 0.041765100 0.043638400 0.043133100 0.041742100 0.040929700 
[5] 0.040882300 0.040825000 0.041014700 0.042599500 0.041374600 0.041370600 0.041042300 0.040902200 0.042902600 0.042020900 
[6] 0.041136800 0.041071400 0.041103100 0.040576800 0.040854500 0.040752300 0.043666000 0.041644800 0.040805100 0.041293100 
[7] 0.041073000 0.040663500 0.041102800 0.040873300 0.040862100 0.041097300 0.040853000 0.041108800 0.041314800 0.043492600 
[8] 0.048406100 0.050851700 0.050319900 0.049712800 0.052859500 0.049961800 0.051856500 0.047057200 0.045945000 0.045292900 
[9] 0.043433200 0.043273500 0.043585100 0.043226800 0.045735600 0.045836400 0.049514500 0.048024100 0.048981600 0.048194100 
[AVERAGE] 0.042928619 s
[STANDARD DEVIATION] 0.002862695 s

FEN: 5bk1/pp3Qpn/3q4/4NpP1/2p2P2/7P/4K3/8 b - - 0 2
        [0]         [1]         [2]         [3]         [4]         [5]         [6]         [7]         [8]         [9]
[0] 0.005557000 0.005564900 0.005623700 0.007056800 0.006216000 0.006692700 0.006373200 0.005892600 0.005655800 0.008519900 
[1] 0.006261200 0.006818900 0.006086000 0.007206600 0.006162200 0.005943600 0.005627600 0.006086300 0.005345800 0.005706200 
[2] 0.005236900 0.006400800 0.005464700 0.005320800 0.005593300 0.005457700 0.005407600 0.005239900 0.006166900 0.005623600 
[3] 0.005855800 0.006306400 0.005570000 0.006011900 0.005861500 0.005441400 0.006340100 0.005683600 0.005547100 0.005516600 
[4] 0.005213600 0.006265200 0.005357700 0.005482800 0.005170200 0.005121700 0.005774400 0.005455200 0.006774100 0.006724900 
[5] 0.006840200 0.006430800 0.006360500 0.006849300 0.005692600 0.006150400 0.006296600 0.006226600 0.005913700 0.005376700 
[6] 0.005315800 0.005337100 0.005231100 0.005153900 0.005315100 0.005109900 0.005105900 0.006895000 0.006474200 0.005549100 
[7] 0.005506200 0.005693400 0.005936600 0.006767500 0.006652500 0.005474400 0.005443900 0.005284400 0.005174400 0.005483300 
[8] 0.005152200 0.005153800 0.005354600 0.005167100 0.005139300 0.005400700 0.005107300 0.005109300 0.005345900 0.005108700 
[9] 0.005105700 0.005354200 0.006462300 0.005231600 0.005460700 0.005758600 0.005218600 0.005281000 0.005476000 0.005147900 
[AVERAGE] 0.005773600 s
[STANDARD DEVIATION] 0.000611962 s

FEN: 3r1r1k/p4q1n/1p5p/2p1bp1n/P2p3N/8/1PPQ1B1P/1K1R2R1 w - - 0 2
        [0]         [1]         [2]         [3]         [4]         [5]         [6]         [7]         [8]         [9]
[0] 0.066827200 0.061198800 0.058986400 0.058871000 0.065619700 0.065378000 0.061393200 0.065861000 0.068573200 0.065188000 
[1] 0.067156200 0.066748300 0.062267100 0.058447600 0.059928000 0.060055400 0.057038900 0.058757900 0.060184300 0.057173400 
[2] 0.057292700 0.057551400 0.057185300 0.057287300 0.057304800 0.059659400 0.061475300 0.057695500 0.057160600 0.056787200 
[3] 0.057352400 0.057386200 0.057599400 0.057318300 0.057081500 0.058402800 0.058201300 0.057157700 0.056783200 0.057170600 
[4] 0.059220700 0.057733000 0.058459200 0.057181700 0.058630800 0.057598100 0.057357700 0.057131300 0.056932500 0.057126200 
[5] 0.057274400 0.058681100 0.057722100 0.058488000 0.058328800 0.056951900 0.057313100 0.057117500 0.057070200 0.057440000 
[6] 0.057889900 0.059443100 0.063312100 0.059785500 0.057960100 0.058382500 0.057018600 0.057074900 0.057304900 0.057068300 
[7] 0.057038400 0.057910100 0.058717400 0.057679700 0.070289300 0.057251100 0.058440200 0.058764100 0.056832100 0.057283100 
[8] 0.057775800 0.058551300 0.057155000 0.056998200 0.056726900 0.057330000 0.057003900 0.063249300 0.056888100 0.058262100 
[9] 0.059405000 0.057367300 0.057025200 0.057489600 0.059377100 0.059844500 0.057984600 0.058174400 0.057352800 0.058978400 
[AVERAGE] 0.058916497 s
[STANDARD DEVIATION] 0.002866240 s

FEN: r7/6kp/3pp1p1/8/4P3/5P2/5BPP/rR4K1 w - - 0 2
        [0]         [1]         [2]         [3]         [4]         [5]         [6]         [7]         [8]         [9]
[0] 0.009113800 0.009534300 0.009486100 0.009016000 0.009257300 0.009014700 0.009268700 0.009017700 0.009421900 0.009285400 
[1] 0.009015200 0.009176300 0.009017300 0.009412800 0.009295900 0.009019500 0.009291300 0.009009700 0.009381100 0.009279400 
[2] 0.009016800 0.009294100 0.009011600 0.009307200 0.009015300 0.009318500 0.009295100 0.009015600 0.009311400 0.009013400 
[3] 0.009306800 0.009243100 0.009006300 0.009327400 0.009016900 0.009297800 0.009299200 0.009014200 0.009385900 0.009015100 
[4] 0.009330000 0.009019300 0.009310500 0.009422700 0.009010500 0.009190500 0.009015500 0.009221500 0.009379200 0.009023200 
[5] 0.009226200 0.009007200 0.010053300 0.009435500 0.009162800 0.009278900 0.009183000 0.009390100 0.009396800 0.009261400 
[6] 0.009371500 0.009016400 0.009322900 0.009226500 0.009009000 0.009320300 0.009012800 0.009495900 0.009302100 0.009014400 
[7] 0.010054600 0.009010900 0.009297500 0.009122600 0.009054800 0.009384200 0.009016900 0.009299600 0.009249900 0.009494400 
[8] 0.009765100 0.009089300 0.009176900 0.009020000 0.009277200 0.009539100 0.009016400 0.009333100 0.009010100 0.009219300 
[9] 0.009392500 0.009012700 0.009292900 0.009015700 0.009299200 0.009487600 0.009015100 0.009290900 0.009024800 0.009311200 
[AVERAGE] 0.009228105 s
[STANDARD DEVIATION] 0.000206489 s

FEN: 2r1n1k1/1bq2pp1/p3p2p/8/1P1R1Q2/2N2P1P/1P3P2/1B4K1 b - - 0 2
        [0]         [1]         [2]         [3]         [4]         [5]         [6]         [7]         [8]         [9]
[0] 0.036844600 0.037112400 0.038738300 0.037405800 0.037906500 0.037117000 0.036851300 0.036708300 0.037083800 0.036761400 
[1] 0.036867300 0.037109000 0.036864500 0.037266100 0.037458700 0.037001300 0.037211400 0.038970500 0.037223400 0.037011200 
[2] 0.037035500 0.036918100 0.036459600 0.037268700 0.037545400 0.037134100 0.036955200 0.036756400 0.036993000 0.036752600 
[3] 0.037196100 0.039802200 0.037258400 0.037410800 0.036760700 0.036897400 0.037119900 0.036692300 0.036725000 0.037197800 
[4] 0.036794100 0.036708300 0.037188600 0.036760200 0.037133700 0.038612800 0.037707600 0.037050400 0.037122700 0.036770600 
[5] 0.037076600 0.036973300 0.036614500 0.036873200 0.037821300 0.037283400 0.036981200 0.036758000 0.036804800 0.038535000 
[6] 0.037399400 0.037114900 0.036977300 0.036724800 0.036848100 0.037236200 0.036922100 0.036962900 0.037563400 0.036867900 
[7] 0.037858500 0.036742000 0.036839900 0.038798900 0.038067300 0.040195400 0.037260200 0.037425500 0.036806800 0.037040900 
[8] 0.036660900 0.036868100 0.037231600 0.036998100 0.036819200 0.037077300 0.036764200 0.036881500 0.039149400 0.037558900 
[9] 0.036935200 0.037053200 0.039055500 0.036999500 0.036851600 0.036922500 0.036752300 0.037081300 0.037448200 0.036778100 
[AVERAGE] 0.037235013 s
[STANDARD DEVIATION] 0.000672376 s

FEN: 4rb2/5kp1/1p2p2p/5p2/1PP5/2Bq1NP1/5P1P/4R1K1 w - - 0 2
        [0]         [1]         [2]         [3]         [4]         [5]         [6]         [7]         [8]         [9]
[0] 0.018916100 0.018120300 0.017938900 0.017924600 0.019205100 0.018712900 0.018117500 0.018243300 0.018295300 0.018792100 
[1] 0.017945600 0.017930200 0.017972100 0.017865300 0.018214300 0.017935000 0.017973100 0.018003900 0.017865600 0.017915400 
[2] 0.017852200 0.018143900 0.018086000 0.017942900 0.017946100 0.019038600 0.024141600 0.021779400 0.021183900 0.022669600 
[3] 0.020754500 0.020093900 0.020582100 0.018947000 0.019064000 0.019386100 0.019102400 0.019066800 0.019053800 0.019098800 
[4] 0.019350300 0.018947800 0.019049700 0.018885200 0.019328600 0.018956200 0.019033500 0.018864500 0.019417300 0.019866200 
[5] 0.018854300 0.018915600 0.019575500 0.018961300 0.019310400 0.019339200 0.019193700 0.019242200 0.018974200 0.019054600 
[6] 0.018452700 0.018507000 0.018900200 0.018489200 0.018428600 0.018250400 0.018048600 0.018224500 0.017917000 0.017936300 
[7] 0.019174300 0.019752600 0.020659000 0.018724500 0.018127700 0.018007200 0.021208500 0.020168300 0.022104800 0.018931500 
[8] 0.019064100 0.019756100 0.019771000 0.019242100 0.019164900 0.018982600 0.018939300 0.022077900 0.019001200 0.018841600 
[9] 0.018865800 0.019137600 0.019056600 0.018925100 0.018970400 0.019228400 0.019329500 0.018785800 0.019241400 0.019149500 
[AVERAGE] 0.019064843 s
[STANDARD DEVIATION] 0.001093273 s

FEN: 6k1/5p2/6p1/8/7p/8/6PP/6K1 b - - 0 0
        [0]         [1]         [2]         [3]         [4]         [5]         [6]         [7]         [8]         [9]
[0] 0.000125400 0.000148100 0.000117100 0.000116300 0.000115900 0.000115600 0.000115600 0.000115600 0.000115500 0.000153500 
[1] 0.000115600 0.000115800 0.000115200 0.000115200 0.000115200 0.000115200 0.000114800 0.000115100 0.000144700 0.000114800 
[2] 0.000114600 0.000114800 0.000115200 0.000114700 0.000114900 0.000114800 0.000144300 0.000114900 0.000114900 0.000114900 
[3] 0.000114900 0.000114800 0.000115000 0.000115100 0.000144000 0.000115000 0.000115100 0.000115200 0.000191700 0.000276800 
[4] 0.000162600 0.000128000 0.000114900 0.000114700 0.000115000 0.000115000 0.000115100 0.000115000 0.000144100 0.000114900 
[5] 0.000115400 0.000114900 0.000115000 0.000115100 0.000114900 0.000114700 0.000157500 0.000115200 0.000115200 0.000115100 
[6] 0.000114700 0.000129100 0.000118100 0.000117500 0.000118900 0.000118300 0.000118000 0.000117700 0.000117800 0.000117900 
[7] 0.000118000 0.000118500 0.000117900 0.000147000 0.000118000 0.000118200 0.000118100 0.000118000 0.000117800 0.000118000 
[8] 0.000118200 0.000119000 0.000117900 0.000117600 0.000118100 0.000177800 0.000284500 0.000203200 0.000145900 0.000117900 
[9] 0.000117800 0.000117800 0.000117700 0.000117900 0.000119400 0.000117700 0.000117300 0.000117700 0.000117900 0.000117500 
[AVERAGE] 0.000125444 s
[STANDARD DEVIATION] 0.000027286 s

FEN: 3k4/2n2B2/1KP5/2B2p2/5b1p/7P/8/8 b - - 0 0
        [0]         [1]         [2]         [3]         [4]         [5]         [6]         [7]         [8]         [9]
[0] 0.003041000 0.003257100 0.003026600 0.003332000 0.004422400 0.005389800 0.004041300 0.003575000 0.004184000 0.003120800 
[1] 0.003742600 0.003105400 0.003973200 0.003840100 0.003921800 0.004182300 0.003747800 0.003330800 0.003847400 0.003911500 
[2] 0.003554800 0.004021000 0.004310100 0.003402600 0.003477200 0.003539600 0.003543600 0.003790800 0.003394700 0.003693900 
[3] 0.003680900 0.004114800 0.003904700 0.003523000 0.003764500 0.003478500 0.003619800 0.003945100 0.003886200 0.003822600 
[4] 0.003838200 0.003622300 0.003608000 0.003813000 0.003497600 0.003650200 0.005110500 0.003583400 0.004008500 0.003572300 
[5] 0.003516400 0.004355700 0.003957300 0.003889900 0.003864100 0.004027300 0.003527600 0.004426100 0.004250900 0.003430000 
[6] 0.003614100 0.003655500 0.003950600 0.004082800 0.004247900 0.003482400 0.003640200 0.003861400 0.003564300 0.003593600 
[7] 0.004689200 0.003812400 0.004223200 0.003810800 0.003719400 0.004102200 0.003798200 0.004627000 0.003820300 0.003595600 
[8] 0.003304200 0.003691900 0.003790200 0.004187200 0.004357600 0.003727100 0.003901700 0.004179100 0.003463400 0.003571000 
[9] 0.003714900 0.003431000 0.003617500 0.003433800 0.003431000 0.003721300 0.003640000 0.003709500 0.003758300 0.003719100 
[AVERAGE] 0.003792515 s
[STANDARD DEVIATION] 0.000384525 s

FEN: r7/4R2P/3p4/3k1K2/2p5/8/8/8 b - - 0 0
        [0]         [1]         [2]         [3]         [4]         [5]         [6]         [7]         [8]         [9]
[0] 0.004062400 0.004096400 0.004329500 0.004238000 0.004213300 0.003947200 0.003771200 0.004012600 0.003915300 0.003715900 
[1] 0.004249800 0.003957200 0.003758900 0.003890000 0.003909400 0.003633700 0.003847100 0.003821500 0.003918200 0.003943800 
[2] 0.003803500 0.003769300 0.003786100 0.003726400 0.005452700 0.004400600 0.004793100 0.006053200 0.004400800 0.004927200 
[3] 0.004792800 0.004073800 0.003652600 0.003814800 0.003780100 0.004888800 0.004022200 0.003826500 0.004114000 0.003882200 
[4] 0.003806800 0.004274600 0.003723000 0.004048100 0.003991600 0.003678500 0.004145000 0.004280500 0.004027600 0.004406000 
[5] 0.003810800 0.003855100 0.004269300 0.004183900 0.004505600 0.004466100 0.004335500 0.004126500 0.004393200 0.004974200 
[6] 0.003660400 0.003925100 0.003978300 0.003900300 0.003968300 0.003767300 0.003711800 0.003873800 0.003888000 0.003642300 
[7] 0.003834900 0.003532500 0.003755800 0.004206200 0.003442900 0.003809200 0.003455200 0.004491300 0.003597900 0.003558400 
[8] 0.003430400 0.003454100 0.003424000 0.003403400 0.003657300 0.003347100 0.003389000 0.003340000 0.003578600 0.003517000 
[9] 0.003387000 0.003382500 0.003344800 0.003565500 0.003346700 0.003346100 0.003342000 0.003345000 0.003600700 0.003338400 
[AVERAGE] 0.003930335 s
[STANDARD DEVIATION] 0.000463286 s

FEN: 8/8/5p2/1P1K1k2/8/2r5/8/7R w - - 0 0
        [0]         [1]         [2]         [3]         [4]         [5]         [6]         [7]         [8]         [9]
[0] 0.002703900 0.002689000 0.002688300 0.003125700 0.002979000 0.002770500 0.002980200 0.002785300 0.003214700 0.002761800 
[1] 0.002987600 0.002764700 0.002794100 0.003487600 0.003450900 0.002802600 0.002917100 0.002764300 0.003016900 0.003095400 
[2] 0.003077800 0.002761700 0.002852200 0.002918900 0.003101300 0.002971900 0.002830700 0.003008800 0.002885500 0.003445600 
[3] 0.002870700 0.002898600 0.003294300 0.002946300 0.003043700 0.002772300 0.003041100 0.002769100 0.003165600 0.002828600 
[4] 0.003018500 0.002814700 0.003033700 0.003003500 0.003000900 0.003682800 0.003110100 0.002796600 0.003556400 0.002942300 
[5] 0.002862400 0.002803600 0.002951400 0.002764400 0.002735700 0.002776800 0.002690800 0.003013800 0.002724300 0.002691300 
[6] 0.002792300 0.002688000 0.002777700 0.003051800 0.002732200 0.002716400 0.002790200 0.002792400 0.002695700 0.002992100 
[7] 0.002692300 0.002694800 0.002694200 0.002690300 0.002897600 0.002691800 0.002686900 0.002688100 0.002688100 0.002686100 
[8] 0.003041800 0.002690300 0.002688900 0.002692500 0.002692700 0.002691000 0.002955300 0.002693400 0.002689000 0.002689200 
[9] 0.002691100 0.002922300 0.002689700 0.002690000 0.002696200 0.002688300 0.002693700 0.003007900 0.002690700 0.002693400 
[AVERAGE] 0.002873647 s
[STANDARD DEVIATION] 0.000211704 s

FEN: 5n2/R7/4pk2/8/5PK1/8/8/8 b - - 0 0
        [0]         [1]         [2]         [3]         [4]         [5]         [6]         [7]         [8]         [9]
[0] 0.000759100 0.000752200 0.000750900 0.000750500 0.000750700 0.000748000 0.000750000 0.000748500 0.000750100 0.000749900 
[1] 0.000751100 0.000992700 0.000770100 0.000771900 0.000750300 0.000749500 0.000749600 0.000748500 0.000749300 0.000748200 
[2] 0.000750300 0.000750500 0.000749800 0.000750200 0.000750300 0.000751600 0.000749900 0.000750400 0.000749200 0.000746900 
[3] 0.000749400 0.000877400 0.000874800 0.000832600 0.000822100 0.000750900 0.000749200 0.000749000 0.000748300 0.000748900 
[4] 0.000748200 0.000749100 0.000749000 0.000749000 0.000748700 0.000750300 0.000749600 0.000749500 0.000748200 0.000748800 
[5] 0.000750000 0.000748300 0.001028100 0.000774300 0.000770500 0.000770100 0.000769500 0.000770500 0.000770100 0.000768500 
[6] 0.000767800 0.000769200 0.000769400 0.000768800 0.000768800 0.000768300 0.000769000 0.000768800 0.000768900 0.000767500 
[7] 0.000768100 0.000768100 0.001034900 0.000751500 0.000751000 0.000749500 0.000749000 0.000748600 0.000748700 0.000749000 
[8] 0.000748800 0.000749100 0.000748800 0.000748000 0.000748600 0.000749800 0.000748300 0.000749400 0.000749400 0.000749000 
[9] 0.000749100 0.000749400 0.001121500 0.000753700 0.000751000 0.000751900 0.000749800 0.000749800 0.000750000 0.000748900 
[AVERAGE] 0.000769723 s
[STANDARD DEVIATION] 0.000060706 s

FEN: 3Q4/8/1k6/7p/p1p4P/2q3PB/7K/8 b - - 0 0
        [0]         [1]         [2]         [3]         [4]         [5]         [6]         [7]         [8]         [9]
[0] 0.003380700 0.003370900 0.003560700 0.004789200 0.003646900 0.003482600 0.003609000 0.003456400 0.003485600 0.003365000 
[1] 0.003565200 0.003861700 0.003365300 0.003478800 0.003366000 0.003645800 0.003441700 0.003366300 0.003411900 0.003368000 
[2] 0.003661500 0.003409500 0.003369200 0.003411300 0.003638700 0.003410600 0.003368900 0.003414700 0.003466200 0.003762300 
[3] 0.003367800 0.003365900 0.003366300 0.003666000 0.003367100 0.003363200 0.003364700 0.003366200 0.003576800 0.003370200 
[4] 0.003367100 0.003366500 0.003500200 0.003588000 0.003365600 0.003366200 0.003368100 0.003644400 0.003366000 0.003363700 
[5] 0.003362900 0.003365700 0.003642900 0.003364200 0.003365000 0.004556300 0.003410800 0.003763400 0.003594900 0.003991800 
[6] 0.003782400 0.003464100 0.003539500 0.004224300 0.004047300 0.003929900 0.003932400 0.003542600 0.003753800 0.003484100 
[7] 0.003452500 0.003451500 0.003716300 0.003389800 0.003384000 0.003373400 0.003465300 0.003641600 0.003413600 0.004440400 
[8] 0.003500900 0.004107300 0.003514100 0.003853300 0.003468900 0.003455000 0.003416400 0.003661100 0.003369900 0.003382400 
[9] 0.003366900 0.003383500 0.003645900 0.003383300 0.003382200 0.003368700 0.003798400 0.003415300 0.003371100 0.003368400 
[AVERAGE] 0.003544603 s
[STANDARD DEVIATION] 0.000264182 s

FEN: 4q3/2R4P/5R2/1p6/p3k3/P7/KP6/8 b - - 0 0
        [0]         [1]         [2]         [3]         [4]         [5]         [6]         [7]         [8]         [9]
[0] 0.010021300 0.009676800 0.009932800 0.010036800 0.009675000 0.010030300 0.009874300 0.009686200 0.010044000 0.009959700 
[1] 0.009695000 0.009945500 0.009676700 0.010039100 0.009884800 0.009678600 0.009960500 0.010028500 0.009676800 0.009822100 
[2] 0.009675500 0.009977400 0.010030800 0.009676700 0.009953100 0.009960600 0.009676600 0.010434600 0.009868200 0.009683400 
[3] 0.009897200 0.009677900 0.010130800 0.010058000 0.009682400 0.010077500 0.009997700 0.009676500 0.011331800 0.010248700 
[4] 0.009907900 0.010132700 0.010946400 0.010345400 0.009864100 0.010187400 0.009951300 0.009767500 0.009943300 0.009926600 
[5] 0.009809400 0.009969500 0.009673600 0.009930300 0.010010300 0.009679600 0.009911100 0.009965000 0.009678800 0.010180800 
[6] 0.009708900 0.009907800 0.009924100 0.009684700 0.010114300 0.009933600 0.009676000 0.009898700 0.009970000 0.009680300 
[7] 0.011156200 0.011376600 0.009879300 0.010704200 0.010628700 0.010737000 0.010391000 0.012037700 0.010785400 0.010851400 
[8] 0.010658700 0.011908900 0.011859100 0.011347000 0.010893900 0.011991000 0.011478400 0.011083400 0.012835400 0.012840200 
[9] 0.012616900 0.012495400 0.012153000 0.012926100 0.013030100 0.013391700 0.012214400 0.012635700 0.012465700 0.014597600 
[AVERAGE] 0.010493097 s
[STANDARD DEVIATION] 0.001054546 s

FEN: R7/8/5rk1/5p2/1p5P/5KP1/P7/8 b - - 0 0
        [0]         [1]         [2]         [3]         [4]         [5]         [6]         [7]         [8]         [9]
[0] 0.002862900 0.003183200 0.003135300 0.003584200 0.003051700 0.003392500 0.002974900 0.002959600 0.002911100 0.002784300 
[1] 0.003091500 0.003482000 0.003564400 0.003254700 0.003088000 0.003083800 0.003056700 0.002971800 0.003450600 0.003667300 
[2] 0.003890200 0.003529600 0.002991000 0.002956000 0.002978500 0.003215700 0.003380100 0.003377000 0.003000400 0.002906400 
[3] 0.003167600 0.002958100 0.003101500 0.003275500 0.003139800 0.002894500 0.003025100 0.002839100 0.002978100 0.002813500 
[4] 0.003490500 0.003068900 0.003025600 0.003083100 0.002980300 0.003250100 0.003351300 0.003224900 0.003200000 0.003826600 
[5] 0.002720300 0.002848400 0.002732500 0.002816600 0.002770200 0.003024700 0.002895500 0.002946900 0.002842300 0.003172700 
[6] 0.002860700 0.003000800 0.002656000 0.002955700 0.002830000 0.002874000 0.002489400 0.002847900 0.002532900 0.002868500 
[7] 0.002511700 0.002524900 0.002805400 0.003237900 0.004209700 0.003090400 0.003222100 0.002931000 0.003300900 0.002897700 
[8] 0.002563500 0.002734800 0.002542800 0.002893600 0.002498500 0.002528800 0.002494300 0.002495200 0.002495200 0.002731600 
[9] 0.002491700 0.002493300 0.002492900 0.002493800 0.002459500 0.002515600 0.002698500 0.002515400 0.002426700 0.002474700 
[AVERAGE] 0.002969276 s
[STANDARD DEVIATION] 0.000348658 s

FEN: 3k4/5ppp/2q5/3p2r1/8/1Q3P2/P4P1P/3R3K w - - 0 1
        [0]         [1]         [2]         [3]         [4]         [5]         [6]         [7]         [8]         [9]
[0] 0.022699200 0.026658100 0.027829100 0.027435700 0.029236300 0.027417100 0.030118500 0.026919500 0.027734900 0.025044800 
[1] 0.025310100 0.025255700 0.024537500 0.025579200 0.024583300 0.028526700 0.023767100 0.023162800 0.025156800 0.023743000 
[2] 0.022661100 0.022936300 0.022275900 0.022613900 0.022140700 0.022668700 0.022268400 0.022614500 0.022168200 0.022253600 
[3] 0.022522000 0.022239900 0.022504900 0.022283500 0.022578200 0.022280400 0.022186500 0.022610100 0.022269600 0.022595700 
[4] 0.022229700 0.022606300 0.022205500 0.022246100 0.022544100 0.022155600 0.022509400 0.022194200 0.022607300 0.022193100 
[5] 0.022257200 0.027665100 0.027593100 0.027587900 0.028003900 0.023439000 0.022893000 0.023354500 0.022315200 0.022509700 
[6] 0.023111600 0.022279100 0.023300300 0.022581000 0.022633300 0.022347600 0.022271400 0.022744600 0.022484700 0.024308200 
[7] 0.023759000 0.024208900 0.024819300 0.022475800 0.023388800 0.022610200 0.022559600 0.022179900 0.022601900 0.022468300 
[8] 0.022365100 0.022409800 0.022391400 0.022553600 0.022362700 0.022448900 0.022248000 0.022195500 0.022552400 0.022142600 
[9] 0.022607600 0.022291000 0.022501300 0.022234500 0.022127400 0.022908100 0.022197100 0.022607600 0.022230700 0.025394600 
[AVERAGE] 0.023504008 s
[STANDARD DEVIATION] 0.001917265 s

FEN: 4R3/1k6/1p2P1p1/p7/4r3/1P1r4/1K6/2R5 w - - 0 0
        [0]         [1]         [2]         [3]         [4]         [5]         [6]         [7]         [8]         [9]
[0] 0.015408200 0.014995600 0.014973400 0.014763500 0.014767100 0.014714400 0.014781100 0.014478500 0.014764500 0.014750300 
[1] 0.014747000 0.014771000 0.014737600 0.014758000 0.014743500 0.014658300 0.014746900 0.014865200 0.014744500 0.014757200 
[2] 0.015095400 0.014711100 0.014729700 0.015134700 0.014703400 0.014727700 0.014599200 0.014969600 0.015406100 0.017664700 
[3] 0.015355700 0.016875100 0.015933200 0.014961300 0.015587500 0.018083800 0.014903400 0.015906600 0.017269400 0.015139700 
[4] 0.015225000 0.015141800 0.014864000 0.014742700 0.016281400 0.016317500 0.015039800 0.018237000 0.015345000 0.015074300 
[5] 0.014909000 0.014895800 0.014918100 0.014764500 0.014948600 0.014572700 0.014941700 0.014733900 0.014897100 0.014752200 
[6] 0.014791400 0.014734500 0.014870200 0.014741100 0.014709600 0.014876700 0.014631100 0.014712400 0.014923800 0.014667000 
[7] 0.014670800 0.014829100 0.014771700 0.014488300 0.014767800 0.014943800 0.014721400 0.014772900 0.016404800 0.015358600 
[8] 0.014997400 0.015042700 0.015026200 0.014868400 0.014883100 0.014681700 0.014698200 0.014955400 0.014753000 0.014475600 
[9] 0.014779500 0.014864500 0.014712600 0.015016800 0.014861100 0.014689100 0.014754900 0.014661600 0.014746900 0.014719800 
[AVERAGE] 0.015058607 s
[STANDARD DEVIATION] 0.000694981 s

FEN: 5k2/R7/3K4/4p3/5P2/8/8/5r2 w - - 0 0
        [0]         [1]         [2]         [3]         [4]         [5]         [6]         [7]         [8]         [9]
[0] 0.002909400 0.002900100 0.002900800 0.003213100 0.002900800 0.002898400 0.002900800 0.002894900 0.003114800 0.002898900 
[1] 0.002898500 0.002897200 0.002895000 0.003171400 0.002897700 0.002898300 0.002895200 0.002895400 0.003198900 0.002939100 
[2] 0.002897300 0.002900000 0.002897900 0.002898200 0.003173900 0.002898800 0.002894500 0.002896800 0.002895700 0.003185800 
[3] 0.002900400 0.002898600 0.002899100 0.002899300 0.003260400 0.002901400 0.002898200 0.002899500 0.002941000 0.002897700 
[4] 0.003118800 0.002895200 0.002896600 0.002897600 0.002894000 0.003075700 0.002898100 0.002896900 0.002898000 0.002898600 
[5] 0.003071900 0.003219800 0.002972400 0.002973200 0.002974500 0.003159800 0.002928300 0.002901300 0.002902000 0.002899600 
[6] 0.002898800 0.003184100 0.002898000 0.002900500 0.002901100 0.002900500 0.003201700 0.002895600 0.002939600 0.002897700 
[7] 0.002898500 0.003193100 0.002901000 0.002900700 0.002896500 0.002899900 0.003174100 0.002918400 0.002900300 0.002903500 
[8] 0.002902000 0.002900100 0.003237600 0.002899900 0.002899700 0.002900100 0.002899600 0.003183700 0.002898600 0.002898100 
[9] 0.003288000 0.002901000 0.003153500 0.002900100 0.002901400 0.002903200 0.002901200 0.003222500 0.002915000 0.002899700 
[AVERAGE] 0.002962341 s
[STANDARD DEVIATION] 0.000116276 s

FEN: 5k2/1R6/4p1p1/1pr3Pp/7P/1K6/8/8 w - - 0 0
        [0]         [1]         [2]         [3]         [4]         [5]         [6]         [7]         [8]         [9]
[0] 0.001949500 0.002154400 0.001782900 0.001911500 0.002549000 0.003633800 0.003388500 0.001815800 0.001678600 0.001629300 
[1] 0.001656700 0.001596800 0.001599900 0.001600400 0.001600400 0.001611400 0.001560000 0.001620400 0.001602400 0.001697100 
[2] 0.001922600 0.001576500 0.001604200 0.001564800 0.001607500 0.001561200 0.001561500 0.002059200 0.002026200 0.001969000 
[3] 0.001652700 0.001981300 0.001810900 0.002328600 0.002267800 0.001749500 0.001603500 0.001891900 0.001605400 0.001610400 
[4] 0.001808200 0.001601700 0.001659000 0.001602000 0.001630200 0.001601100 0.001600600 0.001598400 0.001601600 0.001597900 
[5] 0.001881500 0.001756100 0.001562500 0.001563100 0.001897200 0.001655800 0.001562300 0.001563300 0.001647800 0.001822100 
[6] 0.001566500 0.001564100 0.001624600 0.001593800 0.001562800 0.001601900 0.001562700 0.001611500 0.001562600 0.001801400 
[7] 0.001564300 0.001650800 0.001561600 0.001560200 0.001564900 0.001563600 0.001559800 0.001992700 0.002740300 0.002544600 
[8] 0.002199700 0.001604100 0.001894200 0.001674600 0.001665700 0.001877200 0.001790700 0.001605900 0.001635900 0.001663700 
[9] 0.001603400 0.001600000 0.001603500 0.001601700 0.001602700 0.001601700 0.001664900 0.001602000 0.001565100 0.001931900 
[AVERAGE] 0.001761492 s
[STANDARD DEVIATION] 0.000340102 s

FEN: 5k2/8/p7/4K1P1/P4R2/6r1/8/8 b - - 0 0
        [0]         [1]         [2]         [3]         [4]         [5]         [6]         [7]         [8]         [9]
[0] 0.001524700 0.001518500 0.001756000 0.001791000 0.001989600 0.001892800 0.002214700 0.002217000 0.001547100 0.001856200 
[1] 0.001554300 0.001552900 0.001553200 0.001777700 0.001555500 0.001556900 0.001642000 0.001552500 0.001553800 0.001553200 
[2] 0.001554000 0.001527100 0.001512900 0.001512300 0.001598700 0.001512900 0.001513200 0.001869400 0.001555000 0.001599800 
[3] 0.001912900 0.001556800 0.001554500 0.001512800 0.001613800 0.001557300 0.001871600 0.001514900 0.001556200 0.001515200 
[4] 0.001514700 0.001554500 0.001613400 0.001512800 0.001513600 0.001617800 0.001737300 0.001514200 0.001511000 0.001510200 
[5] 0.001512600 0.001511800 0.001511600 0.001510500 0.001513300 0.001513400 0.001671100 0.001518400 0.001514800 0.001513000 
[6] 0.001512800 0.001512700 0.001513800 0.001515700 0.001511600 0.001513800 0.002270400 0.001692700 0.001672000 0.001822500 
[7] 0.001770300 0.001549900 0.001802500 0.001613900 0.001582400 0.001833100 0.001557500 0.001566200 0.001557900 0.001582800 
[8] 0.001565300 0.001554100 0.001549700 0.001553400 0.001570100 0.001511700 0.001555900 0.001657500 0.001515200 0.001555500 
[9] 0.001834200 0.001514000 0.001597900 0.002361800 0.001781600 0.002389100 0.001809600 0.001680800 0.001756100 0.001560500 
[AVERAGE] 0.001637994 s
[STANDARD DEVIATION] 0.000189560 s

FEN: 8/8/8/p2r1k2/7p/PP1RK3/6P1/8 b - - 0 0
        [0]         [1]         [2]         [3]         [4]         [5]         [6]         [7]         [8]         [9]
[0] 0.002395700 0.002077300 0.002118600 0.002171500 0.002068300 0.002096700 0.002060500 0.002440800 0.002078500 0.002020700 
[1] 0.002414500 0.002021000 0.002018900 0.002108000 0.002021900 0.002020500 0.002062100 0.002470300 0.002020100 0.002048900 
[2] 0.002062700 0.002019900 0.002114000 0.002062800 0.002021300 0.002248300 0.002115300 0.002017800 0.002642400 0.002345400 
[3] 0.002538900 0.002385200 0.002509400 0.002081800 0.002107400 0.002304900 0.002075500 0.002088400 0.002133800 0.002050800 
[4] 0.002058700 0.002020300 0.002061700 0.002060100 0.002120100 0.002061700 0.002494200 0.002107700 0.002658800 0.002392600 
[5] 0.002699400 0.002416600 0.002344800 0.002256700 0.002077500 0.002073900 0.002159600 0.002070000 0.002072000 0.002068600 
[6] 0.002161700 0.002062900 0.002065100 0.002018600 0.002385200 0.002026100 0.002024800 0.002109000 0.002022300 0.002022300 
[7] 0.002063800 0.002381200 0.002337100 0.002066000 0.002065500 0.002078000 0.002106700 0.002063300 0.002022500 0.002268600 
[8] 0.002276600 0.002020100 0.002021300 0.002020300 0.002021600 0.002018800 0.002347000 0.002022600 0.002020900 0.002023200 
[9] 0.002016300 0.002020500 0.002021500 0.002020600 0.002278500 0.002023500 0.002020400 0.002021100 0.003072200 0.002204200 
[AVERAGE] 0.002157777 s
[STANDARD DEVIATION] 0.000190494 s

FEN: 8/8/8/1P4p1/5k2/5p2/P6K/8 b - - 0 0
        [0]         [1]         [2]         [3]         [4]         [5]         [6]         [7]         [8]         [9]
[0] 0.000192500 0.000145100 0.000143000 0.000142500 0.000142600 0.000142900 0.000208500 0.000155200 0.000142400 0.000142100 
[1] 0.000142100 0.000141900 0.000142500 0.000220400 0.000195400 0.000160600 0.000146700 0.000146400 0.000146800 0.000146500 
[2] 0.000191200 0.000147000 0.000162500 0.000153600 0.000156200 0.000182600 0.000205400 0.000192300 0.000147700 0.000214900 
[3] 0.000220100 0.000192400 0.000156700 0.000142800 0.000142700 0.000141700 0.000142400 0.000142800 0.000141800 0.000142200 
[4] 0.000142200 0.000141600 0.000142700 0.000142200 0.000142600 0.000141900 0.000142700 0.000141800 0.000188800 0.000178500 
[5] 0.000160800 0.000220300 0.000220400 0.000189100 0.000142100 0.000144100 0.000142100 0.000142300 0.000142000 0.000142300 
[6] 0.000170600 0.000143000 0.000172400 0.000142000 0.000142100 0.000141800 0.000142000 0.000141900 0.000142300 0.000142700 
[7] 0.000141800 0.000141900 0.000141800 0.000141900 0.000142500 0.000142800 0.000142400 0.000141700 0.000141900 0.000142100 
[8] 0.000141800 0.000141800 0.000143000 0.000170200 0.000142000 0.000142100 0.000141800 0.000276000 0.000293800 0.000244000 
[9] 0.000267700 0.000141600 0.000142000 0.000142600 0.000144200 0.000142000 0.000142200 0.000142300 0.000142100 0.000142700 
[AVERAGE] 0.000159031 s
[STANDARD DEVIATION] 0.000031830 s

FEN: 3b2k1/1p3p2/p1p5/2P4p/1P2P1p1/5p2/5P2/4RK2 w - - 0 0
        [0]         [1]         [2]         [3]         [4]         [5]         [6]         [7]         [8]         [9]
[0] 0.001059900 0.001048800 0.001045900 0.001131600 0.001044000 0.001044200 0.001043800 0.001043300 0.001042300 0.001035700 
[1] 0.001017000 0.001031300 0.001044800 0.001147500 0.001058300 0.001018200 0.001017200 0.001388800 0.001323800 0.001307700 
[2] 0.001164500 0.001050000 0.001340900 0.001460600 0.001460200 0.001043800 0.001044600 0.001043300 0.001043500 0.001322000 
[3] 0.001050500 0.001048000 0.001045000 0.001055000 0.001088300 0.001103700 0.001041600 0.001044000 0.001042100 0.001042500 
[4] 0.001043500 0.001043400 0.001102600 0.001042100 0.001042400 0.001074700 0.001017600 0.001119800 0.001214300 0.001452600 
[5] 0.001075400 0.001018300 0.001015500 0.001016900 0.001016500 0.001060400 0.001059400 0.001016400 0.001017900 0.001016100 
[6] 0.001016500 0.001017000 0.001058600 0.001015700 0.001269300 0.001016400 0.001553600 0.001296200 0.001075200 0.001133100 
[7] 0.001043600 0.001042200 0.001089200 0.001233300 0.001139300 0.001337100 0.001388700 0.001424500 0.001103900 0.001106700 
[8] 0.001049900 0.001044200 0.001322300 0.001045200 0.001042900 0.001044400 0.001071500 0.001073100 0.001055800 0.001043800 
[9] 0.001045400 0.001043900 0.001040300 0.001041700 0.001042700 0.001040700 0.001040600 0.001041900 0.001042400 0.001070300 
[AVERAGE] 0.001104971 s
[STANDARD DEVIATION] 0.000123787 s

FEN: 5k2/3R4/2K1p1p1/4P1P1/5P2/8/3r4/8 b - - 0 0
        [0]         [1]         [2]         [3]         [4]         [5]         [6]         [7]         [8]         [9]
[0] 0.002097500 0.002404800 0.002171800 0.002081800 0.002211000 0.002460300 0.002665700 0.002911400 0.002353100 0.002421600 
[1] 0.002138400 0.002136000 0.002445700 0.002137600 0.002413000 0.002435900 0.002134400 0.002134000 0.002132600 0.002192000 
[2] 0.002134700 0.002115600 0.002487200 0.002124200 0.002079300 0.002123100 0.002082800 0.002142300 0.002108800 0.002344000 
[3] 0.002170200 0.002081500 0.002082400 0.002227700 0.002080200 0.002079600 0.002307700 0.002081200 0.002081200 0.002079400 
[4] 0.002083500 0.002081500 0.002911800 0.002339200 0.002895400 0.002135300 0.002401700 0.002196100 0.002168200 0.002299100 
[5] 0.002381600 0.002171500 0.002154300 0.002081400 0.002125100 0.002138200 0.002082000 0.002125000 0.002243800 0.002376900 
[6] 0.002083100 0.002123900 0.002123700 0.002080500 0.002109500 0.002147900 0.002977100 0.002571100 0.003048200 0.002596800 
[7] 0.002250400 0.002138000 0.002641300 0.002152100 0.002459400 0.002135200 0.002148800 0.002187600 0.002136000 0.002112700 
[8] 0.002095100 0.002081000 0.002338700 0.002081200 0.002079300 0.002102300 0.002083700 0.002082200 0.002093300 0.002423100 
[9] 0.002134600 0.002146400 0.002147500 0.002245900 0.002135500 0.002220600 0.002563200 0.002153600 0.002135800 0.002133400 
[AVERAGE] 0.002241830 s
[STANDARD DEVIATION] 0.000217138 s

FEN: 6k1/6pp/5p2/8/5P2/P7/2K4P/8 b - - 0 0
        [0]         [1]         [2]         [3]         [4]         [5]         [6]         [7]         [8]         [9]
[0] 0.000278800 0.000272500 0.000271000 0.000271000 0.000270200 0.000269600 0.000270000 0.000269500 0.000269400 0.000269200 
[1] 0.000269400 0.000268700 0.000269600 0.000269500 0.000269700 0.000269000 0.000269200 0.000277800 0.000261900 0.000262100 
[2] 0.000262300 0.000261800 0.000262300 0.000262300 0.000262300 0.000262200 0.000262800 0.000262400 0.000262200 0.000262800 
[3] 0.000545500 0.000266900 0.000265400 0.000264400 0.000264000 0.000263100 0.000263000 0.000263000 0.000262800 0.000263100 
[4] 0.000262900 0.000262800 0.000263000 0.000262400 0.000262300 0.000262600 0.000262300 0.000262600 0.000262200 0.000262700 
[5] 0.000263300 0.000262600 0.000262700 0.000262500 0.000262400 0.000262500 0.000262100 0.000262800 0.000262500 0.000262600 
[6] 0.000262700 0.000262800 0.000262300 0.000262600 0.000262900 0.000262300 0.000262400 0.000262500 0.000261800 0.000262300 
[7] 0.000262100 0.000262200 0.000263800 0.000263400 0.000263300 0.000262700 0.000262600 0.000262400 0.000262700 0.000262000 
[8] 0.000262700 0.000262400 0.000262200 0.000262300 0.000262500 0.000261800 0.000262300 0.000262300 0.000498400 0.000372300 
[9] 0.000263100 0.000263000 0.000263000 0.000262900 0.000262600 0.000262200 0.000262100 0.000262300 0.000262500 0.000262700 
[AVERAGE] 0.000270419 s
[STANDARD DEVIATION] 0.000037808 s

FEN: 8/3R4/8/r3N2p/P1Pp1P2/2k2K1P/3r4/8 w - - 0 0
        [0]         [1]         [2]         [3]         [4]         [5]         [6]         [7]         [8]         [9]
[0] 0.007520500 0.007734700 0.007489800 0.007760800 0.007496900 0.007859200 0.007494100 0.007782100 0.007492700 0.007632700 
[1] 0.007491200 0.007860600 0.007492100 0.007770800 0.007498900 0.007760900 0.007518900 0.007510300 0.007795800 0.007493600 
[2] 0.007849900 0.007490500 0.007778800 0.007496500 0.007878800 0.007497400 0.007690900 0.007492400 0.007704200 0.007496200 
[3] 0.007898900 0.007490400 0.008568500 0.007578700 0.007899600 0.007494500 0.007849600 0.007586400 0.007989700 0.007488900 
[4] 0.007792600 0.007491900 0.007830600 0.007494700 0.007700400 0.007493000 0.007765000 0.007496500 0.007915600 0.007493000 
[5] 0.008461300 0.008273300 0.007829600 0.007572100 0.007961500 0.007612600 0.008641300 0.007609500 0.007800900 0.007531300 
[6] 0.008863900 0.008806900 0.007780100 0.008178100 0.007489000 0.007810000 0.007493900 0.007801200 0.007496700 0.007769400 
[7] 0.007493400 0.007755100 0.007906700 0.010578600 0.014468000 0.011530200 0.007918900 0.009208800 0.007841000 0.008180400 
[8] 0.008275800 0.008071400 0.007495100 0.007616100 0.008337200 0.009051000 0.008551800 0.007754000 0.007692600 0.007839300 
[9] 0.007580300 0.007793300 0.007589600 0.008042500 0.007963700 0.007766200 0.007505000 0.007758000 0.008377200 0.009969700 
[AVERAGE] 0.007958442 s
[STANDARD DEVIATION] 0.000901272 s

FEN: 6k1/8/6r1/8/5b2/2PR4/4K3/8 w - - 0 0        [0]         [1]         [2]         [3]         [4]         [5]         [6]         [7]         [8]         [9]
[0] 0.004684200 0.004282900 0.004347800 0.004319800 0.004289300 0.004151400 0.004360500 0.004198500 0.004183800 0.004532900 
[1] 0.004198700 0.004517500 0.005775700 0.004460800 0.004604600 0.004381900 0.004214300 0.004193600 0.004233600 0.004472800 
[2] 0.004237700 0.004150700 0.004481100 0.004187800 0.004153200 0.004179100 0.004449100 0.004292700 0.004543500 0.004154000 
[3] 0.004562300 0.004155600 0.004952400 0.006086000 0.004988300 0.004701600 0.004697300 0.004364200 0.004260900 0.004259300 
[4] 0.004247700 0.004534300 0.004200100 0.004241000 0.004614500 0.004878400 0.004916300 0.004633500 0.004679000 0.004353000 
[5] 0.004320900 0.004249700 0.004209700 0.004552500 0.004224600 0.004160800 0.004375900 0.004371700 0.004152200 0.004336500 
[6] 0.005251400 0.005270100 0.004846000 0.004460800 0.004319000 0.004264800 0.004232200 0.004380900 0.004238100 0.004192900 
[7] 0.004235300 0.004444100 0.004195600 0.004231900 0.004205600 0.004650000 0.005219400 0.006682700 0.005370500 0.004541400 
[8] 0.004469500 0.004518200 0.004260700 0.004260100 0.004657600 0.004257700 0.004260700 0.004503000 0.004239000 0.004191900 
[9] 0.004194600 0.004299500 0.004257000 0.004194400 0.004255200 0.004513000 0.004155500 0.004154600 0.004430800 0.004161100 
[AVERAGE] 0.004459805 s
[STANDARD DEVIATION] 0.000407681 s

----------------------------------- AVERAGES ------------------------------------------


---------- REGULAR POSITIONS ----------

    [AVERAGE (s)]    [STANDARD DEVIATION (s)]
 [0] 0.028984604          0.004910684
 [1] 0.021814936          0.002746954
 [2] 0.031175613          0.002652495
 [3] 0.022113634          0.002616781
 [4] 0.029082788          0.001307888
 [5] 0.064051980          0.005789126
 [6] 0.066789909          0.000983381
 [7] 0.035710635          0.003050332
 [8] 0.041143840          0.002281182
 [9] 0.030148704          0.001251938
[10] 0.035931753          0.000926659
[11] 0.015687802          0.000299495
[12] 0.021857838          0.000540436
[13] 0.010826286          0.000440137
[14] 0.053194881          0.001930505
[15] 0.023658543          0.000763378
[16] 0.083716726          0.004707691
[17] 0.030099928          0.000280382
[18] 0.050956022          0.001845059
[19] 0.029812506          0.002528646

---------- TACTICAL POSITINOS ----------

    [AVERAGE (s)]    [STANDARD DEVIATION (s)]
 [0] 0.009522409          0.000702666
 [1] 0.023986051          0.001038575
 [2] 0.010009620          0.000895567
 [3] 0.074684643          0.008550797
 [4] 0.053281871          0.005006126
 [5] 0.011072228          0.001250371
 [6] 0.038973249          0.000974626
 [7] 0.091911481          0.005919986
 [8] 0.030276175          0.002252583
 [9] 0.046723012          0.005924451
[10] 0.043152254          0.005411948
[11] 0.002287790          0.000292389
[12] 0.024288777          0.000884886
[13] 0.004211060          0.000212620
[14] 0.042928619          0.002862695
[15] 0.005773600          0.000611962
[16] 0.058916497          0.002866240
[17] 0.009228105          0.000206489
[18] 0.037235013          0.000672376
[19] 0.019064843          0.001093273

---------- SMALL POSITIONS ----------

    [AVERAGE (s)]    [STANDARD DEVIATION (s)]
 [0] 0.000125444          0.000027286
 [1] 0.003792515          0.000384525
 [2] 0.003930335          0.000463286
 [3] 0.002873647          0.000211704
 [4] 0.000769723          0.000060706
 [5] 0.003544603          0.000264182
 [6] 0.010493097          0.001054546
 [7] 0.002969276          0.000348658
 [8] 0.023504008          0.001917265
 [9] 0.015058607          0.000694981
[10] 0.002962341          0.000116276
[11] 0.001761492          0.000340102
[12] 0.001637994          0.000189560
[13] 0.002157777          0.000190494
[14] 0.000159031          0.000031830
[15] 0.001104971          0.000123787
[16] 0.002241830          0.000217138
[17] 0.000270419          0.000037808
[18] 0.007958442          0.000901272
[19] 0.004459805          0.000407681


----------------------------------- AVERAGES ------------------------------------------





---------- SUMMARY ----------

0.028984604 0.021814936 0.031175613 0.022113634 0.029082788 0.064051980 0.066789909 0.035710635 0.041143840 0.030148704 0.035931753 0.015687802 0.021857838 0.010826286 0.053194881 0.023658543 0.083716726 0.030099928 0.050956022 0.029812506 
0.009522409 0.023986051 0.010009620 0.074684643 0.053281871 0.011072228 0.038973249 0.091911481 0.030276175 0.046723012 0.043152254 0.002287790 0.024288777 0.004211060 0.042928619 0.005773600 0.058916497 0.009228105 0.037235013 0.019064843 
0.000125444 0.003792515 0.003930335 0.002873647 0.000769723 0.003544603 0.010493097 0.002969276 0.023504008 0.015058607 0.002962341 0.001761492 0.001637994 0.002157777 0.000159031 0.001104971 0.002241830 0.000270419 0.007958442 0.004459805 
0.002603787 0.003368697 0.000596611 
