FEN: rn1q1rk1/pbp2pp1/1p2pb1p/3p4/2PP4/2N1PN2/PP2BPPP/R2QK2R w KQ - 0 10
        [0]         [1]         [2]         [3]         [4]         [5]         [6]         [7]         [8]         [9]
[0] 0.014361400 0.013569100 0.013657200 0.015908000 0.014409100 0.014618900 0.013643600 0.013731600 0.015981300 0.014578200 
[1] 0.014260700 0.013516700 0.013719700 0.018166200 0.013813500 0.013901700 0.013639300 0.016161100 0.014023300 0.014320900 
[2] 0.013910500 0.013787200 0.014150200 0.013563000 0.013388100 0.013635000 0.013559900 0.013624700 0.013631800 0.013544000 
[3] 0.013499400 0.013463000 0.013335500 0.013649700 0.013529500 0.015007600 0.014849400 0.013702400 0.013755900 0.015154700 
[4] 0.015343300 0.019158100 0.014380700 0.013861000 0.014190000 0.013525700 0.013692700 0.013828800 0.013630300 0.015906500 
[5] 0.014746500 0.015056500 0.013678400 0.013807500 0.013724000 0.013687900 0.014975800 0.015662100 0.015532900 0.014380000 
[6] 0.014121000 0.014781400 0.016146800 0.013867100 0.013899900 0.016242500 0.016088500 0.013986200 0.013519300 0.013886200 
[7] 0.014395200 0.016527900 0.014209900 0.015135400 0.015719500 0.013748100 0.013722900 0.015765800 0.014654300 0.015935200 
[8] 0.013871300 0.014249100 0.013943400 0.013909300 0.013673000 0.014148600 0.014091200 0.016272400 0.014576700 0.013989000 
[9] 0.013902000 0.013676900 0.015276400 0.014343800 0.014357000 0.014215300 0.014013000 0.013891500 0.013703600 0.013658600 
[AVERAGE] 0.014396069 s
[STANDARD DEVIATION] 0.001020513 s

FEN: rn1q1rk1/pp2ppbp/2p3p1/3p1b2/2PPn3/1P3NP1/P2NPPBP/R1BQ1RK1 w - - 1 9
        [0]         [1]         [2]         [3]         [4]         [5]         [6]         [7]         [8]         [9]
[0] 0.011762200 0.015029100 0.011882500 0.013225600 0.012582300 0.011669900 0.011791800 0.011775200 0.011445900 0.011625000 
[1] 0.011571500 0.011937100 0.013782700 0.012059400 0.011761500 0.011480600 0.011591700 0.012720400 0.013814200 0.011667700 
[2] 0.011916500 0.011648700 0.011912000 0.011583000 0.014092200 0.012354200 0.011680900 0.011664800 0.013797000 0.012061700 
[3] 0.011570100 0.011815900 0.011847200 0.011799700 0.011473700 0.011560000 0.011970100 0.011717800 0.014239400 0.012290200 
[4] 0.013827700 0.011818400 0.012090900 0.011912300 0.011959800 0.012073000 0.013572300 0.011960100 0.011475800 0.011601200 
[5] 0.012970100 0.012970000 0.011911700 0.011464200 0.011535000 0.013148900 0.013429700 0.011790100 0.013690900 0.012974300 
[6] 0.011620600 0.011733300 0.012175200 0.011357700 0.015901800 0.017614500 0.012865800 0.014791500 0.013262100 0.013035700 
[7] 0.012989600 0.013158300 0.014672700 0.015664400 0.016862100 0.014455500 0.012076300 0.011848700 0.012605300 0.011771900 
[8] 0.013750900 0.013127400 0.011989000 0.013063100 0.012328500 0.011762000 0.011563400 0.013408400 0.011798200 0.012339400 
[9] 0.014030600 0.011990500 0.011497100 0.013036900 0.011868600 0.011759700 0.012956000 0.012106600 0.011582600 0.012811300 
[AVERAGE] 0.012555810 s
[STANDARD DEVIATION] 0.001206662 s

FEN: 1rbq1rk1/pp2ppbp/2n2np1/2pp4/5P2/N1PP1NP1/PP2P1BP/R1BQ1RK1 w - - 3 9
        [0]         [1]         [2]         [3]         [4]         [5]         [6]         [7]         [8]         [9]
[0] 0.017997300 0.018734100 0.017550000 0.018468700 0.022500400 0.029117900 0.021349000 0.023853400 0.019542800 0.021972700 
[1] 0.020510500 0.022521700 0.019597900 0.022137100 0.022502200 0.023504800 0.031404800 0.020513000 0.021335700 0.021421400 
[2] 0.021628100 0.024400200 0.023118700 0.036159500 0.023950500 0.023292000 0.026281600 0.024308700 0.024368700 0.022484600 
[3] 0.021929900 0.022752000 0.020812900 0.018813000 0.020597000 0.017607700 0.019601000 0.023221600 0.025689800 0.018600100 
[4] 0.018894000 0.018839300 0.019104700 0.018718900 0.021809300 0.022129400 0.020120400 0.023537300 0.021796700 0.022726000 
[5] 0.022756600 0.021285600 0.025066200 0.027187300 0.020601700 0.020569400 0.019578800 0.018715900 0.018955300 0.018167400 
[6] 0.017929800 0.018233700 0.018075300 0.018726700 0.019649500 0.018281700 0.018474100 0.018038800 0.017712100 0.017648300 
[7] 0.020340300 0.022802200 0.020546700 0.020065400 0.019745600 0.024666700 0.020453200 0.024286400 0.023346800 0.019181000 
[8] 0.017879500 0.017859900 0.018326700 0.018163500 0.018317500 0.018212200 0.018256400 0.018319600 0.018368400 0.018281500 
[9] 0.017835800 0.018131000 0.018086200 0.018020300 0.018182800 0.017858300 0.018269500 0.017973600 0.017798300 0.017996800 
[AVERAGE] 0.020770553 s
[STANDARD DEVIATION] 0.003147866 s

FEN: r2qkb1r/pp1n1ppp/2p2n2/3pp3/6b1/3P1NP1/PPPNPPBP/R1BQ1RK1 w kq - 0 7
        [0]         [1]         [2]         [3]         [4]         [5]         [6]         [7]         [8]         [9]
[0] 0.024727000 0.024484400 0.024514700 0.024085900 0.026753300 0.024963800 0.024108500 0.024421000 0.024635600 0.025009400 
[1] 0.024716600 0.024057800 0.024426100 0.023638400 0.024905800 0.024607300 0.024849100 0.025529500 0.024696300 0.024980300 
[2] 0.024366700 0.025141100 0.023473200 0.023991100 0.025318900 0.024072000 0.024548400 0.024388600 0.024707200 0.024134400 
[3] 0.023661400 0.025372400 0.025284100 0.024444000 0.024282800 0.024327000 0.024125700 0.025323800 0.025242000 0.024590000 
[4] 0.024712800 0.024149300 0.025335200 0.024237800 0.024646100 0.024329700 0.023949400 0.024510700 0.024454000 0.024504900 
[5] 0.024959900 0.025167100 0.024450400 0.023582500 0.023909800 0.024266400 0.024523100 0.024189900 0.024908300 0.024546200 
[6] 0.024294800 0.024234900 0.024468000 0.023566800 0.026034500 0.024706600 0.024411400 0.025014600 0.023996400 0.024469200 
[7] 0.024152700 0.024451700 0.024641100 0.024080700 0.024444700 0.024734700 0.025048400 0.025424300 0.024404900 0.024492200 
[8] 0.024259100 0.024472800 0.024372900 0.024159900 0.025180100 0.023974200 0.023972000 0.023318500 0.024519600 0.025501000 
[9] 0.024051900 0.024526100 0.024207300 0.024408200 0.024253600 0.027406200 0.025010600 0.024447200 0.025230500 0.030787400 
[AVERAGE] 0.024633708 s
[STANDARD DEVIATION] 0.000864604 s

FEN: rnbqkb1r/pp3pp1/2p1pn1p/8/2pP3B/2N2N2/PP2PPPP/R2QKB1R w KQkq - 0 7
        [0]         [1]         [2]         [3]         [4]         [5]         [6]         [7]         [8]         [9]
[0] 0.048916300 0.063868400 0.043519800 0.041469600 0.042016600 0.042709000 0.041499100 0.041920000 0.042561100 0.042222600 
[1] 0.042159000 0.041780400 0.043156400 0.042427800 0.045289900 0.045824300 0.053181800 0.042050500 0.041599000 0.041724800 
[2] 0.041850900 0.041580200 0.041874500 0.042557800 0.041442700 0.041985400 0.042232400 0.041678800 0.041852400 0.041515400 
[3] 0.041658700 0.042109500 0.042713200 0.041445300 0.042458300 0.041827000 0.041951300 0.042058200 0.042477500 0.042709200 
[4] 0.041270200 0.041752400 0.041793200 0.041482900 0.041827000 0.041727500 0.041700800 0.041995300 0.042632100 0.041713100 
[5] 0.042448800 0.045579600 0.042022300 0.041511600 0.041932100 0.042003300 0.041722700 0.041818500 0.041977800 0.041555900 
[6] 0.042744300 0.042004700 0.041703600 0.042164800 0.042004300 0.043505900 0.044173900 0.043292400 0.041907900 0.044075100 
[7] 0.044420200 0.042162900 0.041480700 0.041749100 0.041927400 0.042343600 0.043159400 0.042854900 0.042768300 0.043398100 
[8] 0.042533000 0.043357100 0.045225300 0.043889700 0.043485500 0.043068000 0.047513800 0.050769800 0.053760900 0.054764100 
[9] 0.048809300 0.047177400 0.050919200 0.051353700 0.054010500 0.049959900 0.048505200 0.050837200 0.050204800 0.049271200 
[AVERAGE] 0.043935993 s
[STANDARD DEVIATION] 0.003829673 s

FEN: r3k2r/pppqb1pp/2np1n2/4p2b/P1B1P3/2N1BN1P/1PP2PP1/R2Q1RK1 b kq - 0 11
        [0]         [1]         [2]         [3]         [4]         [5]         [6]         [7]         [8]         [9]
[0] 0.101377900 0.101086100 0.112332700 0.110057600 0.104339900 0.110380100 0.105272000 0.110599100 0.107609800 0.103811600 
[1] 0.106379300 0.108362700 0.117093200 0.103077700 0.103153700 0.103468000 0.103296900 0.101347000 0.096574900 0.095523400 
[2] 0.096122000 0.099000900 0.095414300 0.095972200 0.096357800 0.095538600 0.098483900 0.096968700 0.098587600 0.099865400 
[3] 0.094777200 0.096516000 0.102158900 0.099353100 0.114415200 0.118572800 0.142882800 0.120439600 0.116099700 0.110239200 
[4] 0.111959300 0.128259400 0.110920600 0.097498800 0.103867000 0.101555000 0.101736300 0.096691700 0.097991300 0.095967200 
[5] 0.095929600 0.097134700 0.098408600 0.098915200 0.100667200 0.102214300 0.095201400 0.099438100 0.108311700 0.105454900 
[6] 0.095417900 0.098792700 0.099906000 0.095489300 0.097217900 0.096578200 0.099665900 0.104043700 0.100171300 0.100434100 
[7] 0.099863200 0.098306000 0.097820600 0.097067700 0.096798900 0.098555700 0.096291400 0.098464200 0.103212200 0.112920900 
[8] 0.109758800 0.101176800 0.117656400 0.109111800 0.112972500 0.119066800 0.118862300 0.109879500 0.101979200 0.104431100 
[9] 0.145496000 0.127711300 0.120377500 0.119861100 0.119791500 0.119016100 0.114214400 0.118036800 0.108945800 0.104624100 
[AVERAGE] 0.105310194 s
[STANDARD DEVIATION] 0.009837566 s

FEN: r3k2r/1ppqb1pp/p1np1n2/4p2b/P1B1P3/2N1BN1P/1PP2PP1/R2QR1K1 b kq - 1 12
        [0]         [1]         [2]         [3]         [4]         [5]         [6]         [7]         [8]         [9]
[0] 0.107380700 0.107802200 0.107320500 0.107045800 0.107446400 0.110812100 0.108286400 0.111392500 0.113159100 0.108567600 
[1] 0.107172700 0.124744000 0.121767800 0.111791100 0.107290600 0.109515400 0.110085300 0.112049500 0.120101100 0.127999900 
[2] 0.122031600 0.119582600 0.109388300 0.107694900 0.112717400 0.108459400 0.117683700 0.114792300 0.113197700 0.110784200 
[3] 0.107234600 0.117458100 0.115560500 0.108309100 0.107382800 0.110725800 0.111680500 0.119201700 0.111023900 0.107249800 
[4] 0.110044900 0.113276000 0.111787100 0.107601000 0.107636300 0.110968700 0.106566900 0.108112700 0.111444700 0.129058500 
[5] 0.120908000 0.120396600 0.117492600 0.114235700 0.107959400 0.110118600 0.120899800 0.113085600 0.108771200 0.113438000 
[6] 0.113744700 0.109256300 0.113200500 0.113480900 0.115655400 0.110766300 0.108088300 0.140243400 0.143535400 0.120591000 
[7] 0.120351200 0.112778200 0.107057900 0.107829500 0.112159400 0.106623800 0.107409300 0.107908400 0.121564100 0.114540500 
[8] 0.120504700 0.125377000 0.122110300 0.119134400 0.115632200 0.108867700 0.112942500 0.107171800 0.107883400 0.108887300 
[9] 0.107383000 0.107798400 0.107476400 0.106361900 0.108045300 0.107094300 0.107737800 0.108690600 0.107354900 0.107622300 
[AVERAGE] 0.112885526 s
[STANDARD DEVIATION] 0.006821197 s

FEN: rn1qkb1r/1pp2ppp/p3bn2/3p2B1/3P4/2N1PN2/PP3PPP/R2QKB1R b KQkq - 0 7
        [0]         [1]         [2]         [3]         [4]         [5]         [6]         [7]         [8]         [9]
[0] 0.030685400 0.030332500 0.030495800 0.030102700 0.030291500 0.030120800 0.030052200 0.030492200 0.030373800 0.030447700 
[1] 0.030040600 0.030303300 0.030900900 0.031063600 0.031455800 0.030325400 0.030859700 0.030961600 0.029667600 0.030608700 
[2] 0.030723100 0.030347900 0.030026500 0.030500700 0.031245500 0.030557000 0.030799000 0.030671600 0.030752300 0.029991800 
[3] 0.029987800 0.030349600 0.030126100 0.030193600 0.030170100 0.030693400 0.030313400 0.030676200 0.030271900 0.030732100 
[4] 0.030239700 0.030493100 0.034277900 0.038083800 0.034995500 0.037289500 0.036264000 0.036943500 0.037369800 0.035267700 
[5] 0.033692100 0.034305800 0.034248700 0.033769000 0.033818800 0.033942700 0.033314600 0.032668600 0.031006900 0.031420500 
[6] 0.031348200 0.031752600 0.030245100 0.031554600 0.034581300 0.038032800 0.036332400 0.038437000 0.036080700 0.037435700 
[7] 0.035073300 0.035884500 0.035843100 0.036853800 0.035797300 0.035921000 0.035188300 0.031430900 0.035219000 0.031352200 
[8] 0.030617700 0.031409500 0.031675900 0.029983600 0.030236700 0.030446500 0.030540200 0.030980700 0.030110300 0.029728600 
[9] 0.030274000 0.029884000 0.037192600 0.035348600 0.036079500 0.035230400 0.035830000 0.036990900 0.037198300 0.033982700 
[AVERAGE] 0.032502281 s
[STANDARD DEVIATION] 0.002649464 s

FEN: r2qkb1r/1p1n1p1p/p1bpp3/2p5/4P3/2N3QP/PPP2PP1/R1B1RBK1 b kq - 1 13
        [0]         [1]         [2]         [3]         [4]         [5]         [6]         [7]         [8]         [9]
[0] 0.024868600 0.023583600 0.023793500 0.023379700 0.023721500 0.023605000 0.024519400 0.028532500 0.027959000 0.027748400 
[1] 0.027436100 0.029366500 0.028184200 0.027998100 0.027053000 0.027823300 0.027259400 0.026730900 0.026615400 0.026551900 
[2] 0.026077200 0.026189700 0.026838400 0.026534600 0.027196000 0.027249200 0.026070000 0.025539900 0.023727400 0.023825900 
[3] 0.024531800 0.024173300 0.023753700 0.023690600 0.023403700 0.023999000 0.025518500 0.023736700 0.023933800 0.023838900 
[4] 0.023801500 0.023592400 0.023973500 0.023478700 0.024176900 0.023315500 0.023415000 0.023375800 0.023491700 0.023251300 
[5] 0.023533300 0.023332200 0.023482800 0.023188600 0.024598000 0.023755500 0.023953600 0.023341600 0.023662000 0.023255900 
[6] 0.023711700 0.023295400 0.023578600 0.023571100 0.023488700 0.023233600 0.023409700 0.023587200 0.023724400 0.023362300 
[7] 0.023803200 0.024329900 0.023828600 0.024173700 0.024630200 0.024456400 0.024394400 0.024298800 0.024006200 0.024479600 
[8] 0.023730700 0.023794400 0.023473500 0.023493800 0.023644600 0.023354400 0.024005700 0.023488000 0.023493200 0.023325000 
[9] 0.023471300 0.023808100 0.024225300 0.023350000 0.023698400 0.023523100 0.023934300 0.023905200 0.023612000 0.023087500 
[AVERAGE] 0.024483163 s
[STANDARD DEVIATION] 0.001505305 s

FEN: rn1q1rk1/p1p2ppp/bp3n2/3p4/1b1P4/2N1PN2/PPBB1PPP/R2QK2R b KQ - 3 9
        [0]         [1]         [2]         [3]         [4]         [5]         [6]         [7]         [8]         [9]
[0] 0.011422100 0.011478400 0.011053400 0.011409100 0.011391500 0.011405800 0.011123700 0.011356300 0.011238700 0.011085500 
[1] 0.011496700 0.011238500 0.012214300 0.011946600 0.011583500 0.011311500 0.011354200 0.011093700 0.011394600 0.011350900 
[2] 0.011429900 0.011117400 0.011228700 0.011237900 0.011059800 0.011362100 0.011432600 0.011283400 0.011025300 0.011945700 
[3] 0.012024500 0.011710200 0.011825200 0.011637700 0.012125500 0.012441500 0.011391800 0.011903500 0.011590200 0.011460100 
[4] 0.011117400 0.011328000 0.011453200 0.011174500 0.011082700 0.011349100 0.011375900 0.011039000 0.012066300 0.011437200 
[5] 0.011486200 0.011795900 0.011512200 0.011429700 0.012068900 0.011226800 0.011811500 0.012143500 0.011642800 0.011296700 
[6] 0.011991500 0.011519200 0.011569500 0.011192700 0.011567300 0.011575900 0.011235400 0.011355700 0.011338500 0.011276500 
[7] 0.011055200 0.011473400 0.014417700 0.014003900 0.016147000 0.013341300 0.011707800 0.011188400 0.011484200 0.011588300 
[8] 0.011604200 0.011396800 0.011568900 0.011584700 0.011068400 0.011191500 0.011366100 0.011266600 0.011369100 0.011334700 
[9] 0.011741000 0.011511300 0.012340000 0.012670800 0.013214300 0.012268700 0.012066200 0.012494800 0.012196700 0.012978700 
[AVERAGE] 0.011672824 s
[STANDARD DEVIATION] 0.000737475 s

FEN: rnbq1rk1/pp2bppp/4pn2/3p4/2PN4/6P1/PPQ1PPBP/RNB2RK1 b - - 0 8
        [0]         [1]         [2]         [3]         [4]         [5]         [6]         [7]         [8]         [9]
[0] 0.021232900 0.022951600 0.022830300 0.021858100 0.021739300 0.021205200 0.020676200 0.021130500 0.020413400 0.020889800 
[1] 0.021407500 0.020759100 0.021524100 0.020236300 0.019788900 0.021196400 0.020274900 0.020338700 0.020318700 0.019781700 
[2] 0.019700700 0.019835500 0.019905700 0.019648300 0.019989200 0.019730300 0.019972300 0.019624000 0.019631200 0.019869700 
[3] 0.019706700 0.019650600 0.019663100 0.020029700 0.019539200 0.019817100 0.019538000 0.019910600 0.019608200 0.019604400 
[4] 0.019823900 0.019807900 0.019709400 0.019608300 0.019567200 0.020025600 0.019596500 0.019787500 0.019934000 0.019703600 
[5] 0.019638100 0.019419200 0.020981700 0.019786400 0.020390200 0.020400300 0.020296100 0.019659100 0.019745500 0.020627100 
[6] 0.019895700 0.020539300 0.019961000 0.020681500 0.020403400 0.020771800 0.019910700 0.020352100 0.019831800 0.020005300 
[7] 0.019806900 0.019606400 0.019966100 0.020000900 0.020064600 0.019798400 0.020659100 0.019757700 0.020340300 0.020185300 
[8] 0.020775200 0.019778600 0.020335900 0.021629900 0.023077000 0.023445900 0.022908900 0.023104600 0.023582500 0.023173300 
[9] 0.021996500 0.021925600 0.022020400 0.021366600 0.021624900 0.021765000 0.020440700 0.020289300 0.019735300 0.019866600 
[AVERAGE] 0.020494167 s
[STANDARD DEVIATION] 0.001021095 s

FEN: rnbqkb1r/pp1p1ppp/4pn2/2p5/2PP4/4PN2/PP3PPP/RNBQKB1R b KQkq - 0 4
        [0]         [1]         [2]         [3]         [4]         [5]         [6]         [7]         [8]         [9]
[0] 0.009255900 0.008883900 0.009062400 0.008937900 0.009127300 0.009147000 0.008875100 0.009026800 0.008796200 0.009278300 
[1] 0.009151400 0.008907000 0.008970500 0.008840200 0.009288500 0.008882600 0.009674700 0.009379400 0.009278500 0.009957100 
[2] 0.010056600 0.009459100 0.010231700 0.009158200 0.009779100 0.009180400 0.008780900 0.010475800 0.009747100 0.009394100 
[3] 0.009178400 0.008882800 0.009079100 0.008843400 0.009072000 0.009088200 0.008992800 0.009030100 0.008824800 0.009205600 
[4] 0.008770500 0.009026900 0.009030900 0.008796800 0.009103500 0.008750400 0.008962000 0.008812900 0.009157400 0.009304400 
[5] 0.009312100 0.009409200 0.008890300 0.009032600 0.008789200 0.009296200 0.009160300 0.008759700 0.009060600 0.008820200 
[6] 0.009100200 0.008849300 0.008748200 0.009077700 0.008844400 0.009157700 0.008901300 0.009408400 0.009431100 0.008958500 
[7] 0.009109200 0.008777900 0.008985600 0.008808800 0.008990400 0.009098600 0.008747700 0.009057700 0.008781500 0.008946900 
[8] 0.008750400 0.009174700 0.009040600 0.008771900 0.009055900 0.008802400 0.009154500 0.008845800 0.009011300 0.008971800 
[9] 0.008790900 0.008960200 0.008786200 0.009236300 0.008857100 0.009011100 0.009106800 0.008784400 0.009019100 0.008747200 
[AVERAGE] 0.009080867 s
[STANDARD DEVIATION] 0.000317566 s

FEN: rnbqk2r/ppp2ppp/4pn2/3p4/1bPP4/2N2P2/PP2P1PP/R1BQKBNR w KQkq - 0 5
        [0]         [1]         [2]         [3]         [4]         [5]         [6]         [7]         [8]         [9]
[0] 0.004170600 0.004019600 0.004002200 0.004056100 0.004459600 0.004021000 0.004037600 0.004030900 0.004318200 0.003999800 
[1] 0.003998100 0.003951200 0.004252300 0.004051100 0.003999100 0.004366700 0.004024800 0.003993500 0.003948200 0.004198000 
[2] 0.004050400 0.004047700 0.004008900 0.004343300 0.003973900 0.003983200 0.003981100 0.004380400 0.004034000 0.004004100 
[3] 0.004030000 0.004363800 0.004006100 0.004010000 0.004122900 0.004196100 0.004013400 0.003999000 0.004323200 0.003986500 
[4] 0.004009700 0.003988200 0.004236800 0.004007400 0.003954600 0.004024700 0.004311800 0.004054500 0.004020600 0.004040700 
[5] 0.004381300 0.004004800 0.004047600 0.003995800 0.004228900 0.003994700 0.003955600 0.004290800 0.004042600 0.004010500 
[6] 0.003989900 0.004339100 0.004019500 0.003972700 0.003964800 0.004244600 0.004019500 0.004036800 0.004020100 0.004202200 
[7] 0.003982800 0.004013600 0.004036900 0.004387300 0.004068400 0.004067600 0.004028000 0.004317700 0.003994600 0.004034700 
[8] 0.004301500 0.004013300 0.003989700 0.004017900 0.004467000 0.004009100 0.003981000 0.003974300 0.004320000 0.004002900 
[9] 0.004001400 0.004047000 0.004310200 0.004027300 0.004058200 0.004020900 0.004387300 0.004026500 0.004010700 0.004274800 
[AVERAGE] 0.004093400 s
[STANDARD DEVIATION] 0.000139987 s

FEN: rnbqr1k1/pp1p1ppp/2p2n2/4p3/2P1P3/2P2PP1/P2P1K1P/R1BQ1BNR w - - 0 8
        [0]         [1]         [2]         [3]         [4]         [5]         [6]         [7]         [8]         [9]
[0] 0.010537700 0.010548900 0.010720000 0.010275000 0.010539500 0.010480100 0.010246900 0.010617300 0.010458600 0.010196900 
[1] 0.010281800 0.010559800 0.010315100 0.010965500 0.010515100 0.010251300 0.010633000 0.010644400 0.010311000 0.010445800 
[2] 0.010635300 0.010226300 0.010535900 0.010612100 0.010334400 0.010463500 0.010632500 0.010615500 0.010993100 0.011994200 
[3] 0.012207400 0.010562300 0.011128900 0.010964700 0.010297200 0.010606100 0.010675400 0.010294700 0.010880000 0.010576000 
[4] 0.010366300 0.010481400 0.010645600 0.010193000 0.010422600 0.010561600 0.010303000 0.010711400 0.010533500 0.010288900 
[5] 0.010627400 0.010624200 0.010222500 0.010627400 0.010435900 0.010234500 0.010469700 0.010507800 0.010271400 0.010436500 
[6] 0.010681700 0.010492900 0.010621900 0.010928000 0.010776900 0.010297900 0.010558900 0.010582700 0.010218600 0.010538700 
[7] 0.010419000 0.010339700 0.010379400 0.010491200 0.010286900 0.010555900 0.010501900 0.010301900 0.010748900 0.010572100 
[8] 0.010266100 0.010520900 0.010718000 0.010231200 0.010448100 0.010488200 0.010148000 0.010597300 0.010642700 0.010331000 
[9] 0.010663300 0.010921500 0.010185300 0.010536300 0.010722800 0.010254500 0.010514500 0.010546300 0.010259600 0.010353300 
[AVERAGE] 0.010533878 s
[STANDARD DEVIATION] 0.000301305 s

FEN: r1bq1rk1/1p2bppp/p1n1pn2/8/P1BP4/2N1BN2/1P3PPP/R2Q1RK1 w - - 3 11
        [0]         [1]         [2]         [3]         [4]         [5]         [6]         [7]         [8]         [9]
[0] 0.017694600 0.017454800 0.017543500 0.017884200 0.018050700 0.017670200 0.017640900 0.017445800 0.017564000 0.017459400 
[1] 0.017617700 0.018365000 0.017721100 0.018035600 0.017655000 0.017551700 0.018032500 0.017538700 0.017980600 0.017429900 
[2] 0.017502100 0.017686800 0.017267100 0.017404300 0.017708000 0.017514700 0.017779600 0.017517500 0.017830600 0.017452100 
[3] 0.017342000 0.017434400 0.017525400 0.017456200 0.019214500 0.019661900 0.019115400 0.019383700 0.020899200 0.019611400 
[4] 0.019918700 0.019060600 0.019773200 0.018652300 0.018542500 0.018346100 0.018087700 0.017844700 0.017540000 0.017570300 
[5] 0.017484500 0.017495800 0.017560700 0.017522800 0.020272400 0.017898600 0.017551300 0.017657700 0.017649100 0.017493200 
[6] 0.018149200 0.017993700 0.017830200 0.018207500 0.018710100 0.019051800 0.018994400 0.019373800 0.018953100 0.019139300 
[7] 0.018985300 0.019439200 0.019295500 0.018867700 0.019423200 0.019234300 0.018332600 0.018186200 0.018573300 0.017669300 
[8] 0.018156300 0.018463400 0.017706700 0.017944000 0.017583100 0.017609500 0.017460000 0.017613800 0.017706200 0.017749600 
[9] 0.017839600 0.017465900 0.017451900 0.017585600 0.017668500 0.017589000 0.017576700 0.017702000 0.017532800 0.017529600 
[AVERAGE] 0.018099089 s
[STANDARD DEVIATION] 0.000769133 s

FEN: rn1q1rk1/pbpp1ppp/8/3nP3/2BP4/5PP1/P6P/R1BQK1NR w KQ - 1 11
        [0]         [1]         [2]         [3]         [4]         [5]         [6]         [7]         [8]         [9]
[0] 0.013030600 0.013140500 0.012636900 0.014604300 0.012966800 0.012950900 0.012780100 0.013049800 0.012627100 0.012875100 
[1] 0.012786800 0.013151700 0.013401600 0.014113800 0.012686300 0.012885900 0.012906600 0.012763600 0.012793300 0.012795400 
[2] 0.012437000 0.013073300 0.012685800 0.012692500 0.012692500 0.012529600 0.012712800 0.012709700 0.012669500 0.012710900 
[3] 0.012715400 0.012582200 0.012945500 0.012735500 0.012486300 0.012716500 0.012383900 0.012720100 0.012818400 0.012798600 
[4] 0.012669100 0.012427000 0.012933100 0.012660300 0.014164000 0.013538000 0.012901500 0.012466100 0.012740600 0.012968200 
[5] 0.012918400 0.012852600 0.012771700 0.012431900 0.013201300 0.014293600 0.015211400 0.013800700 0.012551200 0.012743100 
[6] 0.013003000 0.012741700 0.012909800 0.012764200 0.012375500 0.012834400 0.012928900 0.012919600 0.012706400 0.012405400 
[7] 0.012679400 0.013321000 0.012683900 0.012719700 0.012777500 0.012582800 0.012671400 0.012747700 0.012894000 0.012692100 
[8] 0.012419400 0.013129100 0.012769500 0.012905800 0.012834800 0.013001900 0.012552400 0.012616100 0.012625100 0.012980500 
[9] 0.012756200 0.012716700 0.012815700 0.012969600 0.012707100 0.012644700 0.012738100 0.012341700 0.012772700 0.013279500 
[AVERAGE] 0.012879419 s
[STANDARD DEVIATION] 0.000446356 s

FEN: r2qk2r/1p1n1ppp/p1pbbn2/3p2B1/3P4/2NBPN1P/PP3PP1/R2QK2R w KQkq - 0 10
        [0]         [1]         [2]         [3]         [4]         [5]         [6]         [7]         [8]         [9]
[0] 0.081163400 0.082338600 0.086159300 0.080871500 0.081388000 0.081834400 0.082562600 0.082438700 0.083377300 0.084529100 
[1] 0.082417100 0.080808600 0.081584100 0.083343500 0.086690300 0.085423500 0.088791700 0.088982900 0.087274600 0.085196300 
[2] 0.080995500 0.080772000 0.080828300 0.080760500 0.081666500 0.080872600 0.080678900 0.082077200 0.081183900 0.080280600 
[3] 0.080823600 0.080921900 0.080678400 0.083767900 0.081575000 0.080944800 0.080586800 0.080910500 0.081250000 0.081353600 
[4] 0.083207300 0.081506600 0.081564500 0.080479800 0.080655800 0.081843800 0.080779500 0.081191500 0.081617000 0.081316600 
[5] 0.084272200 0.082107100 0.080493100 0.080909300 0.080847600 0.080981800 0.081054300 0.080836600 0.081862500 0.081070300 
[6] 0.080641700 0.080878700 0.081408200 0.080630600 0.080852400 0.081750300 0.081287000 0.082202000 0.081067800 0.081116700 
[7] 0.082061800 0.081434700 0.080908300 0.080897900 0.081292800 0.081342100 0.081033600 0.080925800 0.080863400 0.080692000 
[8] 0.083015800 0.080937300 0.080680400 0.080741700 0.080911100 0.081302300 0.080757000 0.080939300 0.081668200 0.080925400 
[9] 0.080549400 0.081760700 0.081590200 0.081448900 0.081627900 0.080945800 0.081657600 0.080845100 0.081335000 0.083628300 
[AVERAGE] 0.081792564 s
[STANDARD DEVIATION] 0.001672318 s

FEN: r1bq1rk1/pp2bppp/2n1pn2/2pp4/P3PB2/3P1NP1/1PP2PBP/RN1Q1RK1 b - - 2 8
        [0]         [1]         [2]         [3]         [4]         [5]         [6]         [7]         [8]         [9]
[0] 0.018090700 0.017365700 0.013671900 0.013491600 0.013564100 0.013665400 0.013367300 0.013457200 0.013508500 0.013059600 
[1] 0.013366100 0.013288800 0.013450200 0.013605500 0.013350600 0.013438200 0.013142200 0.013429900 0.013390500 0.013485200 
[2] 0.013760700 0.013955300 0.013597600 0.013449900 0.013079700 0.013447700 0.013484600 0.013467000 0.013488100 0.013470000 
[3] 0.013480100 0.013513400 0.013328700 0.013601200 0.013260300 0.013351300 0.013442200 0.013194900 0.013110300 0.013429100 
[4] 0.013450600 0.013336000 0.013363100 0.013453600 0.013316000 0.013113700 0.013237800 0.013405100 0.013324700 0.013445000 
[5] 0.013456700 0.013369200 0.013138600 0.013351500 0.013457200 0.013373400 0.013292000 0.013498400 0.013099400 0.013416500 
[6] 0.013823800 0.013529600 0.013420200 0.013474500 0.013863400 0.013893500 0.013054000 0.013408700 0.013383000 0.013382500 
[7] 0.013499600 0.013443500 0.013450100 0.013244700 0.013360600 0.013461200 0.013511900 0.013422400 0.013927600 0.013387600 
[8] 0.013645200 0.013314000 0.013425600 0.014154100 0.013616800 0.013410700 0.013351200 0.013398800 0.013111900 0.013724700 
[9] 0.013412100 0.013412600 0.013442900 0.013394000 0.013414100 0.013558400 0.013682700 0.013544700 0.013646600 0.013646000 
[AVERAGE] 0.013532493 s
[STANDARD DEVIATION] 0.000630972 s

FEN: r1bqr1k1/ppp2ppp/2n5/2bnp3/8/2NP1NP1/PP2PPBP/R1BQ1RK1 w - - 1 9
        [0]         [1]         [2]         [3]         [4]         [5]         [6]         [7]         [8]         [9]
[0] 0.023008600 0.023131700 0.022866800 0.023278900 0.022915500 0.023225500 0.023008900 0.023299300 0.022950200 0.023179700 
[1] 0.023063000 0.023326200 0.022900500 0.023319300 0.023685400 0.023630400 0.022913000 0.023720700 0.022910000 0.023512100 
[2] 0.024170500 0.023596600 0.023071200 0.023193100 0.022888400 0.023281600 0.022910900 0.023356300 0.023385200 0.023464800 
[3] 0.023363900 0.023499700 0.023071100 0.023503800 0.023206200 0.023248400 0.023024000 0.023058900 0.023375600 0.022905100 
[4] 0.023303400 0.022891500 0.023493800 0.023168200 0.023484100 0.022960900 0.023491200 0.023125300 0.023463200 0.023000500 
[5] 0.023393600 0.022921200 0.023425900 0.022900700 0.023551200 0.023359800 0.023322800 0.022992400 0.023463700 0.023117400 
[6] 0.023149700 0.023478700 0.023816300 0.022960600 0.023356400 0.023046700 0.023287500 0.022826300 0.023400800 0.022864700 
[7] 0.023271800 0.023366700 0.023329300 0.022914800 0.023053200 0.023233400 0.023845400 0.023534200 0.023047600 0.023256600 
[8] 0.022885700 0.023217700 0.022910200 0.023192600 0.023160600 0.023311400 0.022914900 0.023239400 0.023145200 0.023308500 
[9] 0.023342400 0.023271500 0.023599200 0.023144800 0.023156200 0.023088300 0.023024100 0.023382100 0.023008400 0.023257500 
[AVERAGE] 0.023228532 s
[STANDARD DEVIATION] 0.000253683 s

FEN: rnbqk2r/ppp2pp1/5n1p/3p4/1b1P3B/2N2N2/PP2PPPP/R2QKB1R b KQkq - 1 7
        [0]         [1]         [2]         [3]         [4]         [5]         [6]         [7]         [8]         [9]
[0] 0.019262400 0.019251800 0.019089400 0.019987700 0.019159200 0.019503100 0.019351800 0.019783000 0.019277700 0.019404000 
[1] 0.019455700 0.019662600 0.019223500 0.018981000 0.020009900 0.019727400 0.019961600 0.022608900 0.020571000 0.021487900 
[2] 0.019510500 0.019264200 0.019906900 0.018944500 0.019015200 0.021912900 0.019686700 0.019149000 0.019161200 0.019828900 
[3] 0.019330000 0.019384500 0.019029200 0.019768400 0.019334700 0.019182600 0.019120400 0.019116800 0.019439700 0.019391900 
[4] 0.019355200 0.019608500 0.019761500 0.019484800 0.019483500 0.019258000 0.019536200 0.019415600 0.019497000 0.019631000 
[5] 0.019958100 0.019590100 0.019571100 0.019439100 0.019900200 0.019331400 0.019021700 0.019046800 0.019958000 0.019397900 
[6] 0.019322800 0.019414000 0.019605900 0.019392600 0.019474700 0.019416000 0.019556700 0.019508000 0.019349100 0.019354100 
[7] 0.019119800 0.019427100 0.019541100 0.019675400 0.019894400 0.019229800 0.019071300 0.019260200 0.019557400 0.019241800 
[8] 0.019212900 0.019389200 0.019820900 0.019546300 0.019388400 0.019529200 0.020077800 0.019765400 0.019322100 0.019447900 
[9] 0.019481700 0.019414700 0.019161600 0.019244000 0.019343600 0.019700800 0.019396700 0.019242200 0.019245300 0.019573300 
[AVERAGE] 0.019531997 s
[STANDARD DEVIATION] 0.000521977 s

FEN: 2r5/1p2kp2/p3pn1P/6R1/6p1/2P3P1/2PR4/6K1 b - - 4 31
        [0]         [1]         [2]         [3]         [4]         [5]         [6]         [7]         [8]         [9]
[0] 0.003535600 0.003459900 0.003474300 0.003751000 0.003472300 0.003467100 0.003495100 0.003802900 0.003559100 0.003448600 
[1] 0.003487000 0.003460000 0.003758400 0.003477400 0.003457600 0.003466900 0.003768900 0.003515000 0.003447600 0.003467300 
[2] 0.003477400 0.003713300 0.003463600 0.003487900 0.003454900 0.003718700 0.003491000 0.003476100 0.003453300 0.003461800 
[3] 0.003657400 0.003471300 0.003465100 0.003481300 0.003832300 0.003492900 0.003458100 0.003454700 0.003694100 0.003457200 
[4] 0.003461700 0.003460800 0.003471900 0.003667600 0.003475100 0.003478000 0.003465400 0.003903600 0.003452800 0.003456800 
[5] 0.003482800 0.003464100 0.004237000 0.003479700 0.003467100 0.003484400 0.003689300 0.003459200 0.003471900 0.003470700 
[6] 0.003801700 0.003484100 0.003459900 0.003497100 0.003486800 0.003767000 0.003467200 0.003490000 0.003463100 0.003756900 
[7] 0.003473400 0.003468300 0.003471400 0.003487900 0.003846300 0.003459100 0.003454800 0.003469400 0.003770500 0.003475900 
[8] 0.003492600 0.003457300 0.003718100 0.003472500 0.003479700 0.003484800 0.003499600 0.003778400 0.003500100 0.003476600 
[9] 0.003479200 0.003845900 0.003582500 0.003494400 0.003475600 0.003473600 0.003730000 0.003476100 0.003486000 0.003466700 
[AVERAGE] 0.003543548 s
[STANDARD DEVIATION] 0.000139288 s

FEN: 1r4k1/p5p1/5p1p/q2p4/2rPn3/b1PQRN1P/P1RB1PP1/6K1 w - - 1 2
        [0]         [1]         [2]         [3]         [4]         [5]         [6]         [7]         [8]         [9]
[0] 0.016367900 0.016345000 0.016597900 0.016234800 0.016309400 0.016452100 0.016303800 0.016359800 0.016355500 0.016323000 
[1] 0.016285900 0.016362800 0.016185100 0.016446500 0.016306800 0.016293900 0.016354800 0.016467800 0.016298300 0.016213300 
[2] 0.016432700 0.016378200 0.016221300 0.016708900 0.016359100 0.016474600 0.016069200 0.016672100 0.016565400 0.016352600 
[3] 0.016492700 0.016935000 0.016220800 0.016610900 0.016415700 0.016394500 0.016271000 0.016188000 0.016379900 0.016496500 
[4] 0.016392000 0.016320100 0.016323000 0.016526000 0.016279200 0.016289000 0.016348500 0.016350300 0.016400700 0.016427200 
[5] 0.016464600 0.016367900 0.016367500 0.016473400 0.016509700 0.016357000 0.016337900 0.016666800 0.016731100 0.016735600 
[6] 0.016702700 0.016521800 0.016321700 0.016215100 0.016298100 0.016414900 0.016295000 0.016420100 0.016186500 0.016151900 
[7] 0.016333300 0.016335900 0.016214000 0.016257500 0.016502500 0.016535700 0.016554300 0.016408700 0.016274100 0.016370300 
[8] 0.016315100 0.016373100 0.016607300 0.016474900 0.016272000 0.016340100 0.016328700 0.016280400 0.016542800 0.016472800 
[9] 0.016377700 0.016552700 0.016386600 0.016574900 0.016591100 0.016214100 0.016156800 0.016392900 0.016226800 0.016403100 
[AVERAGE] 0.016393690 s
[STANDARD DEVIATION] 0.000146704 s

FEN: 5rk1/rNR2ppp/P3p3/3p4/2p5/2n1P3/R4PPP/6K1 w - - 0 1
        [0]         [1]         [2]         [3]         [4]         [5]         [6]         [7]         [8]         [9]
[0] 0.003213500 0.002851300 0.002851100 0.002839200 0.002853000 0.002873400 0.003325800 0.002839600 0.002841300 0.002832900 
[1] 0.002858900 0.003216500 0.002839500 0.002835100 0.002865100 0.002834800 0.003103600 0.002834800 0.002836900 0.002871200 
[2] 0.002849700 0.002845200 0.003111200 0.002858800 0.002850000 0.002860600 0.002878100 0.003088700 0.002822600 0.002827900 
[3] 0.002863200 0.002838800 0.003279000 0.002921100 0.002856600 0.002851200 0.002853100 0.002830900 0.003114900 0.002867600 
[4] 0.002848600 0.002867100 0.002836400 0.003120100 0.002852900 0.002848200 0.002843900 0.002831700 0.002834800 0.003186100 
[5] 0.002834900 0.002829600 0.002835600 0.002851400 0.003098600 0.002878700 0.002853400 0.002863000 0.002860000 0.003053300 
[6] 0.002849100 0.002860700 0.002858500 0.002867100 0.002825600 0.003746200 0.002852100 0.002838800 0.002847600 0.002853600 
[7] 0.003136700 0.002850700 0.002873900 0.002860500 0.002864100 0.003116800 0.002857700 0.002852900 0.002853100 0.002846400 
[8] 0.002832500 0.003247200 0.002839000 0.002859900 0.002877700 0.002846100 0.003129800 0.002834100 0.002861300 0.002857800 
[9] 0.002843600 0.003161000 0.002851200 0.002860600 0.002856300 0.002869400 0.002847400 0.003233200 0.002849000 0.002847000 
[AVERAGE] 0.002916312 s
[STANDARD DEVIATION] 0.000149695 s

FEN: r1bk2r1/ppp1n2p/3q3Q/1B2Np2/4n3/2P5/PP3PPP/RN3RK1 b - - 2 16
        [0]         [1]         [2]         [3]         [4]         [5]         [6]         [7]         [8]         [9]
[0] 0.028772200 0.028711000 0.028858900 0.028494700 0.032334400 0.029125200 0.029186500 0.028945800 0.028622300 0.028686300 
[1] 0.028649000 0.028561200 0.028574600 0.028769900 0.028328200 0.028894700 0.028800200 0.028402600 0.028903200 0.029351400 
[2] 0.029188000 0.028687400 0.029755500 0.029470100 0.029322700 0.029487700 0.029165700 0.033218900 0.029984400 0.029895000 
[3] 0.029492500 0.029598200 0.029205700 0.029357900 0.028808100 0.028739100 0.028835900 0.028623200 0.029071300 0.029150600 
[4] 0.028666800 0.028519500 0.029004500 0.029057300 0.028994200 0.028434100 0.029091200 0.029192700 0.028403100 0.029072400 
[5] 0.028790100 0.028817400 0.028746800 0.028683000 0.028294100 0.028782200 0.029350700 0.029182100 0.028975900 0.028976800 
[6] 0.028598400 0.029099200 0.029371500 0.029069800 0.029093200 0.028719300 0.028719300 0.028932100 0.029100200 0.028849400 
[7] 0.028880100 0.028643800 0.028957200 0.029183800 0.029282400 0.029069600 0.028827800 0.028590500 0.029105300 0.028788600 
[8] 0.029092100 0.028802600 0.028548900 0.028887500 0.028570400 0.028834100 0.028711300 0.028705600 0.028537800 0.028494700 
[9] 0.028666200 0.028817900 0.028981200 0.029140600 0.028481100 0.028620500 0.028745200 0.028893900 0.029033700 0.028588200 
[AVERAGE] 0.028991001 s
[STANDARD DEVIATION] 0.000634681 s

FEN: r2qkb1r/pp2nppp/3p4/2pNN1B1/2BnP3/3P4/PPP2PPP/R2bK2R w KQkq - 1 0
        [0]         [1]         [2]         [3]         [4]         [5]         [6]         [7]         [8]         [9]
[0] 0.015451600 0.015263000 0.015479900 0.015356900 0.015392000 0.015427700 0.015363400 0.015487300 0.015268200 0.015310700 
[1] 0.015515500 0.015306300 0.015509300 0.015313200 0.015407200 0.015406100 0.015349500 0.015294200 0.015408100 0.015224600 
[2] 0.015346000 0.015460000 0.015523600 0.015404900 0.015648300 0.015285000 0.015278400 0.015417800 0.015296100 0.015324900 
[3] 0.015240800 0.015459500 0.015356300 0.015336200 0.015451000 0.015396000 0.015446400 0.015379900 0.015304900 0.015480200 
[4] 0.015424500 0.015396900 0.015641900 0.015406200 0.015464800 0.015367200 0.015235800 0.015581200 0.015756100 0.015758200 
[5] 0.015548500 0.015600500 0.015324400 0.015490500 0.015560300 0.015826300 0.015358700 0.015497600 0.015413600 0.015526900 
[6] 0.015461400 0.015527300 0.015789200 0.015286400 0.015609100 0.015276700 0.015374700 0.015372900 0.015337500 0.015352600 
[7] 0.015442000 0.015420300 0.015366700 0.015340900 0.015485000 0.015719900 0.015386500 0.015216600 0.015673900 0.016231200 
[8] 0.017761900 0.016051400 0.015618400 0.015430300 0.015538800 0.015618600 0.015418300 0.015429300 0.015282400 0.015275300 
[9] 0.015461800 0.015481000 0.015403200 0.015405900 0.015269500 0.015488200 0.015528700 0.015461000 0.015427100 0.015563100 
[AVERAGE] 0.015471360 s
[STANDARD DEVIATION] 0.000281335 s

FEN: 1rb4r/pkPp3p/1b1P3n/1Q6/N3Pp2/8/P1P3PP/7K w - - 1 0
        [0]         [1]         [2]         [3]         [4]         [5]         [6]         [7]         [8]         [9]
[0] 0.001518000 0.001469100 0.001476000 0.001475500 0.001470400 0.001479800 0.001478100 0.001483900 0.001805400 0.001476700 
[1] 0.001461400 0.001469700 0.001481700 0.001481000 0.001484000 0.001478300 0.001480000 0.001478200 0.001628900 0.001467800 
[2] 0.001475400 0.001479900 0.001478900 0.001476300 0.001469400 0.001482200 0.001480500 0.001471600 0.001472400 0.001860000 
[3] 0.001476500 0.001479400 0.001483800 0.001483700 0.001480600 0.001473500 0.001465300 0.001465600 0.001472300 0.001670000 
[4] 0.001479000 0.001474100 0.001480900 0.001473400 0.001482700 0.001475700 0.001479700 0.001478700 0.001480300 0.001656200 
[5] 0.001551700 0.001470100 0.001489500 0.001484300 0.001473700 0.001471600 0.001474800 0.001473100 0.001473500 0.001491600 
[6] 0.001863500 0.001473000 0.001477500 0.001478200 0.001476400 0.001475700 0.001475100 0.001474000 0.001478100 0.001487800 
[7] 0.001756200 0.001482400 0.001492700 0.001487800 0.001466200 0.001472300 0.001483700 0.001497500 0.001475700 0.001487100 
[8] 0.001574900 0.001597000 0.001471400 0.001473200 0.001474900 0.001488100 0.001474000 0.001471400 0.001475800 0.001474300 
[9] 0.001484000 0.001872200 0.001471900 0.001466000 0.001470100 0.001480500 0.001490700 0.001477100 0.001463900 0.001480400 
[AVERAGE] 0.001503485 s
[STANDARD DEVIATION] 0.000083399 s

FEN: 4kb1r/p2n1ppp/4q3/4p1B1/4P3/1Q6/PPP2PPP/2KR4 w k - 1 0
        [0]         [1]         [2]         [3]         [4]         [5]         [6]         [7]         [8]         [9]
[0] 0.005061600 0.004836900 0.004829000 0.005089300 0.004850300 0.004858100 0.005095100 0.004831700 0.004830400 0.004858400 
[1] 0.005123100 0.004873900 0.004861200 0.005070900 0.004873600 0.004897900 0.005232400 0.004878900 0.004877400 0.005108600 
[2] 0.004848500 0.004770200 0.005048300 0.004835400 0.004773200 0.005224900 0.004881200 0.004847200 0.004914200 0.005098200 
[3] 0.004805600 0.004856400 0.005220300 0.004848200 0.004849900 0.005307600 0.004871800 0.004873200 0.005023300 0.004837900 
[4] 0.004789900 0.005181500 0.004828700 0.004858200 0.005205000 0.004889300 0.004843300 0.005088900 0.004904900 0.004777500 
[5] 0.004802500 0.005089300 0.004821000 0.004836100 0.005251200 0.004901300 0.004897000 0.005156600 0.004884300 0.004793300 
[6] 0.005056600 0.004824800 0.004811900 0.005161500 0.004845800 0.004826400 0.005053700 0.004857800 0.004816500 0.004785500 
[7] 0.005200500 0.004911500 0.004839400 0.005206700 0.004837700 0.004842600 0.005021100 0.004843300 0.004829500 0.005080100 
[8] 0.004800000 0.004885800 0.005202900 0.004870700 0.004766300 0.005138000 0.004870100 0.004888900 0.004861200 0.005109500 
[9] 0.004910100 0.004780100 0.005117700 0.004896400 0.004749600 0.005120300 0.004800800 0.004873400 0.005185100 0.004851100 
[AVERAGE] 0.004938049 s
[STANDARD DEVIATION] 0.000144753 s

FEN: r1b2k1r/ppp1bppp/8/1B1Q4/5q2/2P5/PPP2PPP/R3R1K1 w - - 1 0
        [0]         [1]         [2]         [3]         [4]         [5]         [6]         [7]         [8]         [9]
[0] 0.040154100 0.039539400 0.039537800 0.039861700 0.039710600 0.039541900 0.040020200 0.039401100 0.039845300 0.039626300 
[1] 0.039727700 0.039483600 0.039798600 0.040561100 0.040006400 0.039866300 0.039718300 0.039859900 0.039414100 0.039819300 
[2] 0.039756100 0.039790300 0.039707700 0.039540400 0.039932600 0.039721900 0.039885100 0.039341200 0.039928200 0.039643900 
[3] 0.039820800 0.039377600 0.039691700 0.039394700 0.040387300 0.041137300 0.040083500 0.039807400 0.039741500 0.039671400 
[4] 0.039613200 0.039798500 0.039652700 0.039931600 0.042651000 0.040038000 0.039716200 0.039697000 0.040084100 0.039842200 
[5] 0.040015400 0.039841000 0.039823500 0.040634700 0.039516700 0.039809200 0.039733400 0.039926100 0.039572800 0.039743400 
[6] 0.039793400 0.039632700 0.040667600 0.039745200 0.039882800 0.039661800 0.039791500 0.039647100 0.039750100 0.039844800 
[7] 0.040231900 0.039700300 0.039627800 0.040078200 0.039616300 0.040081700 0.043881000 0.040142600 0.040103200 0.039329400 
[8] 0.039862400 0.039755800 0.040078900 0.039537700 0.039637200 0.040088700 0.039588500 0.039977000 0.039748600 0.039668000 
[9] 0.039439800 0.039768400 0.039585500 0.039953500 0.039746000 0.040272500 0.039916400 0.039543800 0.039731300 0.039620500 
[AVERAGE] 0.039882249 s
[STANDARD DEVIATION] 0.000567838 s

FEN: 5rkr/pp2Rp2/1b1p1Pb1/3P2Q1/2n3P1/2p5/P4P2/4R1K1 w - - 1 0
        [0]         [1]         [2]         [3]         [4]         [5]         [6]         [7]         [8]         [9]
[0] 0.008241700 0.007813300 0.008121400 0.007871800 0.008116200 0.007855700 0.008142400 0.007786900 0.008212600 0.007872000 
[1] 0.008234400 0.008093100 0.008275300 0.008173300 0.007999900 0.008073100 0.007845500 0.008131300 0.007802700 0.007961900 
[2] 0.007940000 0.008200000 0.007815700 0.008133900 0.007837900 0.008142300 0.007897100 0.008080000 0.007774300 0.008132800 
[3] 0.007889800 0.008229100 0.007762000 0.008119600 0.008007000 0.008236100 0.008093900 0.008117100 0.007950900 0.008214000 
[4] 0.007884400 0.008171100 0.007904500 0.008034200 0.007862600 0.008130200 0.007998000 0.008249200 0.008072800 0.008158500 
[5] 0.008310300 0.008022600 0.008328700 0.007849700 0.008097400 0.007834400 0.008097100 0.007892900 0.008795100 0.007854200 
[6] 0.008121300 0.007821900 0.008246900 0.007783300 0.008229500 0.007815000 0.008214900 0.007948400 0.008151900 0.007776600 
[7] 0.008340400 0.007769500 0.008096900 0.007804600 0.008075100 0.007833500 0.008185500 0.007814100 0.008113200 0.007857400 
[8] 0.008168200 0.007811200 0.008156800 0.007888800 0.008070500 0.008150100 0.008030000 0.008189500 0.007770500 0.008156900 
[9] 0.007814400 0.008120400 0.007843500 0.008179800 0.007837100 0.008183300 0.008063700 0.008337700 0.008025900 0.008289800 
[AVERAGE] 0.008038339 s
[STANDARD DEVIATION] 0.000182517 s

FEN: rnbqk2r/p4p2/2pbpn1p/1p4p1/2pPP3/2N2NB1/PP2BPPP/R2QK2R w KQkq - 2 10
        [0]         [1]         [2]         [3]         [4]         [5]         [6]         [7]         [8]         [9]
[0] 0.040050900 0.039563700 0.039520500 0.040435500 0.039326400 0.039644100 0.039757100 0.039253600 0.039765600 0.039476200 
[1] 0.039890700 0.039213800 0.039495400 0.039523300 0.039628900 0.039142300 0.039426300 0.039279300 0.039806400 0.039573500 
[2] 0.039629400 0.039029200 0.039971000 0.039773200 0.039485200 0.039982100 0.039305600 0.039466800 0.039039000 0.039614200 
[3] 0.039530000 0.039819800 0.039313200 0.039668200 0.039483000 0.039693200 0.039487800 0.039618500 0.039575100 0.039120300 
[4] 0.040097200 0.039587100 0.039898100 0.039455100 0.039954400 0.039180900 0.039856200 0.039516100 0.040447300 0.040564500 
[5] 0.039797000 0.039894200 0.039333800 0.039503900 0.039439800 0.040013300 0.039058700 0.043953500 0.039953600 0.039892400 
[6] 0.039614000 0.039361400 0.039480100 0.039540000 0.039552500 0.039122500 0.039623200 0.039367000 0.039526000 0.039497600 
[7] 0.039683500 0.039950200 0.039640600 0.040024200 0.039219200 0.039860400 0.039816500 0.039553400 0.039196000 0.040151200 
[8] 0.039356000 0.039364300 0.039250200 0.039917700 0.039617000 0.039804600 0.039573400 0.039146700 0.039798600 0.039567900 
[9] 0.039500200 0.039311000 0.039734800 0.039456400 0.039741900 0.040000500 0.039531600 0.039316200 0.039372300 0.040368200 
[AVERAGE] 0.039652844 s
[STANDARD DEVIATION] 0.000532272 s

FEN: r1bqk2r/ppp1nppp/2np4/2b1p1N1/2B1P3/3P4/PPP2PPP/RNBQK2R w KQkq - 2 6
        [0]         [1]         [2]         [3]         [4]         [5]         [6]         [7]         [8]         [9]
[0] 0.013460100 0.013726700 0.013712700 0.013635600 0.013712300 0.013759900 0.013604700 0.013723000 0.013461300 0.013597500 
[1] 0.013747200 0.013756100 0.014130200 0.013658800 0.013840100 0.013493800 0.013413700 0.013646100 0.013707400 0.013598500 
[2] 0.013489900 0.013698300 0.013645000 0.013609100 0.013699100 0.013700100 0.013702500 0.013721100 0.013730900 0.013701900 
[3] 0.013949000 0.014006700 0.013520700 0.013438400 0.013652800 0.013804900 0.013660700 0.013680700 0.013916700 0.013770900 
[4] 0.013480600 0.013365200 0.013636800 0.013608500 0.013738300 0.013821800 0.013589500 0.013790800 0.013208400 0.013877700 
[5] 0.013596400 0.013631000 0.013839700 0.013726300 0.013789300 0.013822100 0.013695200 0.013381800 0.013706600 0.013683300 
[6] 0.013569500 0.013580600 0.013762700 0.013639800 0.013379300 0.013715400 0.013753300 0.013689300 0.013587800 0.013795500 
[7] 0.013600700 0.013654500 0.013444000 0.013721700 0.013674600 0.013597300 0.014169700 0.013888100 0.013974700 0.014102300 
[8] 0.013598400 0.013373700 0.013790100 0.013680500 0.013713100 0.013673800 0.013584900 0.013668800 0.013618100 0.013399900 
[9] 0.013921000 0.013579900 0.013793600 0.013780900 0.014107600 0.013662800 0.013797300 0.013245200 0.013661500 0.013804100 
[AVERAGE] 0.013682304 s
[STANDARD DEVIATION] 0.000171637 s

FEN: 8/pK1p3p/7p/1P4N1/8/6k1/5r2/8 w - - 0 2
        [0]         [1]         [2]         [3]         [4]         [5]         [6]         [7]         [8]         [9]
[0] 0.002827000 0.003168300 0.002801700 0.002787900 0.002793000 0.002804600 0.002805800 0.003149200 0.002802100 0.002794000 
[1] 0.002792900 0.002795900 0.003024600 0.002812700 0.002805000 0.002793500 0.002801800 0.002961800 0.002997300 0.002804400 
[2] 0.002793700 0.002816700 0.003036500 0.003086700 0.002800600 0.002791900 0.002816400 0.002805500 0.003149100 0.002796600 
[3] 0.002801500 0.002803700 0.002794300 0.002811600 0.003175100 0.002824500 0.002805500 0.002790600 0.002803400 0.003105000 
[4] 0.002799700 0.002805500 0.002792200 0.002807100 0.002806600 0.003100000 0.002810100 0.002810200 0.002807500 0.002808600 
[5] 0.003126000 0.002802000 0.002796100 0.002805700 0.002793000 0.002820000 0.003053100 0.002802400 0.002795400 0.002807000 
[6] 0.002807200 0.003075200 0.002801000 0.002796300 0.002804600 0.002801800 0.002915800 0.003101400 0.002815900 0.002790300 
[7] 0.002798800 0.002813600 0.003063900 0.002795800 0.002811200 0.002794200 0.002790300 0.002995200 0.002822900 0.002808900 
[8] 0.002817400 0.002791200 0.002791900 0.003151000 0.002798900 0.002803500 0.002813700 0.002805600 0.003008600 0.002788500 
[9] 0.002797200 0.002812000 0.002810300 0.002806300 0.003056900 0.002826400 0.002800200 0.002806400 0.002814900 0.003206300 
[AVERAGE] 0.002863921 s
[STANDARD DEVIATION] 0.000118817 s

FEN: 8/1p4pk/p4b1p/4p3/1P2P1q1/P1R2NPn/7P/3Q1B1K b - - 0 2
        [0]         [1]         [2]         [3]         [4]         [5]         [6]         [7]         [8]         [9]
[0] 0.011794500 0.011991200 0.011953100 0.012069000 0.011706000 0.011946100 0.012008400 0.012071100 0.011709600 0.011977200 
[1] 0.012469600 0.011938300 0.011845200 0.011599800 0.012038000 0.011976400 0.011953000 0.011722300 0.011949700 0.011986300 
[2] 0.011992700 0.011752600 0.011881600 0.012097000 0.011950100 0.011616300 0.012040300 0.012179300 0.011956000 0.011725500 
[3] 0.011973300 0.012129000 0.012405100 0.012013400 0.011798800 0.011926700 0.011983200 0.012107300 0.011765300 0.012056900 
[4] 0.012105400 0.012070400 0.011697500 0.011978100 0.012075900 0.012132700 0.011989900 0.011735400 0.011990500 0.011973500 
[5] 0.012025900 0.011768000 0.011968200 0.011909300 0.012710700 0.014491400 0.012324100 0.012443700 0.012359100 0.012048600 
[6] 0.012023400 0.011752100 0.012151000 0.011966500 0.012081500 0.011693600 0.011863700 0.011983500 0.012017200 0.011739100 
[7] 0.011951700 0.011899800 0.011928900 0.011730500 0.011995900 0.012041300 0.012014200 0.012258400 0.011645000 0.011972900 
[8] 0.011995500 0.012185200 0.011744900 0.011956100 0.012110000 0.012128400 0.011701800 0.011877100 0.011950400 0.012023000 
[9] 0.011642300 0.011968700 0.011941000 0.012140600 0.011965100 0.011679600 0.012112500 0.012130600 0.012061700 0.011756700 
[AVERAGE] 0.011996349 s
[STANDARD DEVIATION] 0.000314947 s

FEN: 2r5/2P4R/p3kp1p/n3pNpP/4P1P1/8/3b1P2/6K1 w - - 0 2
        [0]         [1]         [2]         [3]         [4]         [5]         [6]         [7]         [8]         [9]
[0] 0.001808300 0.002065900 0.001837300 0.001805900 0.001804600 0.001839300 0.001819400 0.001820000 0.001806800 0.002159100 
[1] 0.001820400 0.001826800 0.001850000 0.001847900 0.001829800 0.001811100 0.001796800 0.002002800 0.001859800 0.001816200 
[2] 0.001841700 0.001840600 0.001819500 0.001798000 0.001782600 0.001826200 0.002099000 0.001774600 0.001796600 0.001827700 
[3] 0.001812900 0.001796600 0.001798500 0.001797200 0.002057800 0.001828700 0.001801900 0.001775200 0.001786600 0.001820500 
[4] 0.001815800 0.001804900 0.001789900 0.002082300 0.001800600 0.001812600 0.001787400 0.001803000 0.001850100 0.001815600 
[5] 0.001805500 0.002036000 0.001794600 0.001786800 0.001791900 0.001814000 0.001812300 0.001856300 0.001804000 0.001775200 
[6] 0.001971200 0.001819800 0.001818900 0.001802600 0.001813300 0.001824900 0.001814300 0.001804400 0.001985700 0.001853600 
[7] 0.001814300 0.001831200 0.001791200 0.001806900 0.001829200 0.001801400 0.001804000 0.002038500 0.001816600 0.001806600 
[8] 0.001819600 0.001814600 0.001786600 0.001789000 0.001818500 0.002019300 0.001969900 0.001810100 0.001768600 0.001781200 
[9] 0.001795900 0.001823100 0.001822200 0.001855000 0.002057000 0.001807700 0.001838300 0.001821300 0.001858100 0.001828300 
[AVERAGE] 0.001842823 s
[STANDARD DEVIATION] 0.000081448 s

FEN: r3k2r/5ppp/p2q2b1/1p2p3/5BP1/7P/PPP1QP2/R5K1 w kq - 0 2
        [0]         [1]         [2]         [3]         [4]         [5]         [6]         [7]         [8]         [9]
[0] 0.012025100 0.011879800 0.011560900 0.011886300 0.011634200 0.011703300 0.011521000 0.011655100 0.011801000 0.011862100 
[1] 0.011534000 0.011799800 0.011718100 0.011978200 0.011429900 0.011617200 0.011593000 0.011895800 0.011546000 0.011776100 
[2] 0.011661500 0.011885000 0.011530100 0.011700400 0.011671400 0.011950000 0.011574600 0.011901100 0.011731900 0.011811000 
[3] 0.011609100 0.011845700 0.011770700 0.011816600 0.011521500 0.011656500 0.011744400 0.011868700 0.011415600 0.011680600 
[4] 0.011736900 0.011904200 0.011529900 0.011670800 0.011677600 0.011875400 0.011561800 0.011754400 0.011776700 0.011712400 
[5] 0.011456900 0.011839900 0.011889600 0.011842400 0.011451600 0.011798900 0.011614600 0.011731100 0.011838900 0.011784700 
[6] 0.011885600 0.012497500 0.011543100 0.011792300 0.011860700 0.011872300 0.011884400 0.011934500 0.012011900 0.011932800 
[7] 0.011950400 0.011501100 0.011763400 0.011801000 0.011692500 0.011469400 0.011703100 0.011807400 0.011682200 0.011490900 
[8] 0.011690200 0.011785200 0.011626700 0.011564900 0.011856500 0.012175900 0.011661300 0.011559700 0.011684100 0.011793900 
[9] 0.011765200 0.011539900 0.011898000 0.011945900 0.011684900 0.011629700 0.011723500 0.011995800 0.012097100 0.011482000 
[AVERAGE] 0.011744489 s
[STANDARD DEVIATION] 0.000175290 s

FEN: 5bk1/pp3Qpn/3q4/4NpP1/2p2P2/7P/4K3/8 b - - 0 2
        [0]         [1]         [2]         [3]         [4]         [5]         [6]         [7]         [8]         [9]
[0] 0.015021800 0.015176300 0.014976000 0.015060000 0.015240700 0.015161300 0.015094600 0.015020700 0.015119800 0.015168300 
[1] 0.015206000 0.015159700 0.015511300 0.015679600 0.015177100 0.015244200 0.015218200 0.015143000 0.015055200 0.015047400 
[2] 0.015012900 0.015166900 0.015175700 0.015029500 0.015058100 0.015222000 0.015385800 0.015842600 0.015277300 0.015125700 
[3] 0.015028300 0.014922900 0.015304200 0.015157500 0.015158000 0.015232600 0.015114500 0.015114600 0.015179900 0.015103600 
[4] 0.015174400 0.015232500 0.015100300 0.015063300 0.015214500 0.015176400 0.015130000 0.015236500 0.015068800 0.015136000 
[5] 0.015159600 0.014950600 0.015150200 0.015160900 0.015457600 0.015139600 0.015187500 0.014993400 0.015072400 0.015249600 
[6] 0.015131300 0.015033100 0.015122100 0.015001200 0.015076700 0.015230100 0.015274500 0.015083400 0.015193800 0.015139100 
[7] 0.015136900 0.015059200 0.015143600 0.015022500 0.015106500 0.015338400 0.015153900 0.015065200 0.015569600 0.015045600 
[8] 0.015303500 0.015174800 0.015130400 0.015111900 0.015238000 0.015135900 0.015089600 0.015161200 0.015060100 0.015022700 
[9] 0.015250600 0.015083800 0.015169100 0.015120100 0.014939300 0.015076700 0.015505100 0.015420400 0.015020000 0.015131800 
[AVERAGE] 0.015162196 s
[STANDARD DEVIATION] 0.000145092 s

FEN: 3r1r1k/p4q1n/1p5p/2p1bp1n/P2p3N/8/1PPQ1B1P/1K1R2R1 w - - 0 2
        [0]         [1]         [2]         [3]         [4]         [5]         [6]         [7]         [8]         [9]
[0] 0.017384200 0.017261800 0.016987600 0.016868400 0.016956000 0.017189900 0.017297900 0.017245000 0.017156800 0.016891700 
[1] 0.016828900 0.017374800 0.016998700 0.016932900 0.016883600 0.016820900 0.016968000 0.016898000 0.017548800 0.016915900 
[2] 0.016850200 0.016922000 0.017161500 0.016871400 0.017040700 0.016896200 0.016787700 0.017103700 0.016847200 0.016987200 
[3] 0.017012300 0.016863100 0.016727200 0.016827400 0.017472000 0.022966500 0.018964700 0.017348100 0.017101400 0.017615400 
[4] 0.017249900 0.017060300 0.016981800 0.016854600 0.016883100 0.016914300 0.016985800 0.016792900 0.016882700 0.017021100 
[5] 0.017213600 0.016936100 0.016942600 0.016724300 0.016841700 0.016862700 0.016919900 0.016965400 0.016803700 0.016916100 
[6] 0.017158900 0.016976400 0.017244800 0.016737300 0.016931800 0.017029400 0.016875900 0.016892800 0.016954000 0.016660500 
[7] 0.016922100 0.016857700 0.016861100 0.016897900 0.017367800 0.017296000 0.017597100 0.016795300 0.017031100 0.016944600 
[8] 0.016861700 0.016925200 0.016852800 0.017002400 0.016927600 0.017248300 0.017272400 0.017050600 0.017028100 0.016721800 
[9] 0.016982300 0.016844400 0.016962800 0.017024100 0.016810100 0.017305900 0.017353700 0.017213700 0.017151400 0.016790300 
[AVERAGE] 0.017088904 s
[STANDARD DEVIATION] 0.000653636 s

FEN: r7/6kp/3pp1p1/8/4P3/5P2/5BPP/rR4K1 w - - 0 2
        [0]         [1]         [2]         [3]         [4]         [5]         [6]         [7]         [8]         [9]
[0] 0.004282000 0.004226600 0.004482000 0.004283400 0.004263900 0.004511800 0.004352500 0.004251200 0.004221200 0.004568500 
[1] 0.004255400 0.004250000 0.004227100 0.004434300 0.004242200 0.004237200 0.004632100 0.004259900 0.004268200 0.004220700 
[2] 0.004571600 0.004243700 0.004275300 0.004435400 0.004262500 0.004298100 0.004239700 0.004677100 0.004284600 0.004228400 
[3] 0.004206500 0.004482800 0.004215800 0.004249900 0.004458300 0.004237300 0.004255000 0.004240400 0.004639800 0.004260300 
[4] 0.004261100 0.004356200 0.004342600 0.004270700 0.004237400 0.004694800 0.004251400 0.004236300 0.004237200 0.004658000 
[5] 0.004276600 0.004245000 0.004492600 0.004269000 0.004254400 0.004250700 0.004551800 0.004290500 0.004234500 0.004438400 
[6] 0.004329800 0.004264900 0.004217100 0.004510300 0.004242600 0.004257800 0.004233300 0.004509200 0.004240900 0.004248900 
[7] 0.004606800 0.004247300 0.004251300 0.004230800 0.004448700 0.004241200 0.004252100 0.004274600 0.004395700 0.004240000 
[8] 0.004217100 0.004599900 0.004246100 0.004259700 0.004232200 0.004506800 0.004247600 0.004243400 0.004548100 0.004397500 
[9] 0.004265900 0.004222500 0.004646100 0.004244100 0.004237500 0.004241400 0.004536900 0.004272100 0.004259600 0.004469600 
[AVERAGE] 0.004332193 s
[STANDARD DEVIATION] 0.000134847 s

FEN: 2r1n1k1/1bq2pp1/p3p2p/8/1P1R1Q2/2N2P1P/1P3P2/1B4K1 b - - 0 2
        [0]         [1]         [2]         [3]         [4]         [5]         [6]         [7]         [8]         [9]
[0] 0.012793400 0.013272400 0.013003700 0.013021500 0.013203900 0.013049900 0.012841100 0.013037200 0.013056100 0.013096200 
[1] 0.013109700 0.013313100 0.012946300 0.013510900 0.013298000 0.013201300 0.013082000 0.013162700 0.013328300 0.012911900 
[2] 0.013088900 0.013035600 0.013163000 0.013273800 0.013225300 0.013026800 0.013081300 0.013088300 0.013073600 0.013065300 
[3] 0.013019300 0.012798200 0.013170000 0.013014800 0.013065000 0.013032800 0.012964200 0.012812900 0.013157700 0.013109100 
[4] 0.013147000 0.012999500 0.013210000 0.012805100 0.013012800 0.013131900 0.013295600 0.013161900 0.013232300 0.013245700 
[5] 0.012777000 0.013242800 0.013061900 0.013108300 0.013232100 0.013125200 0.012832600 0.013116800 0.013207200 0.013013100 
[6] 0.013206600 0.013179100 0.013148500 0.012927700 0.013201500 0.013281900 0.012991900 0.013086300 0.012876100 0.013058600 
[7] 0.012966000 0.013067600 0.013272600 0.013439700 0.013434100 0.012941700 0.013258400 0.013071000 0.012922200 0.013203300 
[8] 0.013112000 0.012773300 0.013076800 0.013153700 0.013164200 0.013025800 0.013160400 0.012713000 0.013030300 0.013516700 
[9] 0.013090500 0.013293100 0.013166100 0.012783400 0.013112900 0.013029600 0.012993400 0.013135800 0.013012700 0.012853200 
[AVERAGE] 0.013091960 s
[STANDARD DEVIATION] 0.000158800 s

FEN: 4rb2/5kp1/1p2p2p/5p2/1PP5/2Bq1NP1/5P1P/4R1K1 w - - 0 2
        [0]         [1]         [2]         [3]         [4]         [5]         [6]         [7]         [8]         [9]
[0] 0.009561900 0.009676100 0.009525400 0.009567500 0.009255100 0.009515000 0.009594000 0.009288600 0.009471500 0.009247200 
[1] 0.009381400 0.009441300 0.009268400 0.009539000 0.009386900 0.009331700 0.009659400 0.009192200 0.009474100 0.009419800 
[2] 0.012075500 0.009630800 0.009543400 0.009199600 0.009397000 0.009204200 0.009523400 0.009452600 0.009154600 0.009549700 
[3] 0.009250800 0.009517100 0.009460000 0.009246200 0.009545000 0.009248500 0.009680300 0.009308600 0.009246800 0.009361500 
[4] 0.009207000 0.009485100 0.009583000 0.009262100 0.009449100 0.009189300 0.009590300 0.009479400 0.009144400 0.009564700 
[5] 0.009264200 0.009579500 0.009558700 0.009141000 0.009508100 0.009245200 0.009435000 0.009400300 0.009221300 0.009621400 
[6] 0.009304600 0.009477200 0.009611300 0.009278800 0.009767600 0.009307500 0.009558900 0.009666100 0.009242500 0.009427600 
[7] 0.009165100 0.009473000 0.009336000 0.009194900 0.009386000 0.009202600 0.009713000 0.009502600 0.009169500 0.009473900 
[8] 0.009401900 0.009589800 0.009482800 0.009241900 0.009485800 0.009271900 0.009535600 0.009518400 0.009229500 0.009510400 
[9] 0.009260700 0.009794600 0.009607400 0.009372500 0.009461800 0.009150600 0.009484400 0.009442600 0.009300400 0.009480800 
[AVERAGE] 0.009442037 s
[STANDARD DEVIATION] 0.000308873 s

FEN: 6k1/5p2/6p1/8/7p/8/6PP/6K1 b - - 0 0
        [0]         [1]         [2]         [3]         [4]         [5]         [6]         [7]         [8]         [9]
[0] 0.000054500 0.000048500 0.000046000 0.000045200 0.000045000 0.000044300 0.000043700 0.000043500 0.000043400 0.000043200 
[1] 0.000043000 0.000042900 0.000043000 0.000042900 0.000043000 0.000042800 0.000042900 0.000042700 0.000042900 0.000042700 
[2] 0.000042900 0.000042700 0.000042500 0.000042800 0.000042400 0.000042700 0.000042800 0.000042900 0.000043000 0.000042900 
[3] 0.000042800 0.000042600 0.000042600 0.000042800 0.000042900 0.000042600 0.000042600 0.000042300 0.000042300 0.000042500 
[4] 0.000042300 0.000042300 0.000042300 0.000042700 0.000042400 0.000042600 0.000042300 0.000042200 0.000042500 0.000042300 
[5] 0.000042500 0.000042500 0.000042400 0.000042600 0.000042800 0.000042500 0.000042600 0.000042800 0.000042500 0.000042600 
[6] 0.000042400 0.000042700 0.000042300 0.000042700 0.000042500 0.000042600 0.000042700 0.000042500 0.000042700 0.000042700 
[7] 0.000042600 0.000042800 0.000042600 0.000042500 0.000042300 0.000042500 0.000042600 0.000042400 0.000042800 0.000042300 
[8] 0.000042500 0.000042200 0.000042600 0.000042200 0.000042200 0.000042400 0.000042400 0.000042400 0.000042300 0.000042500 
[9] 0.000042100 0.000042600 0.000042400 0.000042400 0.000042400 0.000042400 0.000042200 0.000042400 0.000042200 0.000042300 
[AVERAGE] 0.000042877 s
[STANDARD DEVIATION] 0.000001427 s

FEN: 3k4/2n2B2/1KP5/2B2p2/5b1p/7P/8/8 b - - 0 0
        [0]         [1]         [2]         [3]         [4]         [5]         [6]         [7]         [8]         [9]
[0] 0.002496900 0.002497000 0.002886400 0.002500900 0.002511800 0.002489600 0.002493100 0.002484100 0.002705800 0.002476200 
[1] 0.002479100 0.002492000 0.002480800 0.002486300 0.002780500 0.002488300 0.002467700 0.002483800 0.002491000 0.002484700 
[2] 0.002813200 0.002498700 0.002501400 0.002481900 0.002516900 0.002563000 0.002716200 0.002488600 0.002478700 0.002482900 
[3] 0.002480600 0.002470000 0.002807800 0.002480700 0.002492800 0.002488700 0.002471100 0.002483800 0.002671800 0.002637100 
[4] 0.002474100 0.002485500 0.002479700 0.002486800 0.002478600 0.002652600 0.002505100 0.002487600 0.002482900 0.002471100 
[5] 0.002491800 0.002715900 0.002478800 0.002486200 0.002487800 0.002485500 0.002475800 0.002835700 0.002488300 0.002482200 
[6] 0.002487700 0.002499600 0.002488700 0.002738300 0.002480400 0.002476400 0.002471200 0.002495000 0.002484400 0.002768700 
[7] 0.002485500 0.002490700 0.002477400 0.002490800 0.002495300 0.002651600 0.003660900 0.003663200 0.002770000 0.002771300 
[8] 0.002615300 0.002851100 0.002568000 0.002629700 0.002544500 0.002556500 0.002952500 0.002489200 0.002697100 0.002495700 
[9] 0.002667100 0.002470500 0.002836300 0.002501800 0.002490300 0.002556400 0.002487500 0.002554000 0.002636400 0.002624100 
[AVERAGE] 0.002577050 s
[STANDARD DEVIATION] 0.000193815 s

FEN: r7/4R2P/3p4/3k1K2/2p5/8/8/8 b - - 0 0
        [0]         [1]         [2]         [3]         [4]         [5]         [6]         [7]         [8]         [9]
[0] 0.002951800 0.002987700 0.002945600 0.002976200 0.003219900 0.002985100 0.002944100 0.002976100 0.002942900 0.003240300 
[1] 0.002936500 0.003041200 0.002944300 0.002929500 0.003207300 0.002945000 0.002946900 0.002957200 0.002952300 0.003053200 
[2] 0.002943800 0.002954200 0.002940000 0.002945700 0.002948300 0.003229700 0.002954300 0.002942500 0.002940300 0.002936700 
[3] 0.003187400 0.002945000 0.002935300 0.002931200 0.002952800 0.003238200 0.002951900 0.002929200 0.002937500 0.002939400 
[4] 0.003315000 0.002947900 0.002939200 0.002938900 0.002945900 0.003133100 0.002948400 0.002943900 0.002945500 0.002944600 
[5] 0.002950600 0.003188500 0.002935800 0.002946300 0.002949800 0.002949800 0.003291900 0.002970200 0.002929800 0.002935400 
[6] 0.002932400 0.003586800 0.003463000 0.002932400 0.002940000 0.002947300 0.003230400 0.002939400 0.002932100 0.002933200 
[7] 0.002948300 0.003289500 0.002922400 0.002945300 0.002951900 0.002939200 0.003172400 0.002953600 0.002941700 0.002944400 
[8] 0.002951900 0.002936200 0.003136700 0.002943400 0.002955200 0.002938300 0.002949300 0.003222600 0.002944900 0.002942300 
[9] 0.002947400 0.002952700 0.003223900 0.002934900 0.002940100 0.002928600 0.002939700 0.003137800 0.002951700 0.002948600 
[AVERAGE] 0.003004889 s
[STANDARD DEVIATION] 0.000128172 s

FEN: 8/8/5p2/1P1K1k2/8/2r5/8/7R w - - 0 0
        [0]         [1]         [2]         [3]         [4]         [5]         [6]         [7]         [8]         [9]
[0] 0.002067600 0.002049300 0.002050800 0.002054200 0.002343600 0.002054300 0.002054300 0.002054200 0.002050000 0.002050000 
[1] 0.002049400 0.002323400 0.002045300 0.002052700 0.002054000 0.002053400 0.002051000 0.002056600 0.002053200 0.002324600 
[2] 0.002058900 0.002053400 0.002058700 0.002057400 0.002069400 0.002061000 0.002438500 0.002054200 0.002052100 0.002061200 
[3] 0.002053300 0.002051900 0.002044700 0.002052600 0.002310600 0.002061100 0.002046000 0.002057300 0.002048200 0.002053300 
[4] 0.002046900 0.002318900 0.002095800 0.002052300 0.002055900 0.002048000 0.002048700 0.002046700 0.002043300 0.002447200 
[5] 0.002056600 0.002055400 0.002051100 0.002051300 0.002052600 0.002049000 0.002329900 0.002050900 0.002047100 0.002047600 
[6] 0.002049400 0.002041500 0.002046400 0.002131400 0.002187400 0.002050100 0.002049200 0.002058700 0.002052600 0.002050700 
[7] 0.002052400 0.002407300 0.002105600 0.002096900 0.002105000 0.002093100 0.002116800 0.002101200 0.002236700 0.002103800 
[8] 0.002111400 0.002096900 0.002092200 0.002094600 0.002099700 0.002103600 0.002362000 0.002108200 0.002102400 0.002098300 
[9] 0.002132700 0.002093400 0.002101800 0.002443100 0.002091400 0.002096000 0.002098200 0.002102000 0.002042200 0.002042700 
[AVERAGE] 0.002102799 s
[STANDARD DEVIATION] 0.000099645 s

FEN: 5n2/R7/4pk2/8/5PK1/8/8/8 b - - 0 0
        [0]         [1]         [2]         [3]         [4]         [5]         [6]         [7]         [8]         [9]
[0] 0.000574800 0.000564600 0.000795900 0.000608200 0.000563300 0.000557100 0.000562900 0.000562900 0.000561500 0.000561200 
[1] 0.000557900 0.000560300 0.000558600 0.000559700 0.000559900 0.000561100 0.000560900 0.000558300 0.000562600 0.000561300 
[2] 0.000562500 0.000559500 0.000562700 0.000560400 0.000560200 0.000559400 0.000562400 0.000557900 0.000561100 0.000562400 
[3] 0.000825100 0.000562000 0.000558800 0.000562100 0.000562600 0.000560200 0.000554700 0.000561500 0.000561300 0.000560400 
[4] 0.000557900 0.000560100 0.000558700 0.000558600 0.000557000 0.000562500 0.000562200 0.000561800 0.000561900 0.000562000 
[5] 0.000559300 0.000558300 0.000560500 0.000557500 0.000559300 0.000556400 0.000559400 0.000981400 0.000575900 0.000561200 
[6] 0.000558500 0.000559600 0.000558100 0.000559400 0.000563700 0.000561800 0.000562000 0.000562500 0.000565400 0.000561500 
[7] 0.000562600 0.000559900 0.000563600 0.000564200 0.000564100 0.000561700 0.000565000 0.000561300 0.000561100 0.000563700 
[8] 0.000560300 0.000561000 0.000560300 0.000563000 0.000817700 0.000563400 0.000721300 0.000562200 0.000558900 0.000560700 
[9] 0.000560300 0.000561500 0.000561500 0.000560700 0.000560200 0.000559500 0.000560600 0.000558100 0.000561600 0.000563400 
[AVERAGE] 0.000574980 s
[STANDARD DEVIATION] 0.000061378 s

FEN: 3Q4/8/1k6/7p/p1p4P/2q3PB/7K/8 b - - 0 0
        [0]         [1]         [2]         [3]         [4]         [5]         [6]         [7]         [8]         [9]
[0] 0.003425700 0.003721700 0.003544000 0.003392800 0.003381800 0.003381600 0.003750600 0.003411500 0.003379900 0.003400300 
[1] 0.003643200 0.003387100 0.003391800 0.003436300 0.003374100 0.003748700 0.003414700 0.003412700 0.003417300 0.003665800 
[2] 0.003398400 0.003383700 0.003402500 0.003412800 0.004181000 0.003367500 0.003377800 0.003397100 0.003635800 0.003384600 
[3] 0.003417400 0.003390000 0.003388300 0.003768400 0.003390700 0.003386600 0.003388800 0.003551400 0.003385200 0.003396100 
[4] 0.003387800 0.003397500 0.003655400 0.003415600 0.003395700 0.003409600 0.003719100 0.003400000 0.003379100 0.003396900 
[5] 0.003381300 0.004213200 0.003421000 0.003388700 0.003398400 0.003657000 0.003398400 0.003398700 0.003420800 0.003374300 
[6] 0.003665800 0.003394600 0.003404400 0.003404800 0.003745300 0.003391300 0.003374100 0.003404600 0.003473700 0.003662500 
[7] 0.003410500 0.003387200 0.003381800 0.003765100 0.003402800 0.003376900 0.003394500 0.003387300 0.003650200 0.003389200 
[8] 0.003396000 0.003401300 0.003633500 0.003416100 0.003422300 0.003396700 0.003398500 0.003750300 0.003399500 0.003399000 
[9] 0.003403800 0.003672600 0.003397800 0.003424200 0.003399100 0.003410700 0.003632100 0.003387600 0.003390400 0.003381200 
[AVERAGE] 0.003472735 s
[STANDARD DEVIATION] 0.000157138 s

FEN: 4q3/2R4P/5R2/1p6/p3k3/P7/KP6/8 b - - 0 0
        [0]         [1]         [2]         [3]         [4]         [5]         [6]         [7]         [8]         [9]
[0] 0.010812400 0.010758000 0.010862600 0.010743300 0.010789600 0.010463200 0.010662700 0.010594200 0.010449400 0.010802000 
[1] 0.010678800 0.010709300 0.010459700 0.010851600 0.010665500 0.010431500 0.010654900 0.011064000 0.010481600 0.011112200 
[2] 0.010735200 0.010480900 0.010776800 0.010712100 0.010439400 0.010692400 0.010851300 0.010407200 0.011044400 0.010710400 
[3] 0.010838600 0.010474800 0.010677600 0.010704600 0.010443100 0.010934000 0.010714400 0.010483300 0.010767900 0.010725000 
[4] 0.010506000 0.010687000 0.010696300 0.010494500 0.010895700 0.010698800 0.010424300 0.010646100 0.010829800 0.010626500 
[5] 0.010470500 0.010771700 0.010739200 0.010474600 0.010692400 0.010741200 0.010478500 0.010817100 0.010702800 0.010489900 
[6] 0.010785000 0.010727800 0.010419900 0.010719900 0.010654200 0.010466600 0.010731200 0.010634800 0.010512100 0.011301900 
[7] 0.010793900 0.010713500 0.010418600 0.010623500 0.011266100 0.010517900 0.010745100 0.010760100 0.010456700 0.010994300 
[8] 0.010988500 0.010749800 0.010847600 0.011144400 0.010782700 0.010669500 0.010748400 0.010884700 0.010442700 0.010577300 
[9] 0.010755100 0.010408100 0.010756300 0.010701800 0.010437300 0.010951500 0.010869400 0.010444700 0.010754100 0.010637200 
[AVERAGE] 0.010693370 s
[STANDARD DEVIATION] 0.000190507 s

FEN: R7/8/5rk1/5p2/1p5P/5KP1/P7/8 b - - 0 0
        [0]         [1]         [2]         [3]         [4]         [5]         [6]         [7]         [8]         [9]
[0] 0.001076500 0.001064800 0.001051500 0.001055700 0.001053900 0.001054600 0.001057600 0.001048300 0.001051000 0.001050100 
[1] 0.001382400 0.001054300 0.001053400 0.001050400 0.001052600 0.001054700 0.001053300 0.001049100 0.001055700 0.001050000 
[2] 0.001050000 0.001049600 0.001055700 0.001063600 0.001280400 0.001094300 0.001052000 0.001043000 0.001050500 0.001048400 
[3] 0.001053300 0.001051700 0.001052700 0.001055200 0.001045300 0.001047600 0.001050500 0.001060300 0.001053800 0.001242500 
[4] 0.001053700 0.001052800 0.001055900 0.001052300 0.001044800 0.001053700 0.001052400 0.001047800 0.001052200 0.001051400 
[5] 0.001056500 0.001052900 0.001054500 0.001061700 0.001698900 0.001331300 0.001232000 0.001250000 0.001115500 0.001050200 
[6] 0.001051800 0.001052100 0.001266000 0.001174600 0.001073500 0.001312200 0.001075500 0.001334800 0.001399100 0.001102600 
[7] 0.001079500 0.001079900 0.001085000 0.001078100 0.001076300 0.001078800 0.001079800 0.001078600 0.001076400 0.001080600 
[8] 0.001218700 0.001154600 0.001048400 0.001048600 0.001051500 0.001043500 0.001046000 0.001052300 0.001051800 0.001051400 
[9] 0.001055800 0.001055400 0.001051800 0.001050800 0.001054200 0.001380100 0.001050800 0.001052700 0.001048200 0.001050100 
[AVERAGE] 0.001095927 s
[STANDARD DEVIATION] 0.000103262 s

FEN: 3k4/5ppp/2q5/3p2r1/8/1Q3P2/P4P1P/3R3K w - - 0 1
        [0]         [1]         [2]         [3]         [4]         [5]         [6]         [7]         [8]         [9]
[0] 0.007021900 0.007263000 0.006936900 0.007554900 0.006997700 0.007395200 0.006968000 0.006967100 0.007236400 0.007004600 
[1] 0.007275300 0.006984200 0.007376800 0.006987200 0.007265600 0.006962200 0.007244800 0.006985800 0.007002900 0.007361100 
[2] 0.006962900 0.007240900 0.006958800 0.007105400 0.007015700 0.007370500 0.007363100 0.007187300 0.007036500 0.007238900 
[3] 0.007004200 0.007066300 0.007404900 0.007013500 0.007654400 0.008778900 0.009240300 0.009202000 0.008724400 0.008065500 
[4] 0.008408700 0.008099100 0.007588400 0.008255700 0.008140200 0.007486100 0.007184900 0.007450100 0.007065000 0.007467900 
[5] 0.006952700 0.007159400 0.007084800 0.006985300 0.007192000 0.007006900 0.007408700 0.007019700 0.007248700 0.006975000 
[6] 0.007231500 0.006974000 0.007361300 0.006996000 0.007003800 0.007257200 0.006988700 0.007505300 0.007001600 0.007378800 
[7] 0.007014700 0.007248500 0.007042000 0.007264100 0.007004200 0.008343900 0.009716900 0.008727800 0.007794900 0.007956700 
[8] 0.008150600 0.009462100 0.008128000 0.008349300 0.008306100 0.009219300 0.008622800 0.008839800 0.008957900 0.008218800 
[9] 0.008380600 0.008529000 0.008601900 0.008453800 0.008482600 0.008109500 0.007927200 0.008645700 0.009109500 0.008357400 
[AVERAGE] 0.007632691 s
[STANDARD DEVIATION] 0.000719701 s

FEN: 4R3/1k6/1p2P1p1/p7/4r3/1P1r4/1K6/2R5 w - - 0 0
        [0]         [1]         [2]         [3]         [4]         [5]         [6]         [7]         [8]         [9]
[0] 0.008473600 0.008332700 0.008851900 0.009283800 0.008900400 0.008271400 0.008254400 0.008010600 0.007976200 0.007926800 
[1] 0.007991800 0.007280000 0.008441600 0.007762100 0.008166000 0.007445400 0.007957100 0.007870000 0.007492100 0.008244700 
[2] 0.009171800 0.008610300 0.009314200 0.008453800 0.008293600 0.008112700 0.008798200 0.008002800 0.007795300 0.007734200 
[3] 0.007252600 0.007187200 0.007961800 0.007659000 0.007509800 0.007154500 0.007498600 0.007102100 0.007438800 0.007055800 
[4] 0.008094000 0.007334400 0.007916200 0.007292700 0.007751600 0.007703500 0.007475000 0.007744300 0.007562800 0.007507500 
[5] 0.007770500 0.007331200 0.007554200 0.007133400 0.007375300 0.007109400 0.007121300 0.007570700 0.007161600 0.007340000 
[6] 0.007060600 0.007315400 0.007104200 0.007510300 0.007039000 0.007297400 0.007084500 0.007297700 0.007111900 0.007087100 
[7] 0.008644300 0.008415400 0.008955400 0.008803000 0.009446800 0.008261600 0.008747600 0.008430200 0.007931300 0.008669800 
[8] 0.008614100 0.009411500 0.008321000 0.008483800 0.008549700 0.009120900 0.008176300 0.008338700 0.009221300 0.009504700 
[9] 0.009331000 0.008258100 0.008527800 0.008677600 0.008703800 0.009356600 0.008492800 0.008329800 0.008583200 0.009914400 
[AVERAGE] 0.008050199 s
[STANDARD DEVIATION] 0.000708886 s

FEN: 5k2/R7/3K4/4p3/5P2/8/8/5r2 w - - 0 0
        [0]         [1]         [2]         [3]         [4]         [5]         [6]         [7]         [8]         [9]
[0] 0.000963500 0.000720300 0.000735500 0.000678400 0.000853900 0.000709700 0.000931900 0.001102400 0.001042400 0.000763200 
[1] 0.000803400 0.000664700 0.000681300 0.000884100 0.000902000 0.000790300 0.000863300 0.000667000 0.000680600 0.000681200 
[2] 0.000616300 0.000696200 0.000651300 0.000712400 0.000743100 0.000697700 0.000629800 0.000627300 0.000667900 0.000589600 
[3] 0.000910000 0.000770400 0.000832300 0.000716300 0.000602600 0.000654700 0.000626000 0.000614400 0.000677900 0.000672200 
[4] 0.000669900 0.000679200 0.000628600 0.000670400 0.000710200 0.000624900 0.000653800 0.000856900 0.000893400 0.000713300 
[5] 0.000646400 0.000697900 0.000684600 0.000614300 0.000723300 0.000662900 0.000692900 0.000728600 0.000662200 0.000850200 
[6] 0.000755300 0.001011800 0.000712400 0.000662000 0.000681100 0.000697000 0.000646800 0.000627300 0.000618900 0.000667000 
[7] 0.000589800 0.000611800 0.000704500 0.000705800 0.000673800 0.000696100 0.000556400 0.001034400 0.000706700 0.000689200 
[8] 0.000776900 0.000782800 0.000705000 0.000670700 0.000557900 0.000733000 0.000663200 0.000558900 0.000681000 0.000865600 
[9] 0.001033100 0.000840600 0.000557500 0.000678600 0.000614400 0.000596400 0.000654800 0.000785400 0.000655700 0.000649500 
[AVERAGE] 0.000720005 s
[STANDARD DEVIATION] 0.000113863 s

FEN: 5k2/1R6/4p1p1/1pr3Pp/7P/1K6/8/8 w - - 0 0
        [0]         [1]         [2]         [3]         [4]         [5]         [6]         [7]         [8]         [9]
[0] 0.001874900 0.001820200 0.002110400 0.001867900 0.001958200 0.002461000 0.001862600 0.002045000 0.002141200 0.001880700 
[1] 0.002117400 0.002209700 0.002120500 0.002249200 0.002144400 0.001893700 0.002238900 0.002269400 0.002057300 0.002155100 
[2] 0.001997300 0.002036900 0.002109100 0.001926400 0.002266900 0.002026300 0.001865500 0.002489700 0.001917200 0.001884000 
[3] 0.002214500 0.001789700 0.001860600 0.002446200 0.001741100 0.001785800 0.002255000 0.001784600 0.001851200 0.002136700 
[4] 0.001802300 0.001769400 0.002143700 0.001863800 0.001748700 0.002287400 0.001764200 0.001747100 0.001980100 0.001771900 
[5] 0.001751900 0.002226200 0.001935300 0.001765400 0.001981500 0.001958900 0.001702100 0.001897700 0.002649700 0.002234800 
[6] 0.002256900 0.001789600 0.001818700 0.002268800 0.001798400 0.001823400 0.002216200 0.001782800 0.001747300 0.002132800 
[7] 0.001747800 0.001742700 0.002352700 0.001788500 0.001763900 0.002243500 0.001750600 0.001747400 0.002283900 0.001829700 
[8] 0.001759300 0.002146000 0.001877600 0.001749800 0.002358100 0.001934700 0.001721900 0.002141500 0.001846700 0.001734700 
[9] 0.002152300 0.001822500 0.001744500 0.001960300 0.001919300 0.001754200 0.001898900 0.002185400 0.001756100 0.002136800 
[AVERAGE] 0.001983307 s
[STANDARD DEVIATION] 0.000216542 s

FEN: 5k2/8/p7/4K1P1/P4R2/6r1/8/8 b - - 0 0
        [0]         [1]         [2]         [3]         [4]         [5]         [6]         [7]         [8]         [9]
[0] 0.001130200 0.000882800 0.000981900 0.000840500 0.000842700 0.001024400 0.001376600 0.001178200 0.001048900 0.001251600 
[1] 0.001213300 0.001335900 0.000917000 0.001024600 0.001014600 0.000959100 0.001307700 0.001203300 0.000882300 0.001183600 
[2] 0.001003200 0.001390100 0.001059200 0.001024700 0.000952300 0.001018000 0.000998800 0.001259900 0.001061900 0.001014000 
[3] 0.000977800 0.001026900 0.001077700 0.001083200 0.000921400 0.000990100 0.000976500 0.001083000 0.000937900 0.001086100 
[4] 0.001254500 0.001462500 0.000990000 0.000956500 0.001049200 0.000940000 0.000989100 0.000931500 0.000961100 0.000966900 
[5] 0.000931300 0.000901400 0.000875200 0.000905200 0.000891600 0.001127600 0.000951100 0.001043100 0.001048400 0.000989100 
[6] 0.001022400 0.001001200 0.000981800 0.000990100 0.001016000 0.001027700 0.000969500 0.000992800 0.000906600 0.000951800 
[7] 0.000951100 0.001267400 0.000958400 0.001157000 0.000960000 0.000898100 0.000895900 0.000912500 0.000987900 0.000930400 
[8] 0.000956300 0.000992200 0.000980500 0.000979600 0.001009600 0.000982000 0.001057000 0.000864200 0.000856700 0.000886600 
[9] 0.000918500 0.000971000 0.000938500 0.000865400 0.000896300 0.000896400 0.000895900 0.000946200 0.000999800 0.000987200 
[AVERAGE] 0.001013657 s
[STANDARD DEVIATION] 0.000125058 s

FEN: 8/8/8/p2r1k2/7p/PP1RK3/6P1/8 b - - 0 0
        [0]         [1]         [2]         [3]         [4]         [5]         [6]         [7]         [8]         [9]
[0] 0.001155800 0.001077900 0.001038700 0.001292300 0.001039100 0.001059100 0.000963400 0.000977300 0.000977200 0.001190300 
[1] 0.001235000 0.001145200 0.001226700 0.001079600 0.001034500 0.001352900 0.001329800 0.000826700 0.001401100 0.001232200 
[2] 0.001595000 0.001148300 0.000894700 0.001182900 0.001067700 0.001014700 0.001015100 0.000868100 0.000823900 0.001051300 
[3] 0.001200200 0.001071500 0.000832000 0.000931900 0.001238200 0.001093300 0.001129300 0.000979500 0.000850400 0.000849500 
[4] 0.000846900 0.001274000 0.000913800 0.000849600 0.000853100 0.000856000 0.000859900 0.001035400 0.001137500 0.000851300 
[5] 0.000854100 0.000850900 0.000847000 0.000965200 0.001247800 0.000886500 0.000828400 0.000830100 0.000831200 0.000834900 
[6] 0.001267500 0.001135900 0.000834700 0.000833600 0.000830300 0.000829800 0.001134300 0.001275300 0.000840500 0.000839900 
[7] 0.001444900 0.001017600 0.001232200 0.001260900 0.001410300 0.001067700 0.001264800 0.001171300 0.001170000 0.001118900 
[8] 0.001048400 0.001011300 0.001026700 0.000981400 0.000899900 0.000901000 0.000873800 0.000915400 0.001019200 0.001158200 
[9] 0.000933800 0.000933200 0.000879000 0.000931500 0.001081100 0.001204700 0.001053400 0.000983100 0.000995000 0.001152400 
[AVERAGE] 0.001038888 s
[STANDARD DEVIATION] 0.000171838 s

FEN: 8/8/8/1P4p1/5k2/5p2/P6K/8 b - - 0 0
        [0]         [1]         [2]         [3]         [4]         [5]         [6]         [7]         [8]         [9]
[0] 0.000191300 0.000191900 0.000216400 0.000186400 0.000201000 0.000201100 0.000206200 0.000189400 0.000218200 0.000242500 
[1] 0.000263600 0.000208700 0.000225000 0.000321300 0.000250700 0.000240400 0.000193900 0.000238800 0.000253700 0.000243900 
[2] 0.000206600 0.000216800 0.000236000 0.000199900 0.000187200 0.000174800 0.000191500 0.000191300 0.000220800 0.000198900 
[3] 0.000186200 0.000214700 0.000255300 0.000242400 0.000226800 0.000270400 0.000295800 0.000202400 0.000216800 0.000202800 
[4] 0.000246000 0.000210200 0.000167400 0.000167400 0.000168100 0.000298700 0.000209700 0.000168100 0.000166600 0.000209900 
[5] 0.000261600 0.000194700 0.000215100 0.000202300 0.000203300 0.000186000 0.000253000 0.000253800 0.000227100 0.000232800 
[6] 0.000330900 0.000164100 0.000162500 0.000324000 0.000359800 0.000163600 0.000162300 0.000293100 0.000203300 0.000161800 
[7] 0.000163600 0.000162000 0.000307100 0.000260100 0.000162500 0.000163400 0.000240000 0.000227800 0.000242900 0.000248900 
[8] 0.000215900 0.000185700 0.000227800 0.000206100 0.000163600 0.000179500 0.000298400 0.000190500 0.000162000 0.000164000 
[9] 0.000221500 0.000324000 0.000219200 0.000162800 0.000163600 0.000286700 0.000267500 0.000161200 0.000161800 0.000190900 
[AVERAGE] 0.000217200 s
[STANDARD DEVIATION] 0.000045423 s

FEN: 3b2k1/1p3p2/p1p5/2P4p/1P2P1p1/5p2/5P2/4RK2 w - - 0 0
        [0]         [1]         [2]         [3]         [4]         [5]         [6]         [7]         [8]         [9]
[0] 0.000633600 0.000649500 0.000636300 0.000609500 0.000538500 0.000541300 0.000509200 0.000471900 0.000610400 0.000473600 
[1] 0.000634600 0.000555700 0.000613800 0.000730900 0.000483100 0.000582300 0.000476900 0.000605600 0.000472600 0.000548300 
[2] 0.000476500 0.000550600 0.000699900 0.000539200 0.000728000 0.000592700 0.000547100 0.000586900 0.000468900 0.000603400 
[3] 0.000472700 0.000629800 0.000589000 0.000596700 0.000661400 0.000481900 0.000583200 0.000484400 0.000593600 0.000479800 
[4] 0.000637700 0.000539200 0.000656600 0.000664700 0.000563600 0.000562500 0.000541500 0.000560400 0.000590900 0.000476800 
[5] 0.000579600 0.000474100 0.000714300 0.000671200 0.000880000 0.000540500 0.000590600 0.000500700 0.000604500 0.000480200 
[6] 0.000600500 0.000483600 0.000667400 0.000547000 0.000694800 0.000690100 0.000498800 0.000574700 0.000594000 0.000543200 
[7] 0.000623800 0.000475800 0.000658500 0.000632100 0.000639100 0.000595000 0.000478400 0.000611600 0.000469600 0.000624700 
[8] 0.000574800 0.000545400 0.000601000 0.000583500 0.000595100 0.000758800 0.000493500 0.000565600 0.000481200 0.000612600 
[9] 0.000479300 0.000654600 0.000570600 0.000706500 0.000722800 0.000501900 0.000711700 0.000695700 0.000499100 0.000629800 
[AVERAGE] 0.000582591 s
[STANDARD DEVIATION] 0.000080510 s

FEN: 5k2/3R4/2K1p1p1/4P1P1/5P2/8/3r4/8 b - - 0 0
        [0]         [1]         [2]         [3]         [4]         [5]         [6]         [7]         [8]         [9]
[0] 0.001200300 0.001405000 0.001149000 0.001114800 0.001112300 0.001137800 0.001241600 0.001107800 0.001148700 0.001108100 
[1] 0.001334000 0.001504600 0.001143800 0.001183200 0.001154500 0.001298900 0.001478300 0.001180200 0.001173300 0.001237200 
[2] 0.001376300 0.001742700 0.001506800 0.001197100 0.001385900 0.001354500 0.001188900 0.001235400 0.001288100 0.001614500 
[3] 0.001239100 0.001128700 0.001169000 0.001386300 0.001291500 0.001291200 0.001296900 0.001236800 0.001436100 0.001353700 
[4] 0.001410800 0.001340000 0.001512500 0.001127900 0.001054200 0.001131700 0.001338600 0.001553700 0.001027100 0.001104000 
[5] 0.001033000 0.001147900 0.001467500 0.001081300 0.001194000 0.001090700 0.001174100 0.001417900 0.001037600 0.001028600 
[6] 0.001035200 0.001133500 0.001317800 0.001029800 0.001031200 0.001029300 0.001032800 0.001350600 0.001137400 0.001008100 
[7] 0.000998900 0.001000300 0.001229000 0.001378900 0.001004900 0.001004200 0.001039000 0.001172500 0.001283300 0.001035300 
[8] 0.001034200 0.001030000 0.001033100 0.001482900 0.001041500 0.001031100 0.001025700 0.001031000 0.001467300 0.001097200 
[9] 0.001031600 0.001028300 0.001026800 0.001389500 0.001242400 0.001027400 0.001032000 0.001024300 0.001191300 0.001299300 
[AVERAGE] 0.001202249 s
[STANDARD DEVIATION] 0.000166247 s

FEN: 6k1/6pp/5p2/8/5P2/P7/2K4P/8 b - - 0 0
        [0]         [1]         [2]         [3]         [4]         [5]         [6]         [7]         [8]         [9]
[0] 0.000096900 0.000088000 0.000085700 0.000084800 0.000084000 0.000083600 0.000083900 0.000084200 0.000083600 0.000083400 
[1] 0.000083100 0.000083400 0.000083200 0.000083300 0.000083100 0.000083300 0.000083400 0.000083100 0.000082500 0.000083100 
[2] 0.000083300 0.000083300 0.000083100 0.000082700 0.000083100 0.000082900 0.000083300 0.000082700 0.000083000 0.000082900 
[3] 0.000083300 0.000082900 0.000083300 0.000095100 0.000080600 0.000080900 0.000080900 0.000081000 0.000081200 0.000080900 
[4] 0.000080900 0.000080800 0.000080400 0.000080800 0.000081400 0.000080400 0.000083700 0.000152000 0.000140500 0.000097100 
[5] 0.000099700 0.000112900 0.000098900 0.000145300 0.000132800 0.000088700 0.000087800 0.000141900 0.000110800 0.000082100 
[6] 0.000082600 0.000139000 0.000082000 0.000081400 0.000081600 0.000082200 0.000082100 0.000081600 0.000080900 0.000081300 
[7] 0.000080900 0.000081400 0.000083000 0.000081400 0.000081100 0.000081000 0.000081500 0.000081200 0.000080900 0.000080700 
[8] 0.000080700 0.000081300 0.000080900 0.000080800 0.000081000 0.000081600 0.000081400 0.000081300 0.000081700 0.000081100 
[9] 0.000081600 0.000081500 0.000081500 0.000081400 0.000081400 0.000081300 0.000081200 0.000081400 0.000081000 0.000081200 
[AVERAGE] 0.000087220 s
[STANDARD DEVIATION] 0.000014918 s

FEN: 8/3R4/8/r3N2p/P1Pp1P2/2k2K1P/3r4/8 w - - 0 0
        [0]         [1]         [2]         [3]         [4]         [5]         [6]         [7]         [8]         [9]
[0] 0.002097300 0.002254100 0.001818200 0.002462800 0.001813400 0.001815600 0.002187100 0.001816900 0.001822300 0.002404500 
[1] 0.001816900 0.001827100 0.002350600 0.001771000 0.001769100 0.002360800 0.001784900 0.001813700 0.002173400 0.001817400 
[2] 0.001818300 0.002392200 0.001826100 0.001818400 0.002442700 0.001913300 0.001997000 0.002205400 0.001826000 0.001973200 
[3] 0.002308800 0.001916800 0.002341700 0.001948000 0.001811900 0.002202200 0.002031300 0.001939000 0.002198500 0.001843200 
[4] 0.001816100 0.002345000 0.001828600 0.001766100 0.002320700 0.001875100 0.001816900 0.002296300 0.001829200 0.001809400 
[5] 0.002332900 0.001815000 0.001819600 0.002277800 0.001819300 0.001817400 0.002492500 0.001812900 0.001809900 0.002142000 
[6] 0.001822100 0.001954500 0.002524500 0.001775800 0.001958300 0.002230600 0.001977100 0.002048100 0.002145200 0.001806700 
[7] 0.002047400 0.002058700 0.001805700 0.002349300 0.002093800 0.001821900 0.002386500 0.001854600 0.001772900 0.002371000 
[8] 0.002141800 0.001822800 0.002260800 0.001827400 0.001827400 0.002471000 0.001811800 0.001880300 0.002247800 0.001921800 
[9] 0.001885000 0.002488100 0.001767000 0.003258500 0.002329000 0.001996200 0.002411800 0.001815600 0.002179200 0.001979800 
[AVERAGE] 0.002037016 s
[STANDARD DEVIATION] 0.000263949 s

FEN: 6k1/8/6r1/8/5b2/2PR4/4K3/8 w - - 0 0        [0]         [1]         [2]         [3]         [4]         [5]         [6]         [7]         [8]         [9]
[0] 0.001896700 0.001938300 0.001904500 0.001808400 0.002002200 0.002155000 0.001705900 0.002004600 0.001996200 0.001740200 
[1] 0.001948900 0.002013700 0.001764800 0.001755000 0.002242900 0.001684300 0.002019300 0.002226600 0.001688400 0.001786400 
[2] 0.002428000 0.001694800 0.001806000 0.002032300 0.001692100 0.001826900 0.002252800 0.001779700 0.001645600 0.002165500 
[3] 0.001653800 0.001661300 0.002388800 0.001698700 0.001649500 0.002114700 0.001813000 0.001696400 0.002020800 0.001949000 
[4] 0.001710400 0.002040500 0.002091000 0.001652300 0.001807800 0.002217000 0.001648100 0.002928800 0.002291000 0.001821500 
[5] 0.002124500 0.001685200 0.001684500 0.002225500 0.001820200 0.001701500 0.002213800 0.001761100 0.001687900 0.001949800 
[6] 0.001841300 0.001709800 0.001868100 0.002102600 0.001647200 0.001642000 0.002160800 0.001656700 0.001700000 0.002132500 
[7] 0.001685000 0.001696600 0.002099300 0.001727500 0.001694500 0.001951300 0.001781000 0.001687200 0.001766400 0.002063200 
[8] 0.001641700 0.001643800 0.002433700 0.001649700 0.001689100 0.002068500 0.002193000 0.002031500 0.002709500 0.002059300 
[9] 0.002886400 0.003770100 0.003330800 0.002406500 0.002230700 0.001737200 0.002223700 0.002721400 0.001902200 0.002772000 
[AVERAGE] 0.001980282 s
[STANDARD DEVIATION] 0.000370031 s

----------------------------------- AVERAGES ------------------------------------------


---------- REGULAR POSITIONS ----------

    [AVERAGE (s)]    [STANDARD DEVIATION (s)]
 [0] 0.014396069          0.001020513
 [1] 0.012555810          0.001206662
 [2] 0.020770553          0.003147866
 [3] 0.024633708          0.000864604
 [4] 0.043935993          0.003829673
 [5] 0.105310194          0.009837566
 [6] 0.112885526          0.006821197
 [7] 0.032502281          0.002649464
 [8] 0.024483163          0.001505305
 [9] 0.011672824          0.000737475
[10] 0.020494167          0.001021095
[11] 0.009080867          0.000317566
[12] 0.004093400          0.000139987
[13] 0.010533878          0.000301305
[14] 0.018099089          0.000769133
[15] 0.012879419          0.000446356
[16] 0.081792564          0.001672318
[17] 0.013532493          0.000630972
[18] 0.023228532          0.000253683
[19] 0.019531997          0.000521977

---------- TACTICAL POSITINOS ----------

    [AVERAGE (s)]    [STANDARD DEVIATION (s)]
 [0] 0.003543548          0.000139288
 [1] 0.016393690          0.000146704
 [2] 0.002916312          0.000149695
 [3] 0.028991001          0.000634681
 [4] 0.015471360          0.000281335
 [5] 0.001503485          0.000083399
 [6] 0.004938049          0.000144753
 [7] 0.039882249          0.000567838
 [8] 0.008038339          0.000182517
 [9] 0.039652844          0.000532272
[10] 0.013682304          0.000171637
[11] 0.002863921          0.000118817
[12] 0.011996349          0.000314947
[13] 0.001842823          0.000081448
[14] 0.011744489          0.000175290
[15] 0.015162196          0.000145092
[16] 0.017088904          0.000653636
[17] 0.004332193          0.000134847
[18] 0.013091960          0.000158800
[19] 0.009442037          0.000308873

---------- SMALL POSITIONS ----------

    [AVERAGE (s)]    [STANDARD DEVIATION (s)]
 [0] 0.000042877          0.000001427
 [1] 0.002577050          0.000193815
 [2] 0.003004889          0.000128172
 [3] 0.002102799          0.000099645
 [4] 0.000574980          0.000061378
 [5] 0.003472735          0.000157138
 [6] 0.010693370          0.000190507
 [7] 0.001095927          0.000103262
 [8] 0.007632691          0.000719701
 [9] 0.008050199          0.000708886
[10] 0.000720005          0.000113863
[11] 0.001983307          0.000216542
[12] 0.001013657          0.000125058
[13] 0.001038888          0.000171838
[14] 0.000217200          0.000045423
[15] 0.000582591          0.000080510
[16] 0.001202249          0.000166247
[17] 0.000087220          0.000014918
[18] 0.002037016          0.000263949
[19] 0.001980282          0.000370031


----------------------------------- AVERAGES ------------------------------------------





---------- SUMMARY ----------

0.014396069 0.012555810 0.020770553 0.024633708 0.043935993 0.105310194 0.112885526 0.032502281 0.024483163 0.011672824 0.020494167 0.009080867 0.004093400 0.010533878 0.018099089 0.012879419 0.081792564 0.013532493 0.023228532 0.019531997 
0.003543548 0.016393690 0.002916312 0.028991001 0.015471360 0.001503485 0.004938049 0.039882249 0.008038339 0.039652844 0.013682304 0.002863921 0.011996349 0.001842823 0.011744489 0.015162196 0.017088904 0.004332193 0.013091960 0.009442037 
0.000042877 0.002577050 0.003004889 0.002102799 0.000574980 0.003472735 0.010693370 0.001095927 0.007632691 0.008050199 0.000720005 0.001983307 0.001013657 0.001038888 0.000217200 0.000582591 0.001202249 0.000087220 0.002037016 0.001980282 
0.003053954 0.000314603 0.000274577 
