FEN: rn1q1rk1/pbp2pp1/1p2pb1p/3p4/2PP4/2N1PN2/PP2BPPP/R2QK2R w KQ - 0 10
        [0]         [1]         [2]         [3]         [4]         [5]         [6]         [7]         [8]         [9]
[0] 0.074890500 0.073533300 0.074309800 0.073347300 0.073504700 0.073296900 0.074580900 0.076251700 0.073229000 0.072737100 
[1] 0.072971100 0.073222200 0.074449800 0.078326800 0.074827400 0.080084500 0.072948500 0.074012300 0.073500800 0.076549900 
[2] 0.077334800 0.073603000 0.073358200 0.073189200 0.072946100 0.076179500 0.090224800 0.153858400 0.105567700 0.091584400 
[3] 0.078109000 0.077764200 0.073065200 0.073757200 0.074922500 0.073176900 0.073598700 0.073124500 0.073039900 0.075867400 
[4] 0.072707400 0.074095700 0.072895600 0.072860300 0.077601400 0.096882900 0.073302800 0.074268600 0.074076600 0.073497200 
[5] 0.073254300 0.083350400 0.073708400 0.073018800 0.073897000 0.073153300 0.098622500 0.089292800 0.088015200 0.087191700 
[6] 0.085346100 0.080754400 0.082990100 0.077621700 0.072727400 0.074335800 0.073985100 0.073285200 0.072801600 0.073292700 
[7] 0.072984800 0.072927600 0.073034800 0.073039600 0.072846200 0.073229400 0.074356900 0.072946800 0.073264400 0.078385900 
[8] 0.078625300 0.074959000 0.072699400 0.072944600 0.073168000 0.073061200 0.072953800 0.073195200 0.074107800 0.080522300 
[9] 0.088094000 0.078103600 0.084279400 0.080737100 0.074908800 0.073585400 0.073077700 0.073208300 0.073098100 0.073359900 
[AVERAGE] 0.077233844 s
[STANDARD DEVIATION] 0.009806258 s

FEN: rn1q1rk1/pp2ppbp/2p3p1/3p1b2/2PPn3/1P3NP1/P2NPPBP/R1BQ1RK1 w - - 1 9
        [0]         [1]         [2]         [3]         [4]         [5]         [6]         [7]         [8]         [9]
[0] 0.065813000 0.064704900 0.063839900 0.067131700 0.065720100 0.064573900 0.063768400 0.063729000 0.063789500 0.063790400 
[1] 0.065830600 0.064102900 0.063816900 0.063720200 0.064285900 0.063932800 0.065746500 0.063681700 0.063964400 0.063986200 
[2] 0.064974600 0.063732800 0.063876200 0.064169000 0.063605100 0.064086600 0.065160300 0.063764300 0.064600600 0.063781800 
[3] 0.063560300 0.063886900 0.063713400 0.063758700 0.063825300 0.063689600 0.064695800 0.064142500 0.065553800 0.063970300 
[4] 0.063802700 0.064181100 0.063890900 0.063774700 0.063943200 0.065214500 0.063513400 0.063773000 0.063811400 0.063772900 
[5] 0.064202200 0.063710800 0.063888600 0.064009000 0.063928900 0.064462700 0.063772200 0.065431900 0.064265600 0.063691700 
[6] 0.064033900 0.064423800 0.063621600 0.063714800 0.063825800 0.063712000 0.068324400 0.065270200 0.067526100 0.065957600 
[7] 0.063842500 0.066031300 0.064052200 0.064282400 0.063896700 0.064182900 0.064474100 0.064763800 0.064657200 0.065419700 
[8] 0.063788000 0.063829700 0.064238400 0.064032700 0.064863500 0.064075400 0.063614700 0.063838000 0.064119700 0.064009300 
[9] 0.063879600 0.063787400 0.063795500 0.063747400 0.063756500 0.063670500 0.063710900 0.064134300 0.063819300 0.065063400 
[AVERAGE] 0.064293054 s
[STANDARD DEVIATION] 0.000857850 s

FEN: 1rbq1rk1/pp2ppbp/2n2np1/2pp4/5P2/N1PP1NP1/PP2P1BP/R1BQ1RK1 w - - 3 9
        [0]         [1]         [2]         [3]         [4]         [5]         [6]         [7]         [8]         [9]
[0] 0.093817400 0.093478000 0.093518500 0.093372100 0.093510200 0.093539900 0.093398600 0.093499800 0.093549800 0.093383000 
[1] 0.093910800 0.093872000 0.093587800 0.094035500 0.093832500 0.093633500 0.093319000 0.094051900 0.093312400 0.098634200 
[2] 0.094051300 0.093626400 0.093750700 0.093920100 0.093372000 0.093392000 0.093358500 0.093429400 0.093722600 0.093479900 
[3] 0.093523300 0.093362600 0.093965600 0.094083300 0.094343100 0.093736600 0.093500900 0.093496500 0.093862000 0.093630700 
[4] 0.093584800 0.093878700 0.094622300 0.093649600 0.093411900 0.093453800 0.093434600 0.093553200 0.093371200 0.093284600 
[5] 0.093523500 0.093593700 0.093480100 0.093452400 0.094019700 0.094205400 0.094885700 0.093418300 0.093244800 0.094694500 
[6] 0.093442300 0.095016500 0.097366700 0.093400900 0.093520700 0.093496500 0.093671800 0.093386900 0.093627900 0.093040900 
[7] 0.093345400 0.093400500 0.093523600 0.093255800 0.093705500 0.093430200 0.093526100 0.093436900 0.093444400 0.093537300 
[8] 0.093291900 0.094178100 0.093538700 0.093438900 0.093217000 0.093438100 0.093656500 0.094330300 0.094342400 0.093479300 
[9] 0.093645900 0.093282300 0.093585400 0.093428100 0.093443300 0.093611200 0.093942800 0.094118600 0.094097900 0.094023100 
[AVERAGE] 0.093742938 s
[STANDARD DEVIATION] 0.000711186 s

FEN: r2qkb1r/pp1n1ppp/2p2n2/3pp3/6b1/3P1NP1/PPPNPPBP/R1BQ1RK1 w kq - 0 7
        [0]         [1]         [2]         [3]         [4]         [5]         [6]         [7]         [8]         [9]
[0] 0.064025500 0.064116700 0.064845700 0.064436600 0.064214300 0.064308100 0.067903200 0.065316100 0.063812500 0.064242200 
[1] 0.063995700 0.063980400 0.064104600 0.064950700 0.064240700 0.064189900 0.064573800 0.065091700 0.063938400 0.064323400 
[2] 0.064381700 0.064220100 0.064872300 0.063986400 0.065536200 0.064478000 0.064157000 0.063885700 0.064075600 0.064303800 
[3] 0.064118700 0.063924300 0.063851800 0.063957000 0.063942600 0.063920800 0.064047600 0.063860900 0.064061100 0.064055300 
[4] 0.064247700 0.064195700 0.064008100 0.064032100 0.064093200 0.064035200 0.065175400 0.064543400 0.064040200 0.064066600 
[5] 0.064046700 0.065342400 0.064139200 0.063983500 0.063791000 0.064174100 0.064030200 0.064162000 0.064125300 0.064015400 
[6] 0.072723300 0.066626000 0.064773700 0.063929400 0.063775200 0.064025400 0.063703400 0.063936200 0.064084100 0.074609600 
[7] 0.064166100 0.064633100 0.064064300 0.064410900 0.063649200 0.064154400 0.063856700 0.063792900 0.064179000 0.063931500 
[8] 0.063868700 0.064005900 0.064631400 0.064340400 0.063771800 0.063828000 0.064294900 0.063781000 0.064192100 0.064107800 
[9] 0.063968000 0.064368900 0.064772100 0.064748800 0.067159500 0.063966500 0.063941300 0.063932300 0.071459200 0.063944800 
[AVERAGE] 0.064546023 s
[STANDARD DEVIATION] 0.001622729 s

FEN: rnbqkb1r/pp3pp1/2p1pn1p/8/2pP3B/2N2N2/PP2PPPP/R2QKB1R w KQkq - 0 7
        [0]         [1]         [2]         [3]         [4]         [5]         [6]         [7]         [8]         [9]
[0] 0.089854400 0.089662500 0.090813500 0.089965400 0.089806900 0.090938200 0.089775900 0.090114100 0.089882100 0.090278500 
[1] 0.089660300 0.091443500 0.089785800 0.090201300 0.089590000 0.090323600 0.090061700 0.089920400 0.089382300 0.090025900 
[2] 0.089672800 0.089620900 0.095314000 0.090609300 0.089516600 0.090821100 0.091448900 0.090138600 0.090339300 0.089594500 
[3] 0.091150500 0.090235400 0.089792400 0.090424400 0.089821700 0.090947200 0.090284200 0.092808300 0.103690000 0.103404600 
[4] 0.107720900 0.090475800 0.090274000 0.090720200 0.089948200 0.090247100 0.089706100 0.090103800 0.089779800 0.089860500 
[5] 0.092241000 0.089489200 0.089887000 0.089912600 0.089959800 0.089550200 0.089844500 0.095151300 0.089571000 0.090015000 
[6] 0.089537000 0.090145100 0.089820000 0.089978900 0.089556800 0.090019600 0.094989700 0.090092600 0.090002400 0.090818200 
[7] 0.090215700 0.090274100 0.090601600 0.090823300 0.090125800 0.089565100 0.090471800 0.089847200 0.089967700 0.089482600 
[8] 0.092151300 0.090696000 0.091395800 0.089986300 0.089929100 0.091070800 0.090112500 0.090400900 0.089595700 0.091108500 
[9] 0.089956700 0.092733300 0.089916100 0.089703300 0.089720500 0.090634300 0.089804200 0.090060200 0.089678400 0.090092600 
[AVERAGE] 0.090806607 s
[STANDARD DEVIATION] 0.002725356 s

FEN: r3k2r/pppqb1pp/2np1n2/4p2b/P1B1P3/2N1BN1P/1PP2PP1/R2Q1RK1 b kq - 0 11
        [0]         [1]         [2]         [3]         [4]         [5]         [6]         [7]         [8]         [9]
[0] 0.217660500 0.216740200 0.216687000 0.217840800 0.221025800 0.216980700 0.216571900 0.218112700 0.216474700 0.216639600 
[1] 0.216965500 0.216627400 0.216435300 0.216662900 0.217996100 0.216353800 0.218445800 0.216227900 0.216659600 0.217884500 
[2] 0.217991800 0.217139300 0.221869500 0.216868700 0.216888400 0.216407700 0.216405800 0.216749600 0.217642000 0.216705300 
[3] 0.216802100 0.217260400 0.217473200 0.217815100 0.216455200 0.218030700 0.217541600 0.216581400 0.217482000 0.217524300 
[4] 0.216304400 0.221819500 0.218308700 0.216273800 0.216365300 0.216728300 0.218686300 0.216723300 0.216443800 0.217061300 
[5] 0.217148800 0.217314900 0.217125400 0.217328900 0.216570500 0.216855200 0.219047200 0.216878500 0.217674700 0.221115300 
[6] 0.217124000 0.218429400 0.216801900 0.217792500 0.217399600 0.217074800 0.216479700 0.220372800 0.216137100 0.216541400 
[7] 0.220936300 0.216270700 0.216440300 0.216226200 0.216667900 0.217543800 0.217014000 0.216977700 0.221901700 0.217086200 
[8] 0.216908300 0.216126300 0.216812100 0.217210500 0.216958400 0.216540500 0.216745900 0.217681100 0.216949500 0.217197700 
[9] 0.216082400 0.217744800 0.217288300 0.217413300 0.219935400 0.217283000 0.223328500 0.216949800 0.216487400 0.216738100 
[AVERAGE] 0.217440002 s
[STANDARD DEVIATION] 0.001399417 s

FEN: r3k2r/1ppqb1pp/p1np1n2/4p2b/P1B1P3/2N1BN1P/1PP2PP1/R2QR1K1 b kq - 1 12
        [0]         [1]         [2]         [3]         [4]         [5]         [6]         [7]         [8]         [9]
[0] 0.235990800 0.237055700 0.235320700 0.235335300 0.236154700 0.238986000 0.235673500 0.236650300 0.235415700 0.235410000 
[1] 0.235448200 0.237898200 0.235278400 0.240335800 0.236410300 0.235555400 0.235299200 0.235623500 0.235620000 0.239064100 
[2] 0.235638500 0.235433900 0.236245800 0.236879800 0.235280400 0.235309900 0.235846900 0.245943700 0.247913100 0.235765100 
[3] 0.239903100 0.236441400 0.235698600 0.235240300 0.235680800 0.236947000 0.237080300 0.235120300 0.238461800 0.237285900 
[4] 0.236522500 0.235518900 0.237700000 0.236255000 0.236413600 0.236295700 0.236254000 0.240831500 0.237296900 0.235544300 
[5] 0.235732900 0.235535500 0.236366500 0.237278400 0.236181700 0.235789700 0.236030200 0.235836800 0.235763300 0.235330300 
[6] 0.236018500 0.235993700 0.241595700 0.235597200 0.240168500 0.235470700 0.235529400 0.235873000 0.235643300 0.263055000 
[7] 0.279493400 0.287943600 0.267469100 0.264445100 0.236061000 0.236444100 0.236240100 0.236276200 0.236451000 0.235923100 
[8] 0.240178200 0.235825100 0.236514600 0.236272700 0.236269300 0.237541700 0.237543200 0.235188600 0.237996200 0.236970200 
[9] 0.235544500 0.235116200 0.236776500 0.235520300 0.235986200 0.235938300 0.235694200 0.240473000 0.235732300 0.235384900 
[AVERAGE] 0.238492780 s
[STANDARD DEVIATION] 0.008335469 s

FEN: rn1qkb1r/1pp2ppp/p3bn2/3p2B1/3P4/2N1PN2/PP3PPP/R2QKB1R b KQkq - 0 7
        [0]         [1]         [2]         [3]         [4]         [5]         [6]         [7]         [8]         [9]
[0] 0.111952400 0.112535900 0.111835800 0.111800500 0.112820600 0.112241800 0.112193800 0.111749100 0.111975100 0.112046700 
[1] 0.111889600 0.111923300 0.112722100 0.112006100 0.112131800 0.113926100 0.112173200 0.112889500 0.111622700 0.113374900 
[2] 0.111987700 0.111939700 0.111721700 0.112373500 0.119498700 0.128369400 0.143134200 0.132396800 0.112820700 0.115464700 
[3] 0.116057200 0.112291300 0.111870900 0.111879800 0.111865600 0.113301600 0.111830100 0.119120700 0.111998700 0.113102300 
[4] 0.111753700 0.112593400 0.112102400 0.114352600 0.112324900 0.111618600 0.119146800 0.121705500 0.131606400 0.128229000 
[5] 0.123374000 0.130533300 0.124552200 0.123044400 0.123263200 0.134113100 0.123811700 0.130080700 0.127627600 0.132548700 
[6] 0.134121400 0.126092400 0.132125800 0.126476200 0.125784600 0.113103100 0.111876100 0.111610100 0.112639200 0.112922300 
[7] 0.111741000 0.113172000 0.111351900 0.112049600 0.111876000 0.111825600 0.111826200 0.111952500 0.112192000 0.112966100 
[8] 0.111615100 0.112209000 0.113534100 0.113170300 0.112185700 0.111904200 0.111976300 0.111710600 0.111753500 0.112009400 
[9] 0.113250100 0.111845500 0.112506400 0.112387400 0.111675800 0.111942900 0.111902900 0.111959300 0.116700600 0.113362200 
[AVERAGE] 0.116045239 s
[STANDARD DEVIATION] 0.007066339 s

FEN: r2qkb1r/1p1n1p1p/p1bpp3/2p5/4P3/2N3QP/PPP2PP1/R1B1RBK1 b kq - 1 13
        [0]         [1]         [2]         [3]         [4]         [5]         [6]         [7]         [8]         [9]
[0] 0.123371800 0.122693000 0.123450300 0.123110700 0.123210500 0.123014200 0.122950000 0.122884800 0.122930800 0.122832600 
[1] 0.123144100 0.123076000 0.123363300 0.122869800 0.122900000 0.122800900 0.123374600 0.122612700 0.123132900 0.123158700 
[2] 0.123125300 0.123728100 0.123017700 0.123079800 0.123154000 0.123700600 0.123516500 0.123495400 0.123217300 0.123556300 
[3] 0.122687200 0.127623500 0.122999300 0.122875100 0.122975300 0.123089500 0.123864500 0.123455400 0.123664800 0.123035000 
[4] 0.123286900 0.123249600 0.123464500 0.124329600 0.123130300 0.123087600 0.123112300 0.122631700 0.123058800 0.123035600 
[5] 0.123172200 0.123193600 0.137309100 0.123531900 0.145337800 0.151713600 0.149749000 0.145184000 0.145594800 0.128958600 
[6] 0.132316200 0.124042700 0.128332700 0.123505100 0.123017900 0.123101900 0.122878500 0.123127000 0.123064100 0.123045000 
[7] 0.124390900 0.125711300 0.145945800 0.135544700 0.153981900 0.148879000 0.171628000 0.155030600 0.148793500 0.148131700 
[8] 0.150345700 0.147820100 0.147193300 0.149092000 0.147132000 0.137098500 0.134839100 0.126992100 0.123195600 0.126978400 
[9] 0.128356300 0.126619600 0.125107400 0.123037300 0.122939600 0.126699800 0.124808300 0.122993500 0.124880700 0.123172700 
[AVERAGE] 0.128806443 s
[STANDARD DEVIATION] 0.010351664 s

FEN: rn1q1rk1/p1p2ppp/bp3n2/3p4/1b1P4/2N1PN2/PPBB1PPP/R2QK2R b KQ - 3 9
        [0]         [1]         [2]         [3]         [4]         [5]         [6]         [7]         [8]         [9]
[0] 0.090506300 0.090722700 0.090907500 0.090866100 0.090774900 0.092392500 0.090507900 0.090681200 0.090776300 0.090655100 
[1] 0.090478200 0.092677900 0.095254300 0.097008500 0.092819000 0.096391800 0.091531200 0.094543400 0.092762900 0.093297500 
[2] 0.092503200 0.092125700 0.092915900 0.091304400 0.090709600 0.090806400 0.093791100 0.090429800 0.092798800 0.090781600 
[3] 0.090710400 0.092826700 0.106235000 0.104636300 0.107549300 0.109152100 0.107224800 0.104900700 0.093931700 0.101838600 
[4] 0.108658900 0.107184500 0.102478800 0.100927400 0.094081100 0.090860400 0.093472300 0.093947800 0.090781400 0.090665700 
[5] 0.095287200 0.091114400 0.090656300 0.090557300 0.090579900 0.090921000 0.098760200 0.109712900 0.108767900 0.104702800 
[6] 0.104011500 0.106483100 0.108687300 0.103654200 0.098956600 0.105808500 0.094332200 0.094529900 0.090733500 0.090466400 
[7] 0.090789500 0.109633700 0.118016600 0.110992500 0.105801300 0.095040900 0.091485000 0.090989600 0.090679800 0.103783200 
[8] 0.114684300 0.117518300 0.111523900 0.102532900 0.093194500 0.091255400 0.090453100 0.090586400 0.090664300 0.090950100 
[9] 0.090652200 0.090357400 0.092108100 0.090952400 0.090813300 0.091260000 0.091699200 0.090551600 0.091002500 0.092044300 
[AVERAGE] 0.096365250 s
[STANDARD DEVIATION] 0.007426113 s

FEN: rnbq1rk1/pp2bppp/4pn2/3p4/2PN4/6P1/PPQ1PPBP/RNB2RK1 b - - 0 8
        [0]         [1]         [2]         [3]         [4]         [5]         [6]         [7]         [8]         [9]
[0] 0.117945700 0.117317900 0.123065800 0.117363100 0.118008400 0.120491800 0.118234400 0.120147000 0.117818600 0.117853000 
[1] 0.117486700 0.122985900 0.118225600 0.121785600 0.121623500 0.118585000 0.117523300 0.118206100 0.117608900 0.117872800 
[2] 0.117276500 0.119330500 0.120125000 0.117827000 0.118257600 0.117904700 0.118197900 0.126113400 0.130135200 0.133140400 
[3] 0.119270300 0.117521500 0.117880100 0.117379900 0.118459300 0.117586200 0.117829200 0.117438400 0.118204900 0.117336100 
[4] 0.118400400 0.117453900 0.118074400 0.118254500 0.117310000 0.123531000 0.125270600 0.143928200 0.143292100 0.138465600 
[5] 0.131556500 0.128853000 0.122712500 0.118751500 0.117757300 0.117816500 0.117939900 0.117379700 0.117996900 0.118799700 
[6] 0.117872900 0.117306000 0.118341200 0.124472800 0.131910900 0.128502300 0.128538600 0.137284800 0.134432400 0.141532200 
[7] 0.144021100 0.136982900 0.139650300 0.140935200 0.142242500 0.147531300 0.138847300 0.120109700 0.120115900 0.118351500 
[8] 0.117397400 0.117710400 0.118530800 0.138014700 0.136175000 0.136823300 0.136525000 0.130605600 0.122134400 0.117987600 
[9] 0.117834000 0.123831400 0.121736000 0.118186700 0.122177800 0.123863800 0.124604300 0.130523100 0.125737500 0.121610500 
[AVERAGE] 0.123818985 s
[STANDARD DEVIATION] 0.008285745 s

FEN: rnbqkb1r/pp1p1ppp/4pn2/2p5/2PP4/4PN2/PP3PPP/RNBQKB1R b KQkq - 0 4
        [0]         [1]         [2]         [3]         [4]         [5]         [6]         [7]         [8]         [9]
[0] 0.049880200 0.048024900 0.050866200 0.048290100 0.048250800 0.048114800 0.047905300 0.047969100 0.048390800 0.048076500 
[1] 0.048478100 0.048044100 0.049329500 0.048025300 0.047916200 0.050862200 0.052673500 0.051861900 0.048465600 0.047869000 
[2] 0.052255600 0.049297600 0.048292800 0.048904900 0.048013800 0.048088900 0.048018600 0.048143200 0.048287900 0.048125900 
[3] 0.048162200 0.048238400 0.047938300 0.048013600 0.047997100 0.048052800 0.048151000 0.048019300 0.048103300 0.048073400 
[4] 0.047894000 0.048096400 0.048025300 0.048181100 0.047903400 0.048140600 0.047991500 0.048369700 0.048002300 0.048115100 
[5] 0.048936800 0.048486500 0.047995300 0.048371600 0.048034000 0.047950600 0.048119000 0.048141400 0.048006700 0.047958500 
[6] 0.047975800 0.047983100 0.048566600 0.048019500 0.048154500 0.047888500 0.048220300 0.047999300 0.048031600 0.054677100 
[7] 0.057540200 0.058207600 0.057817300 0.054377300 0.057096900 0.051917300 0.048421200 0.051339700 0.053288100 0.051032200 
[8] 0.051345500 0.050069200 0.050968100 0.050808700 0.050864000 0.051787700 0.051540800 0.050295100 0.048528600 0.048611400 
[9] 0.049242900 0.048061500 0.047871400 0.049742300 0.059292000 0.057489300 0.058838000 0.058778000 0.059058400 0.057132900 
[AVERAGE] 0.049890724 s
[STANDARD DEVIATION] 0.003134909 s

FEN: rnbqk2r/ppp2ppp/4pn2/3p4/1bPP4/2N2P2/PP2P1PP/R1BQKBNR w KQkq - 0 5
        [0]         [1]         [2]         [3]         [4]         [5]         [6]         [7]         [8]         [9]
[0] 0.081745600 0.074392900 0.072500300 0.075277000 0.076877500 0.085845100 0.088267300 0.089983900 0.085015300 0.078972500 
[1] 0.083840300 0.079619500 0.074221300 0.077949700 0.079905600 0.082345100 0.084018500 0.084680400 0.084988200 0.088248600 
[2] 0.083982500 0.084533700 0.081797900 0.084267300 0.080279100 0.077515000 0.079178700 0.078413900 0.082836000 0.082221500 
[3] 0.087144000 0.090618900 0.093559900 0.092675500 0.082326300 0.081037200 0.084499200 0.082821700 0.073828100 0.081153000 
[4] 0.080950300 0.084651000 0.095199800 0.090019700 0.085791600 0.073894900 0.080795200 0.079935600 0.080632500 0.074165700 
[5] 0.073089200 0.072763700 0.074193400 0.079002400 0.079611100 0.077745300 0.077356000 0.074421800 0.076831500 0.078763900 
[6] 0.081628900 0.083199600 0.083951400 0.083945500 0.078012300 0.074989300 0.080714600 0.076555800 0.074644900 0.075809800 
[7] 0.073111800 0.072579100 0.073412000 0.072981500 0.072762200 0.072919300 0.073066200 0.075961400 0.076518800 0.078899400 
[8] 0.073325100 0.072700900 0.072966100 0.073144500 0.075630000 0.074846100 0.076443000 0.076712100 0.079906900 0.079356500 
[9] 0.078054300 0.077334400 0.075824700 0.075933100 0.075521100 0.073108900 0.073873300 0.072539500 0.073138000 0.072959200 
[AVERAGE] 0.079221801 s
[STANDARD DEVIATION] 0.005352760 s

FEN: rnbqr1k1/pp1p1ppp/2p2n2/4p3/2P1P3/2P2PP1/P2P1K1P/R1BQ1BNR w - - 0 8
        [0]         [1]         [2]         [3]         [4]         [5]         [6]         [7]         [8]         [9]
[0] 0.029880500 0.029334000 0.029711200 0.033267800 0.030827600 0.030113300 0.029844100 0.029854100 0.030279800 0.030228700 
[1] 0.029700700 0.032970600 0.036268100 0.035163000 0.031123900 0.034169200 0.030436300 0.029664300 0.035327700 0.036017900 
[2] 0.036130700 0.036022200 0.038856800 0.037183300 0.035565400 0.036811300 0.035986200 0.035277300 0.036224900 0.037144700 
[3] 0.035084200 0.038253700 0.033439500 0.033831400 0.031789900 0.030751600 0.031199300 0.029718900 0.029682600 0.031645400 
[4] 0.031697500 0.032649900 0.033456800 0.033437300 0.034379700 0.033514100 0.034286100 0.034043900 0.034327000 0.035289200 
[5] 0.034934300 0.034753600 0.034066300 0.033649200 0.034017300 0.034469600 0.034623100 0.034826600 0.036124500 0.035529800 
[6] 0.035479300 0.034578600 0.034856700 0.035790900 0.034001200 0.032909600 0.033392000 0.033598400 0.032707200 0.033556500 
[7] 0.031364800 0.029780800 0.030116600 0.030438200 0.029632500 0.032718100 0.032773100 0.033087300 0.032671200 0.035140800 
[8] 0.035068900 0.034278800 0.034630200 0.031754400 0.031128600 0.029840300 0.029888200 0.029546900 0.031536900 0.032352000 
[9] 0.032073900 0.032131200 0.032049300 0.033086100 0.033566500 0.033821200 0.033883100 0.035222500 0.036473600 0.038413600 
[AVERAGE] 0.033281979 s
[STANDARD DEVIATION] 0.002343670 s

FEN: r1bq1rk1/1p2bppp/p1n1pn2/8/P1BP4/2N1BN2/1P3PPP/R2Q1RK1 w - - 3 11
        [0]         [1]         [2]         [3]         [4]         [5]         [6]         [7]         [8]         [9]
[0] 0.200460300 0.191396500 0.197751600 0.189296400 0.193455900 0.189920700 0.165319700 0.167517600 0.166926000 0.160698500 
[1] 0.177211400 0.176114900 0.173060000 0.171287300 0.161816200 0.161132100 0.171050700 0.163162200 0.169152800 0.170225200 
[2] 0.160932000 0.160717400 0.162215800 0.163662700 0.161241900 0.163286200 0.160687500 0.164680200 0.161975300 0.166000100 
[3] 0.177096800 0.168055400 0.161498200 0.161303100 0.161327300 0.161441600 0.160862200 0.162131500 0.160828300 0.161254900 
[4] 0.166977100 0.161335300 0.160889500 0.160721500 0.161642400 0.167341400 0.161262000 0.161218600 0.161708600 0.168544600 
[5] 0.163110700 0.160743600 0.165900900 0.161240600 0.161791900 0.165565000 0.160965400 0.161310200 0.160760700 0.162749400 
[6] 0.161657400 0.160802200 0.161248600 0.166703200 0.171558000 0.172835300 0.171575200 0.173727800 0.171357700 0.163944400 
[7] 0.162963300 0.161001300 0.161029700 0.162480600 0.174144500 0.172309600 0.173415400 0.171355500 0.170844000 0.185919800 
[8] 0.183231800 0.188120500 0.187261900 0.181261600 0.185459700 0.183625800 0.188308200 0.188574300 0.202586900 0.196530500 
[9] 0.177261300 0.170681600 0.170721600 0.163958600 0.193284200 0.196790100 0.179693700 0.163156100 0.165925500 0.161438100 
[AVERAGE] 0.170326793 s
[STANDARD DEVIATION] 0.011195412 s

FEN: rn1q1rk1/pbpp1ppp/8/3nP3/2BP4/5PP1/P6P/R1BQK1NR w KQ - 1 11
        [0]         [1]         [2]         [3]         [4]         [5]         [6]         [7]         [8]         [9]
[0] 0.061248300 0.067931100 0.066701700 0.062429000 0.061346400 0.061374000 0.061382200 0.064474800 0.063443100 0.065835400 
[1] 0.064043900 0.063342500 0.061477000 0.062188900 0.061462600 0.061342000 0.061445600 0.061345600 0.061307200 0.061312900 
[2] 0.061482600 0.061416300 0.061025400 0.061297900 0.061572300 0.061258600 0.061316400 0.062024800 0.061240100 0.061559100 
[3] 0.061643000 0.061738700 0.061358200 0.061398700 0.061413800 0.061369100 0.061447300 0.061093900 0.062759900 0.061204200 
[4] 0.062236600 0.061487000 0.061269200 0.061245400 0.061665300 0.061391200 0.068398300 0.061444600 0.063081900 0.061464600 
[5] 0.061309900 0.061871200 0.061365100 0.061191000 0.065348500 0.062085500 0.061342100 0.061404500 0.066009400 0.065453500 
[6] 0.068118100 0.067212800 0.063852900 0.064528700 0.063893400 0.067690500 0.067511200 0.065405500 0.064553900 0.063606500 
[7] 0.061359800 0.064132100 0.063261200 0.064717100 0.067488500 0.064463200 0.061296900 0.061401000 0.061272900 0.063195900 
[8] 0.063120400 0.063077700 0.061512400 0.063209500 0.063342300 0.061239400 0.061476500 0.062122700 0.062309800 0.061541400 
[9] 0.064264300 0.061471000 0.061608900 0.065221500 0.061649400 0.061476700 0.063084400 0.061331400 0.061373500 0.061854500 
[AVERAGE] 0.062713691 s
[STANDARD DEVIATION] 0.001933969 s

FEN: r2qk2r/1p1n1ppp/p1pbbn2/3p2B1/3P4/2NBPN1P/PP3PP1/R2QK2R w KQkq - 0 10
        [0]         [1]         [2]         [3]         [4]         [5]         [6]         [7]         [8]         [9]
[0] 0.262896500 0.265434000 0.263403000 0.269650400 0.263495500 0.270530300 0.265751800 0.264377100 0.292063100 0.313928700 
[1] 0.331214100 0.295176600 0.278366000 0.269359100 0.270402900 0.278503700 0.274326800 0.271302200 0.275418800 0.270372700 
[2] 0.285045500 0.285056700 0.269595400 0.287161100 0.305480800 0.306986600 0.302517200 0.311604000 0.270334700 0.272696300 
[3] 0.312035200 0.309283700 0.292135700 0.328557000 0.297457300 0.277796800 0.277572700 0.278155400 0.316656000 0.301771700 
[4] 0.268983100 0.268874400 0.305162500 0.297877500 0.297545500 0.292515900 0.281804100 0.271214500 0.269868200 0.285853800 
[5] 0.293027000 0.266985100 0.283037400 0.268183000 0.262853400 0.266047500 0.263972600 0.265329600 0.263395900 0.265151100 
[6] 0.264127100 0.292713800 0.306332200 0.267855200 0.277330400 0.315795800 0.304988300 0.277288400 0.296346800 0.298182400 
[7] 0.297125400 0.283056300 0.288375400 0.297904100 0.296778400 0.278546400 0.266901800 0.263645700 0.279457700 0.303663800 
[8] 0.292319200 0.277598100 0.274741400 0.276158000 0.287764200 0.271691900 0.263479700 0.264615200 0.263237500 0.269993700 
[9] 0.270675600 0.265131500 0.275215100 0.295671500 0.301694900 0.282256000 0.278509700 0.267847300 0.263357300 0.270994300 
[AVERAGE] 0.282409227 s
[STANDARD DEVIATION] 0.016678563 s

FEN: r1bq1rk1/pp2bppp/2n1pn2/2pp4/P3PB2/3P1NP1/1PP2PBP/RN1Q1RK1 b - - 2 8
        [0]         [1]         [2]         [3]         [4]         [5]         [6]         [7]         [8]         [9]
[0] 0.100691900 0.099445700 0.099368100 0.099564100 0.099410500 0.099212600 0.098561300 0.098425800 0.100321800 0.098871900 
[1] 0.098636500 0.098384300 0.098864700 0.105051700 0.098760800 0.098929600 0.098534300 0.098259100 0.109943500 0.120422500 
[2] 0.121964300 0.120169600 0.113234400 0.110940900 0.102909900 0.098793900 0.106299700 0.112075200 0.107949500 0.106053400 
[3] 0.098649500 0.100603500 0.098430900 0.101402600 0.098642500 0.098568100 0.103473100 0.107168200 0.111372300 0.112576000 
[4] 0.114556600 0.110012500 0.108153700 0.110000600 0.107200900 0.104084400 0.102570200 0.100757700 0.100754400 0.098983300 
[5] 0.098695200 0.114747400 0.098750300 0.100728000 0.098672700 0.098789700 0.098495400 0.098600400 0.098572800 0.101114900 
[6] 0.098770500 0.100249700 0.098491300 0.098377400 0.100556500 0.098722800 0.098586100 0.098663500 0.098556700 0.100201000 
[7] 0.099299800 0.098640500 0.098576900 0.099827300 0.098332500 0.101857400 0.098281800 0.099574900 0.098644600 0.098526800 
[8] 0.100396500 0.098546300 0.098689600 0.098710800 0.098469300 0.099742800 0.099179100 0.098425200 0.098794700 0.099078600 
[9] 0.098814400 0.105224800 0.098881700 0.099120700 0.099081300 0.100109200 0.100759900 0.099776900 0.098820300 0.098377300 
[AVERAGE] 0.101869167 s
[STANDARD DEVIATION] 0.005407945 s

FEN: r1bqr1k1/ppp2ppp/2n5/2bnp3/8/2NP1NP1/PP2PPBP/R1BQ1RK1 w - - 1 9
        [0]         [1]         [2]         [3]         [4]         [5]         [6]         [7]         [8]         [9]
[0] 0.174351600 0.174741400 0.173390200 0.177420500 0.175721600 0.174403200 0.173674400 0.174242400 0.172595000 0.172843200 
[1] 0.174868000 0.172904600 0.172772500 0.175197000 0.173112600 0.173011500 0.174520600 0.176703400 0.174875400 0.174922300 
[2] 0.172513000 0.172530900 0.175156800 0.172493200 0.173030000 0.174628600 0.172775700 0.173699900 0.175041300 0.174236600 
[3] 0.173194800 0.175068900 0.173549800 0.172487200 0.176382600 0.172775200 0.172781600 0.174643700 0.172679500 0.172396200 
[4] 0.175879700 0.179439300 0.173008900 0.175344800 0.172550400 0.172681600 0.175980500 0.173223500 0.173364800 0.174417800 
[5] 0.173049200 0.173022500 0.174472200 0.173190700 0.172759200 0.174460500 0.172850700 0.172973500 0.174245600 0.174090700 
[6] 0.172678600 0.174189400 0.173867100 0.175769200 0.178809100 0.173403000 0.172768900 0.173452600 0.174001900 0.173162800 
[7] 0.173518000 0.174510800 0.173562400 0.174204700 0.175692900 0.173699100 0.173363700 0.175840100 0.173320200 0.172899400 
[8] 0.175568000 0.173967700 0.173527200 0.174181200 0.172558900 0.172912700 0.174498800 0.178118900 0.172996400 0.174405900 
[9] 0.173984300 0.172916000 0.175354300 0.174107100 0.172777800 0.174512300 0.172722900 0.173023200 0.174946800 0.173162000 
[AVERAGE] 0.174022993 s
[STANDARD DEVIATION] 0.001378589 s

FEN: rnbqk2r/ppp2pp1/5n1p/3p4/1b1P3B/2N2N2/PP2PPPP/R2QKB1R b KQkq - 1 7
        [0]         [1]         [2]         [3]         [4]         [5]         [6]         [7]         [8]         [9]
[0] 0.091559000 0.091297700 0.092882500 0.091730700 0.091089700 0.091233700 0.091343500 0.092441300 0.093459700 0.091644000 
[1] 0.091401500 0.091192500 0.091244500 0.091416900 0.092843000 0.091201500 0.091537400 0.091315500 0.091234400 0.109461400 
[2] 0.103507300 0.095088200 0.093402100 0.109127000 0.111490900 0.102987200 0.097601900 0.096859300 0.091032200 0.091588300 
[3] 0.092667800 0.091561700 0.098385700 0.098926000 0.093241900 0.091124300 0.092861500 0.091101300 0.091293700 0.091177400 
[4] 0.091250400 0.091007100 0.093502200 0.091267900 0.091195800 0.091107800 0.093226900 0.092689500 0.091938700 0.091171000 
[5] 0.091316700 0.091756600 0.091276000 0.095270900 0.098370000 0.103417500 0.104424900 0.104497000 0.101493400 0.105212600 
[6] 0.105456600 0.099655100 0.096281600 0.093078400 0.094972400 0.092396400 0.092829600 0.091282500 0.091249000 0.092652000 
[7] 0.091344200 0.094769100 0.098228100 0.102774600 0.102196200 0.102021000 0.104655300 0.104847000 0.105005200 0.099244300 
[8] 0.101284900 0.093313200 0.091388800 0.091193300 0.091168600 0.091818600 0.092560900 0.091312900 0.091380600 0.092440800 
[9] 0.091831700 0.094464800 0.091790900 0.091708000 0.091416600 0.091322500 0.091134600 0.092630900 0.091060500 0.091070800 
[AVERAGE] 0.094831815 s
[STANDARD DEVIATION] 0.005151358 s

FEN: 2r5/1p2kp2/p3pn1P/6R1/6p1/2P3P1/2PR4/6K1 b - - 4 31
        [0]         [1]         [2]         [3]         [4]         [5]         [6]         [7]         [8]         [9]
[0] 0.018092000 0.018219300 0.018118500 0.018004400 0.018022300 0.017871600 0.018018600 0.018278200 0.017958900 0.017998600 
[1] 0.018122200 0.017935600 0.017995500 0.018048600 0.020120700 0.018284700 0.022533800 0.022658000 0.018399600 0.018255400 
[2] 0.018237600 0.018460300 0.018165100 0.017950400 0.017944600 0.018060100 0.018006700 0.018369100 0.018018000 0.017994900 
[3] 0.018060200 0.018057100 0.018045800 0.018311900 0.018232000 0.018087700 0.017947700 0.018205400 0.018399100 0.018012700 
[4] 0.018391400 0.018028100 0.017987300 0.018181500 0.017958400 0.019814900 0.018731300 0.018472200 0.018319300 0.019995800 
[5] 0.018378200 0.019587900 0.018133900 0.018305800 0.019121200 0.020303200 0.018791900 0.018216300 0.018323000 0.019384600 
[6] 0.019182100 0.019631200 0.019657000 0.019642200 0.018168700 0.019827300 0.019375200 0.018209900 0.019698400 0.019934500 
[7] 0.018852000 0.018259200 0.018010200 0.019420000 0.018189000 0.019455900 0.018866800 0.018337100 0.020150400 0.018324700 
[8] 0.018230700 0.019348800 0.020298500 0.021646500 0.020717300 0.020328700 0.021187400 0.020899600 0.019981600 0.020364700 
[9] 0.019380800 0.018456600 0.018319500 0.018135400 0.018005900 0.018854400 0.020353600 0.018194100 0.018136100 0.019759900 
[AVERAGE] 0.018817210 s
[STANDARD DEVIATION] 0.001032600 s

FEN: 1r4k1/p5p1/5p1p/q2p4/2rPn3/b1PQRN1P/P1RB1PP1/6K1 w - - 1 2
        [0]         [1]         [2]         [3]         [4]         [5]         [6]         [7]         [8]         [9]
[0] 0.070856800 0.069112900 0.068802200 0.070687900 0.071267900 0.073459900 0.073387400 0.070230900 0.067768700 0.067106200 
[1] 0.066640000 0.073035500 0.075235900 0.075920000 0.078214800 0.075926700 0.075897500 0.076706500 0.076155200 0.077347800 
[2] 0.075981000 0.071350300 0.068907500 0.066859000 0.069819400 0.067539400 0.067907700 0.070549400 0.067356600 0.068379200 
[3] 0.078009500 0.078581700 0.068399400 0.068760200 0.072546800 0.067100800 0.066991900 0.066829400 0.066705000 0.067187700 
[4] 0.066890300 0.066780100 0.075709300 0.081475700 0.079877200 0.080708300 0.079128500 0.080666000 0.083894900 0.077668800 
[5] 0.079581500 0.078836500 0.076184500 0.076476200 0.075191500 0.074374900 0.071238200 0.067120300 0.066616800 0.066887700 
[6] 0.077804800 0.077002800 0.074712800 0.074850900 0.073134300 0.075310400 0.075258100 0.071553200 0.066949000 0.067168500 
[7] 0.066811300 0.066985300 0.067108400 0.072637100 0.075877100 0.075756900 0.069539600 0.066821000 0.073406600 0.067098300 
[8] 0.069564300 0.066990200 0.073800000 0.076045500 0.074581100 0.075215800 0.070478300 0.072046400 0.067013800 0.075740700 
[9] 0.076880800 0.075517100 0.072324200 0.067016200 0.067285600 0.069852700 0.070759000 0.068427900 0.068723700 0.075957500 
[AVERAGE] 0.072248370 s
[STANDARD DEVIATION] 0.004469889 s

FEN: 5rk1/rNR2ppp/P3p3/3p4/2p5/2n1P3/R4PPP/6K1 w - - 0 1
        [0]         [1]         [2]         [3]         [4]         [5]         [6]         [7]         [8]         [9]
[0] 0.024184800 0.024637900 0.024010300 0.026562700 0.024034500 0.025434900 0.024503400 0.024344000 0.024498900 0.023772700 
[1] 0.024425800 0.024038500 0.023728000 0.023869600 0.022476600 0.023338100 0.021686200 0.021413600 0.021594700 0.021252000 
[2] 0.021118500 0.021420400 0.021236800 0.021313700 0.021428600 0.021350400 0.021450000 0.021300100 0.021140000 0.021469600 
[3] 0.021211600 0.021119400 0.021541500 0.021049700 0.021261100 0.021500200 0.021277100 0.022873500 0.023442600 0.027354800 
[4] 0.021865200 0.021286900 0.021210700 0.021489700 0.021345200 0.023617100 0.021298900 0.021739600 0.021363100 0.021561800 
[5] 0.021275500 0.021218400 0.021461900 0.021336300 0.021296100 0.022699900 0.021335500 0.021594500 0.021161600 0.021202000 
[6] 0.021619600 0.021205600 0.021260800 0.022120000 0.022409400 0.021496000 0.022505700 0.024525300 0.024323400 0.024060700 
[7] 0.024134900 0.024336800 0.023867300 0.024206700 0.024615300 0.025767700 0.025297700 0.024796400 0.024711500 0.025066700 
[8] 0.026192300 0.026412200 0.026565300 0.025277300 0.024964300 0.024482000 0.023901100 0.023647200 0.023883600 0.024113100 
[9] 0.025362400 0.024976400 0.024208000 0.024254400 0.026212200 0.024081600 0.023906700 0.023506500 0.023973400 0.023486600 
[AVERAGE] 0.023067608 s
[STANDARD DEVIATION] 0.001687912 s

FEN: r1bk2r1/ppp1n2p/3q3Q/1B2Np2/4n3/2P5/PP3PPP/RN3RK1 b - - 2 16
        [0]         [1]         [2]         [3]         [4]         [5]         [6]         [7]         [8]         [9]
[0] 0.211438300 0.221322400 0.207335800 0.229629000 0.232466900 0.227285500 0.223656100 0.207292400 0.208010700 0.211091600 
[1] 0.210360300 0.221944500 0.218026100 0.230396800 0.225505200 0.234375800 0.215607600 0.217744000 0.234761500 0.226092300 
[2] 0.218276200 0.206637100 0.213651100 0.207200800 0.207480900 0.207438500 0.207354600 0.208286900 0.207350900 0.207674800 
[3] 0.213918600 0.212469900 0.233917600 0.235104900 0.223242500 0.214216100 0.212016900 0.207085800 0.207116600 0.208574200 
[4] 0.207175000 0.212205300 0.207385700 0.207150400 0.207159900 0.207551400 0.207393200 0.206942900 0.206990300 0.207736100 
[5] 0.206954500 0.206940200 0.207174000 0.207166000 0.209237100 0.207254500 0.207066100 0.207751800 0.207475000 0.207156200 
[6] 0.219812900 0.207304100 0.207167600 0.206788100 0.206898700 0.207229400 0.206893100 0.207244000 0.207355300 0.207134600 
[7] 0.206615500 0.207095400 0.209511400 0.207241200 0.208019900 0.208153000 0.207772700 0.208861900 0.206792400 0.216649100 
[8] 0.208099600 0.207734300 0.207182400 0.207504400 0.210461100 0.208228500 0.207129800 0.207303100 0.206784700 0.208420000 
[9] 0.207285700 0.207832200 0.209359200 0.208608500 0.206800100 0.207511200 0.209695800 0.206904900 0.207493700 0.212387800 
[AVERAGE] 0.211584906 s
[STANDARD DEVIATION] 0.007608583 s

FEN: r2qkb1r/pp2nppp/3p4/2pNN1B1/2BnP3/3P4/PPP2PPP/R2bK2R w KQkq - 1 0
        [0]         [1]         [2]         [3]         [4]         [5]         [6]         [7]         [8]         [9]
[0] 0.168887700 0.170096500 0.173814200 0.169584400 0.169969200 0.169547900 0.172566200 0.169307700 0.170044100 0.169733300 
[1] 0.169920700 0.169109400 0.168894700 0.172501100 0.168897500 0.168882400 0.169126300 0.168620800 0.169185500 0.169039200 
[2] 0.169252900 0.169656600 0.173683500 0.169692600 0.168798600 0.168812500 0.168702900 0.169010900 0.169156900 0.168991100 
[3] 0.168920600 0.169226700 0.170107200 0.169024300 0.168849300 0.169649700 0.188248400 0.199899700 0.195620600 0.174190400 
[4] 0.182238200 0.199973000 0.178296100 0.181486100 0.181956000 0.189567500 0.189204500 0.196305400 0.204394800 0.188690400 
[5] 0.174453200 0.169000000 0.169280300 0.182311500 0.195343500 0.188770200 0.174060300 0.168903600 0.168620300 0.180482700 
[6] 0.185274500 0.185337400 0.180782300 0.179378200 0.178463400 0.177200700 0.172694700 0.180825100 0.187686400 0.194652800 
[7] 0.181877600 0.180699800 0.177527800 0.174429000 0.172347200 0.179911100 0.183385200 0.189227600 0.179240200 0.174538600 
[8] 0.210416900 0.201901500 0.170943700 0.192736900 0.198984900 0.186208600 0.188723200 0.195959000 0.176975200 0.219934500 
[9] 0.169546800 0.169707400 0.169990300 0.235773000 0.214295700 0.196700400 0.171378000 0.187157800 0.210163400 0.192726800 
[AVERAGE] 0.180062654 s
[STANDARD DEVIATION] 0.013304753 s

FEN: 1rb4r/pkPp3p/1b1P3n/1Q6/N3Pp2/8/P1P3PP/7K w - - 1 0
        [0]         [1]         [2]         [3]         [4]         [5]         [6]         [7]         [8]         [9]
[0] 0.029046100 0.027285800 0.027127200 0.029786200 0.028176800 0.026873800 0.027241700 0.027300000 0.030139900 0.032525900 
[1] 0.037316800 0.031996500 0.032777400 0.033574900 0.034052600 0.034022200 0.033547600 0.036308400 0.031483500 0.031456800 
[2] 0.031444000 0.032702400 0.036031500 0.035712200 0.035079500 0.034132300 0.034845400 0.030387900 0.034126200 0.032342300 
[3] 0.035735500 0.032364300 0.029105800 0.027925900 0.025887100 0.025852200 0.025728200 0.026314900 0.025528300 0.026304100 
[4] 0.025864100 0.026915800 0.029175300 0.028739700 0.029159400 0.028886400 0.029596000 0.028226400 0.026701300 0.026945900 
[5] 0.030652300 0.027979900 0.025870500 0.036074200 0.031370800 0.028338200 0.029566900 0.028173200 0.029432300 0.035367500 
[6] 0.030689000 0.028514300 0.027479100 0.030768700 0.027248500 0.031888600 0.026626900 0.030025400 0.033827700 0.028779400 
[7] 0.038631700 0.040032800 0.034343700 0.036612200 0.033857400 0.035208100 0.043536300 0.053502800 0.046474000 0.077651300 
[8] 0.066715500 0.045905600 0.050856000 0.054482200 0.059156300 0.034976400 0.043372500 0.031961600 0.037231100 0.033595100 
[9] 0.056681100 0.051073600 0.037345500 0.029650800 0.027289900 0.026663700 0.033512200 0.027127900 0.031598000 0.028561100 
[AVERAGE] 0.033660802 s
[STANDARD DEVIATION] 0.008919862 s

FEN: 4kb1r/p2n1ppp/4q3/4p1B1/4P3/1Q6/PPP2PPP/2KR4 w k - 1 0
        [0]         [1]         [2]         [3]         [4]         [5]         [6]         [7]         [8]         [9]
[0] 0.127445800 0.118671700 0.148476500 0.124769500 0.153120800 0.141285800 0.126589700 0.120453500 0.121567900 0.127827800 
[1] 0.128020600 0.132739400 0.117017900 0.145437900 0.157334400 0.119092900 0.121264200 0.128992100 0.129821700 0.248096100 
[2] 0.127484500 0.148355200 0.188453400 0.150639600 0.131528100 0.216790700 0.171922300 0.160584100 0.192458700 0.177360900 
[3] 0.259780400 0.244576100 0.182232600 0.178124100 0.173841600 0.149625300 0.140067600 0.153197700 0.213189400 0.173461500 
[4] 0.204836600 0.251090200 0.173583100 0.196628000 0.206747200 0.193845400 0.207465600 0.146546900 0.154864500 0.197199500 
[5] 0.128818500 0.142390700 0.201677800 0.232366200 0.241443900 0.139060500 0.120485400 0.138946400 0.125600300 0.123749600 
[6] 0.123282000 0.114200700 0.107051600 0.095080700 0.097239200 0.094920300 0.102642900 0.100330100 0.096538200 0.095825100 
[7] 0.097219100 0.094188900 0.105010000 0.097219800 0.094093500 0.102850700 0.101827300 0.102432500 0.103533500 0.103895100 
[8] 0.103203800 0.106346200 0.126001900 0.127414600 0.111721000 0.115007100 0.106026600 0.106798800 0.108918600 0.112280400 
[9] 0.121850200 0.105941700 0.114258600 0.105447700 0.102963800 0.109564800 0.102834800 0.103768500 0.105990500 0.102224600 
[AVERAGE] 0.140269917 s
[STANDARD DEVIATION] 0.041993068 s

FEN: r1b2k1r/ppp1bppp/8/1B1Q4/5q2/2P5/PPP2PPP/R3R1K1 w - - 1 0
        [0]         [1]         [2]         [3]         [4]         [5]         [6]         [7]         [8]         [9]
[0] 0.304805300 0.312929400 0.301488000 0.301170100 0.292489300 0.292131800 0.308541100 0.321919000 0.300019700 0.316933900 
[1] 0.298662600 0.307227100 0.299984400 0.369278700 0.349122100 0.358122500 0.303004700 0.272985500 0.280623400 0.296931600 
[2] 0.297962800 0.301060200 0.294915200 0.292396400 0.295975400 0.301314100 0.297792600 0.303592400 0.300018400 0.303640100 
[3] 0.301808500 0.368863700 0.300836100 0.355984100 0.299000000 0.342831300 0.293786000 0.292410200 0.289898900 0.296052000 
[4] 0.298407900 0.300443300 0.295578800 0.293133500 0.310454200 0.291200100 0.276135900 0.283139200 0.296124500 0.296319800 
[5] 0.293258700 0.292087100 0.291885700 0.275441800 0.284520900 0.298884800 0.307161100 0.295188000 0.296541500 0.299814900 
[6] 0.295316900 0.274113700 0.277868200 0.273060300 0.281568900 0.275029400 0.274324800 0.271356700 0.279778500 0.275192000 
[7] 0.274576800 0.273092600 0.284261700 0.327714600 0.298535900 0.303949800 0.302134300 0.298721600 0.301229600 0.292594000 
[8] 0.294278100 0.303686900 0.282656100 0.277877600 0.295323300 0.299840600 0.295202300 0.294485300 0.299901400 0.292570500 
[9] 0.295249300 0.302099000 0.297248000 0.301632900 0.301590800 0.302391000 0.294925300 0.301981300 0.321133500 0.303536200 
[AVERAGE] 0.298862600 s
[STANDARD DEVIATION] 0.018559214 s

FEN: 5rkr/pp2Rp2/1b1p1Pb1/3P2Q1/2n3P1/2p5/P4P2/4R1K1 w - - 1 0
        [0]         [1]         [2]         [3]         [4]         [5]         [6]         [7]         [8]         [9]
[0] 0.078647500 0.077906200 0.078257900 0.078668300 0.077701000 0.078430700 0.076186100 0.076354800 0.078562400 0.080288800 
[1] 0.075430700 0.077356200 0.076086500 0.077348800 0.075875500 0.075041800 0.078059300 0.078224100 0.075897200 0.075148800 
[2] 0.077137700 0.075888600 0.078461800 0.077269100 0.079886000 0.079202600 0.077491200 0.078651000 0.078888600 0.077759400 
[3] 0.079317700 0.076017200 0.075249100 0.074900500 0.078284900 0.076721700 0.076377000 0.079843300 0.078086700 0.078000500 
[4] 0.075895200 0.077055600 0.077605500 0.078724100 0.076271800 0.076479800 0.078714400 0.077621500 0.078161700 0.075887100 
[5] 0.078004800 0.077859600 0.075754700 0.076908600 0.078732700 0.075705200 0.077986300 0.078172900 0.076285300 0.080001600 
[6] 0.075963900 0.076738200 0.075956800 0.074969800 0.074731300 0.074687000 0.075869500 0.077260600 0.078941900 0.078688400 
[7] 0.077649000 0.077666600 0.077487300 0.077203100 0.077496900 0.077249100 0.078056400 0.079086400 0.076306900 0.078279700 
[8] 0.078740200 0.076496400 0.076390800 0.075611200 0.075804500 0.075159800 0.079573200 0.077181500 0.076630300 0.077290100 
[9] 0.080285700 0.076420600 0.077421500 0.075893700 0.077137300 0.075605300 0.075954300 0.075148400 0.075308400 0.075343400 
[AVERAGE] 0.077204210 s
[STANDARD DEVIATION] 0.001390499 s

FEN: rnbqk2r/p4p2/2pbpn1p/1p4p1/2pPP3/2N2NB1/PP2BPPP/R2QK2R w KQkq - 2 10
        [0]         [1]         [2]         [3]         [4]         [5]         [6]         [7]         [8]         [9]
[0] 0.151175600 0.153488500 0.155568000 0.182122500 0.156756900 0.151591900 0.150452600 0.156154900 0.153958700 0.157439700 
[1] 0.154188400 0.157518800 0.155025600 0.155976000 0.152007100 0.152158600 0.156816100 0.153921500 0.151259800 0.157753900 
[2] 0.154741200 0.151086400 0.151709700 0.151494600 0.153651500 0.155997000 0.157382900 0.156243100 0.157090200 0.156435000 
[3] 0.151519900 0.154289800 0.159239600 0.158663600 0.154961600 0.151507900 0.151526400 0.155345300 0.153559100 0.153696800 
[4] 0.153394300 0.156303200 0.174424600 0.153846500 0.152005000 0.152679300 0.150956500 0.151703600 0.157831700 0.153830100 
[5] 0.158496900 0.168239900 0.143350700 0.151518900 0.154079900 0.161204700 0.159133100 0.154096800 0.154200700 0.140919300 
[6] 0.141474200 0.146139700 0.140552200 0.141662100 0.140652800 0.142301600 0.142127800 0.141559200 0.154572600 0.144349700 
[7] 0.140346600 0.169834200 0.164801500 0.158779100 0.149539400 0.152134200 0.158821400 0.142863000 0.157505600 0.149376700 
[8] 0.143168000 0.159444700 0.144372700 0.140308400 0.144770000 0.145341200 0.145109200 0.157062100 0.151990700 0.147627100 
[9] 0.149060800 0.141604300 0.141234500 0.145478600 0.152106100 0.155219400 0.155402400 0.154990500 0.162363300 0.156878700 
[AVERAGE] 0.152806187 s
[STANDARD DEVIATION] 0.007204264 s

FEN: r1bqk2r/ppp1nppp/2np4/2b1p1N1/2B1P3/3P4/PPP2PPP/RNBQK2R w KQkq - 2 6
        [0]         [1]         [2]         [3]         [4]         [5]         [6]         [7]         [8]         [9]
[0] 0.140318600 0.138343800 0.139529500 0.141165700 0.139320900 0.142045000 0.138375700 0.138902500 0.138876700 0.137807800 
[1] 0.137861300 0.135970700 0.134983500 0.140240400 0.139798000 0.138599300 0.139897600 0.135691500 0.135307400 0.134967300 
[2] 0.136481500 0.137176000 0.135758000 0.137485000 0.127521400 0.126713800 0.126853700 0.135847600 0.129163000 0.127395900 
[3] 0.126945100 0.126028400 0.129886000 0.126846100 0.127265700 0.128927700 0.134185400 0.144972700 0.173720800 0.156698500 
[4] 0.128714500 0.134697500 0.126531700 0.127952300 0.128236800 0.133286700 0.128742300 0.127041400 0.138347000 0.136965500 
[5] 0.126486600 0.129094900 0.144008400 0.141887900 0.144644700 0.144353700 0.141768400 0.146214700 0.142918500 0.137084200 
[6] 0.126729300 0.128914200 0.151554300 0.144141500 0.142750300 0.131261000 0.136158900 0.130714300 0.139784600 0.133805000 
[7] 0.138164600 0.143423200 0.145419400 0.142483900 0.141993000 0.132618000 0.128678000 0.133122600 0.136651700 0.141049400 
[8] 0.138169700 0.127209000 0.129004700 0.129000100 0.129428200 0.129448300 0.141664200 0.138622900 0.136656100 0.135615100 
[9] 0.136590200 0.138633500 0.142320000 0.144007400 0.137154900 0.136441600 0.135331700 0.135656200 0.135396700 0.137776200 
[AVERAGE] 0.136363971 s
[STANDARD DEVIATION] 0.007215446 s

FEN: 8/pK1p3p/7p/1P4N1/8/6k1/5r2/8 w - - 0 2
        [0]         [1]         [2]         [3]         [4]         [5]         [6]         [7]         [8]         [9]
[0] 0.003168300 0.003070700 0.003118500 0.003152200 0.002894100 0.003130500 0.002857400 0.003191300 0.002858900 0.003200400 
[1] 0.002885300 0.003186100 0.003147300 0.003144200 0.002898000 0.003055300 0.002884200 0.003371900 0.002861200 0.003116600 
[2] 0.002886500 0.003117100 0.003000300 0.003842000 0.003073300 0.003613000 0.003910100 0.003490500 0.003338900 0.003097600 
[3] 0.002970800 0.003209900 0.002872400 0.003138100 0.002864800 0.003101900 0.002861600 0.003354000 0.002865600 0.003122500 
[4] 0.002860800 0.003104400 0.003131500 0.003119100 0.002864100 0.003118900 0.002861500 0.003274900 0.002929100 0.003112700 
[5] 0.002860600 0.003126300 0.003051000 0.003200400 0.002855200 0.003716800 0.003427300 0.003125400 0.003098000 0.002861300 
[6] 0.003135100 0.002862200 0.003428800 0.002857600 0.003126600 0.002862500 0.003093100 0.003827500 0.003472100 0.004104700 
[7] 0.003160800 0.003390900 0.002902600 0.003175100 0.002945800 0.003044500 0.003075600 0.003131400 0.003045500 0.002972900 
[8] 0.003107000 0.003145800 0.003077600 0.002939600 0.003137100 0.002870800 0.003476700 0.002856400 0.003151600 0.002856800 
[9] 0.003614600 0.003078500 0.003161900 0.002887800 0.003128900 0.002866800 0.003286100 0.003063600 0.002986500 0.003101700 
[AVERAGE] 0.003120337 s
[STANDARD DEVIATION] 0.000250689 s

FEN: 8/1p4pk/p4b1p/4p3/1P2P1q1/P1R2NPn/7P/3Q1B1K b - - 0 2
        [0]         [1]         [2]         [3]         [4]         [5]         [6]         [7]         [8]         [9]
[0] 0.063900700 0.068244100 0.066022900 0.065725000 0.065640500 0.064755300 0.063535300 0.063264100 0.063158800 0.062946900 
[1] 0.063142700 0.064146200 0.063154400 0.063644100 0.063707000 0.063372500 0.063472100 0.063555300 0.063540600 0.063248100 
[2] 0.064093000 0.063964300 0.060895300 0.059176500 0.058988200 0.059027200 0.058765600 0.063901800 0.065345600 0.063918300 
[3] 0.063720000 0.066593000 0.064435000 0.063572300 0.066160200 0.064662100 0.064718300 0.065243800 0.063095500 0.063485100 
[4] 0.063030600 0.063766200 0.063650200 0.063232500 0.062758100 0.063153700 0.063989400 0.063955700 0.062636300 0.069783800 
[5] 0.084744600 0.063176200 0.065843800 0.063823100 0.066070500 0.063772200 0.065584900 0.063188400 0.067913400 0.066385400 
[6] 0.065201100 0.063307500 0.063116000 0.062869100 0.063653500 0.064313100 0.063214600 0.063875600 0.063645900 0.063270000 
[7] 0.063398600 0.076801600 0.073498300 0.072574500 0.070546200 0.065504600 0.067903000 0.062347900 0.061676500 0.065521800 
[8] 0.059414800 0.061042800 0.059861200 0.058939300 0.058903400 0.058794200 0.059278200 0.058723400 0.060200400 0.060067000 
[9] 0.069149400 0.071400900 0.066076300 0.067278800 0.067852900 0.067425100 0.062304100 0.062643500 0.065323600 0.064781300 
[AVERAGE] 0.064320967 s
[STANDARD DEVIATION] 0.003732975 s

FEN: 2r5/2P4R/p3kp1p/n3pNpP/4P1P1/8/3b1P2/6K1 w - - 0 2
        [0]         [1]         [2]         [3]         [4]         [5]         [6]         [7]         [8]         [9]
[0] 0.009548600 0.008427500 0.008972900 0.008313400 0.008605300 0.008312000 0.008579000 0.008721000 0.009340900 0.008356600 
[1] 0.008600200 0.008265700 0.008569100 0.008686400 0.008272200 0.008611100 0.008271000 0.008566700 0.008680400 0.008266900 
[2] 0.008683600 0.008272100 0.008566000 0.008501600 0.008265000 0.008531000 0.008274100 0.008514800 0.008264900 0.008465600 
[3] 0.008332100 0.008268500 0.008634400 0.008549900 0.008286000 0.009173600 0.009220300 0.009837700 0.008880800 0.009704900 
[4] 0.009781900 0.009026400 0.010143700 0.009002700 0.010151000 0.009530900 0.009296700 0.009667200 0.009555300 0.009752100 
[5] 0.009575000 0.009134600 0.009570900 0.010188100 0.008909600 0.008512300 0.010007200 0.008843800 0.008510000 0.008355300 
[6] 0.008595400 0.009818800 0.009937600 0.008922000 0.010300400 0.009315700 0.009734800 0.009577900 0.009518100 0.009438500 
[7] 0.009199000 0.009391300 0.009806100 0.008887000 0.008580500 0.008424700 0.009739900 0.008879200 0.009968100 0.009975700 
[8] 0.008975400 0.008723200 0.008410500 0.008644400 0.010153800 0.009738200 0.009787700 0.010528100 0.009329900 0.009329900 
[9] 0.009999100 0.009575400 0.009256400 0.008855900 0.009966900 0.008873200 0.009872100 0.009785700 0.009002300 0.008761400 
[AVERAGE] 0.009082887 s
[STANDARD DEVIATION] 0.000619726 s

FEN: r3k2r/5ppp/p2q2b1/1p2p3/5BP1/7P/PPP1QP2/R5K1 w kq - 0 2
        [0]         [1]         [2]         [3]         [4]         [5]         [6]         [7]         [8]         [9]
[0] 0.114828100 0.112774400 0.121037400 0.118629600 0.116195500 0.117365600 0.116137600 0.120627300 0.121596600 0.116493800 
[1] 0.122168000 0.116011200 0.115341700 0.115976100 0.117139500 0.115544700 0.115381100 0.117936100 0.117624200 0.119488100 
[2] 0.118793800 0.118709600 0.121480400 0.116746200 0.118433200 0.115656600 0.120538600 0.117391800 0.116915800 0.118928000 
[3] 0.131582700 0.134784200 0.162040700 0.115172800 0.123833300 0.122198300 0.116527700 0.122270900 0.117873500 0.111868400 
[4] 0.126564600 0.124429300 0.111248500 0.107714200 0.108091300 0.108442700 0.113194500 0.107736900 0.125437800 0.131536500 
[5] 0.130566800 0.123036200 0.112889800 0.123888500 0.139231700 0.122046500 0.109434000 0.119644800 0.108949100 0.116852800 
[6] 0.125161900 0.121181300 0.110269700 0.115669500 0.119564600 0.110690900 0.111872500 0.113531000 0.110742600 0.108712600 
[7] 0.107780400 0.107439200 0.107647000 0.110067600 0.108548600 0.107302600 0.108707300 0.109037000 0.114195100 0.112966700 
[8] 0.116282300 0.115793400 0.119974100 0.124964900 0.117130100 0.116220800 0.115649400 0.117127900 0.115479100 0.120231000 
[9] 0.116317700 0.124789700 0.115642200 0.115417400 0.115278400 0.149381300 0.153443900 0.117911800 0.117929800 0.162521000 
[AVERAGE] 0.118695539 s
[STANDARD DEVIATION] 0.009935306 s

FEN: 5bk1/pp3Qpn/3q4/4NpP1/2p2P2/7P/4K3/8 b - - 0 2
        [0]         [1]         [2]         [3]         [4]         [5]         [6]         [7]         [8]         [9]
[0] 0.011825000 0.006644100 0.007268300 0.007104700 0.006692800 0.006528100 0.006783400 0.006561800 0.006473000 0.006552200 
[1] 0.006473700 0.006757300 0.006537700 0.006738300 0.006387300 0.006385400 0.006665900 0.006386500 0.006733000 0.006383900 
[2] 0.006385600 0.006691000 0.006385000 0.006636200 0.006603100 0.006388700 0.006783000 0.006385600 0.006380500 0.006704600 
[3] 0.006385400 0.006628000 0.006388700 0.006385200 0.006748900 0.006387500 0.006536500 0.006387400 0.006716700 0.007095300 
[4] 0.006382800 0.006383100 0.006573400 0.006382800 0.007622200 0.006502800 0.006654500 0.006385600 0.006382600 0.006773600 
[5] 0.006382000 0.008200000 0.007600500 0.006542900 0.006447000 0.006387500 0.006382100 0.006668200 0.006385600 0.006687900 
[6] 0.006387300 0.006668200 0.007996000 0.007646500 0.008711900 0.007375600 0.006779600 0.006572900 0.006537900 0.006672700 
[7] 0.006471000 0.006679700 0.006468600 0.008130200 0.007826600 0.007125800 0.007053400 0.007034900 0.007387000 0.007463800 
[8] 0.007442700 0.007218200 0.007105800 0.006839100 0.006879800 0.006785100 0.007300500 0.006888200 0.007044000 0.006849100 
[9] 0.007210600 0.007066700 0.006875500 0.006999600 0.006794300 0.007057000 0.007120300 0.007308900 0.006796400 0.007009400 
[AVERAGE] 0.006861932 s
[STANDARD DEVIATION] 0.000677573 s

FEN: 3r1r1k/p4q1n/1p5p/2p1bp1n/P2p3N/8/1PPQ1B1P/1K1R2R1 w - - 0 2
        [0]         [1]         [2]         [3]         [4]         [5]         [6]         [7]         [8]         [9]
[0] 0.164652600 0.166308600 0.164765300 0.173308800 0.165393200 0.168181400 0.168780700 0.174045100 0.167556300 0.171383700 
[1] 0.166230100 0.169325400 0.166390800 0.164163900 0.163444800 0.163988300 0.164974800 0.164197800 0.163880100 0.155328900 
[2] 0.157494800 0.165728700 0.165055300 0.169218400 0.166718300 0.164861300 0.164681700 0.164350000 0.165803800 0.170214600 
[3] 0.165226700 0.160566600 0.161571200 0.156971700 0.154017700 0.153594000 0.160345200 0.154693000 0.153482700 0.153957400 
[4] 0.156264800 0.153156200 0.153516800 0.155519100 0.153034500 0.153186800 0.153411700 0.157086400 0.153495100 0.153390600 
[5] 0.156363000 0.152972400 0.153303700 0.157434700 0.155163300 0.153864500 0.154176200 0.155874000 0.169622800 0.222084900 
[6] 0.188844200 0.190746000 0.176421100 0.156245600 0.174468400 0.164030200 0.155119300 0.163162500 0.157544500 0.155617400 
[7] 0.153627500 0.159233000 0.153450700 0.155580700 0.157481300 0.157831300 0.159866400 0.154321000 0.154641000 0.157320200 
[8] 0.178254400 0.190873800 0.176595600 0.163945900 0.178411700 0.187751800 0.169254400 0.158486500 0.154122600 0.157252000 
[9] 0.154143300 0.152757600 0.155595400 0.152906400 0.154380400 0.167464000 0.163816000 0.154948000 0.157050100 0.156050700 
[AVERAGE] 0.162573881 s
[STANDARD DEVIATION] 0.010606417 s

FEN: r7/6kp/3pp1p1/8/4P3/5P2/5BPP/rR4K1 w - - 0 2
        [0]         [1]         [2]         [3]         [4]         [5]         [6]         [7]         [8]         [9]
[0] 0.025567300 0.022691600 0.022497000 0.022273900 0.022995800 0.022299600 0.022832700 0.022213100 0.022430400 0.022965400 
[1] 0.022221200 0.022894300 0.022310000 0.022669900 0.022272400 0.022445100 0.022384000 0.023690200 0.022820400 0.022627900 
[2] 0.022574000 0.022557200 0.023422200 0.022753200 0.022609400 0.022289500 0.024123500 0.022544200 0.023188000 0.022315000 
[3] 0.022460500 0.025250700 0.026205400 0.026163800 0.025828500 0.026994300 0.026334900 0.026187500 0.025890400 0.025521300 
[4] 0.026085000 0.025474100 0.026370100 0.025879200 0.026397000 0.026236300 0.026557400 0.025441700 0.025622200 0.025940000 
[5] 0.024955200 0.025722900 0.024049000 0.022382300 0.022309400 0.022359500 0.022655200 0.022298000 0.022493300 0.022377100 
[6] 0.022158400 0.024267200 0.023187500 0.022509000 0.022367700 0.022458000 0.022141600 0.022672800 0.022235100 0.022325300 
[7] 0.022508500 0.028177900 0.026683800 0.023760700 0.024862800 0.024255800 0.032826200 0.026024800 0.023230200 0.023191000 
[8] 0.024413800 0.028810300 0.025015500 0.026616700 0.022967300 0.023152700 0.022193900 0.022286600 0.023913600 0.022889200 
[9] 0.022495500 0.022850400 0.022329700 0.023906300 0.022396600 0.022384500 0.022204400 0.022254700 0.022383500 0.022462600 
[AVERAGE] 0.023816927 s
[STANDARD DEVIATION] 0.001888607 s

FEN: 2r1n1k1/1bq2pp1/p3p2p/8/1P1R1Q2/2N2P1P/1P3P2/1B4K1 b - - 0 2
        [0]         [1]         [2]         [3]         [4]         [5]         [6]         [7]         [8]         [9]
[0] 0.092728200 0.095601200 0.093176800 0.094992500 0.099426200 0.098897100 0.102481600 0.098865700 0.099924800 0.095774800 
[1] 0.098408700 0.095706000 0.115536700 0.123049100 0.135898700 0.135158100 0.150352700 0.128345000 0.105260800 0.103902500 
[2] 0.100543100 0.100935700 0.095129500 0.093821500 0.093688000 0.093962800 0.093465400 0.105053300 0.097117700 0.105293600 
[3] 0.117015200 0.115915800 0.134272500 0.116151300 0.105639300 0.103957400 0.106097400 0.112623200 0.110601000 0.096811900 
[4] 0.092715200 0.094759600 0.092841900 0.095093200 0.101414800 0.100124500 0.103771000 0.096390600 0.094308200 0.093337900 
[5] 0.093596400 0.093926800 0.093665600 0.098010200 0.098844900 0.094345200 0.095916800 0.109686400 0.092872000 0.092877100 
[6] 0.092663200 0.093108800 0.095675000 0.093200000 0.092902600 0.093527300 0.094521600 0.094443300 0.093910500 0.092855100 
[7] 0.093273500 0.093874700 0.098407600 0.096404700 0.093884600 0.103620500 0.129677900 0.121756200 0.104721500 0.147517500 
[8] 0.105632400 0.120815200 0.133190000 0.124408900 0.126718400 0.113997200 0.100115600 0.117791500 0.117220000 0.106779200 
[9] 0.102649800 0.102499000 0.105956400 0.116998500 0.109544300 0.147924900 0.112676100 0.116811100 0.128878500 0.109788900 
[AVERAGE] 0.105304231 s
[STANDARD DEVIATION] 0.013890943 s

FEN: 4rb2/5kp1/1p2p2p/5p2/1PP5/2Bq1NP1/5P1P/4R1K1 w - - 0 2
        [0]         [1]         [2]         [3]         [4]         [5]         [6]         [7]         [8]         [9]
[0] 0.066772600 0.064781100 0.056444900 0.060422300 0.054446600 0.051134800 0.050982700 0.049018500 0.051966300 0.051416000 
[1] 0.051103700 0.050087100 0.050687100 0.048678200 0.047559400 0.048101800 0.052493300 0.045151200 0.047803600 0.059890700 
[2] 0.057041100 0.053018800 0.055566500 0.060762200 0.056213200 0.057179700 0.053661200 0.051266700 0.051310700 0.053561600 
[3] 0.058583200 0.057870300 0.053135200 0.051364400 0.047717700 0.043648500 0.061096000 0.052349000 0.047762500 0.045369000 
[4] 0.045507700 0.043714000 0.043193400 0.043874700 0.043591300 0.049237300 0.046943600 0.044514500 0.048253100 0.050709300 
[5] 0.049925500 0.050621600 0.049567300 0.048122900 0.044850200 0.047427500 0.048948800 0.047835000 0.043730400 0.045288800 
[6] 0.043944200 0.043403400 0.045253900 0.052054800 0.048029400 0.049633500 0.048146300 0.043474700 0.043473500 0.045587400 
[7] 0.045036800 0.044095300 0.043444200 0.043582400 0.043747900 0.043053900 0.043327900 0.042996300 0.043851900 0.043367600 
[8] 0.043120500 0.043253000 0.043519800 0.045736700 0.048083100 0.045640000 0.046969200 0.046484800 0.048258600 0.047615100 
[9] 0.048301400 0.048555000 0.046364200 0.047091800 0.047908400 0.046677200 0.046206900 0.047876100 0.049632700 0.052583000 
[AVERAGE] 0.049026591 s
[STANDARD DEVIATION] 0.005132554 s

FEN: 6k1/5p2/6p1/8/7p/8/6PP/6K1 b - - 0 0
        [0]         [1]         [2]         [3]         [4]         [5]         [6]         [7]         [8]         [9]
[0] 0.000086500 0.000083000 0.000082500 0.000081900 0.000082100 0.000082000 0.000082000 0.000083200 0.000082000 0.000082100 
[1] 0.000082000 0.000081900 0.000081800 0.000081800 0.000081900 0.000082000 0.000082100 0.000081800 0.000082000 0.000083100 
[2] 0.000082000 0.000081900 0.000081900 0.000082000 0.000082100 0.000082100 0.000082000 0.000082000 0.000081700 0.000081900 
[3] 0.000082100 0.000083100 0.000081900 0.000082300 0.000082100 0.000082000 0.000082100 0.000081900 0.000081800 0.000082000 
[4] 0.000082000 0.000081900 0.000082000 0.000083400 0.000081900 0.000082000 0.000082000 0.000081900 0.000081800 0.000082000 
[5] 0.000082000 0.000081900 0.000082000 0.000170800 0.000164000 0.000086600 0.000086500 0.000109500 0.000082100 0.000081800 
[6] 0.000081900 0.000110800 0.000116100 0.000110700 0.000112000 0.000081900 0.000081800 0.000081900 0.000081900 0.000082200 
[7] 0.000082000 0.000082000 0.000082100 0.000081900 0.000082000 0.000083500 0.000081900 0.000081900 0.000081800 0.000082000 
[8] 0.000082000 0.000082300 0.000082100 0.000081800 0.000082100 0.000082000 0.000082000 0.000083200 0.000082000 0.000081800 
[9] 0.000081900 0.000081900 0.000082100 0.000081900 0.000082100 0.000082000 0.000082000 0.000081900 0.000081900 0.000083400 
[AVERAGE] 0.000085414 s
[STANDARD DEVIATION] 0.000013413 s

FEN: 3k4/2n2B2/1KP5/2B2p2/5b1p/7P/8/8 b - - 0 0
        [0]         [1]         [2]         [3]         [4]         [5]         [6]         [7]         [8]         [9]
[0] 0.005202900 0.004936500 0.005387400 0.004603900 0.004224100 0.004717300 0.004828100 0.004626200 0.004590000 0.004285500 
[1] 0.004437000 0.004466700 0.004768700 0.004191800 0.004450100 0.004643000 0.004449000 0.004708500 0.004539300 0.004640300 
[2] 0.004485900 0.004186700 0.004798800 0.004519600 0.004462000 0.004334400 0.004434200 0.004479900 0.004481800 0.004706300 
[3] 0.004203000 0.004459000 0.004803400 0.004537900 0.004192300 0.004405800 0.004732600 0.004469900 0.004225800 0.004675200 
[4] 0.004552500 0.004467000 0.004193200 0.004796700 0.004453800 0.004466100 0.004613800 0.004220700 0.004465800 0.004484800 
[5] 0.004611000 0.004140200 0.004477400 0.004700100 0.004489700 0.004212500 0.004447800 0.004729400 0.004521700 0.005298900 
[6] 0.005910800 0.004940000 0.004710800 0.004617100 0.004538300 0.004317000 0.004442500 0.004480200 0.004435700 0.004332700 
[7] 0.004461000 0.004482400 0.004480200 0.004701000 0.004211100 0.005402700 0.004505200 0.004364800 0.004195300 0.004433000 
[8] 0.004445100 0.004439900 0.004207900 0.004466400 0.005157300 0.005206000 0.005090800 0.005063400 0.004264900 0.004486000 
[9] 0.004462900 0.004435300 0.004224200 0.004843900 0.004423500 0.004426400 0.004194500 0.004542400 0.004469500 0.004452200 
[AVERAGE] 0.004558982 s
[STANDARD DEVIATION] 0.000301266 s

FEN: r7/4R2P/3p4/3k1K2/2p5/8/8/8 b - - 0 0
        [0]         [1]         [2]         [3]         [4]         [5]         [6]         [7]         [8]         [9]
[0] 0.004717600 0.004613500 0.004785600 0.004712500 0.005053300 0.005355400 0.004799400 0.005214400 0.005423000 0.005236300 
[1] 0.005490400 0.005132500 0.004858300 0.004861600 0.004773400 0.004979000 0.004823500 0.004763000 0.004944300 0.004797900 
[2] 0.004488200 0.005057800 0.005425300 0.004896300 0.004813500 0.004678300 0.004572200 0.005031400 0.004741200 0.004767700 
[3] 0.005031000 0.004728200 0.004559900 0.004753400 0.004892700 0.004858200 0.004940300 0.005983600 0.005289200 0.005731600 
[4] 0.004891900 0.004760700 0.004788100 0.004950100 0.004835000 0.004487700 0.004987900 0.004779000 0.004785900 0.004883200 
[5] 0.004487900 0.005476200 0.005382400 0.005630500 0.004915600 0.004919000 0.004914000 0.004892500 0.004802500 0.004701400 
[6] 0.004680200 0.004697700 0.004849300 0.004578100 0.004736300 0.004732500 0.005279900 0.004810200 0.005019000 0.004498000 
[7] 0.004758000 0.004959000 0.004830600 0.004770300 0.004503000 0.004799100 0.004728600 0.004818100 0.005124000 0.004675300 
[8] 0.004611100 0.004875500 0.004764600 0.004784200 0.005043600 0.004496700 0.005180100 0.005318000 0.004738100 0.004744800 
[9] 0.004977700 0.005773300 0.004621800 0.004895400 0.004798300 0.004835700 0.004756200 0.004887300 0.004627300 0.004784900 
[AVERAGE] 0.004902082 s
[STANDARD DEVIATION] 0.000288374 s

FEN: 8/8/5p2/1P1K1k2/8/2r5/8/7R w - - 0 0
        [0]         [1]         [2]         [3]         [4]         [5]         [6]         [7]         [8]         [9]
[0] 0.003438100 0.003162100 0.003427800 0.003165700 0.003429600 0.003660200 0.003918800 0.003797400 0.003831800 0.003695600 
[1] 0.003613100 0.003245500 0.003393400 0.003489200 0.003404900 0.003436200 0.003163300 0.003438400 0.004448400 0.003683700 
[2] 0.003342400 0.003243900 0.003574400 0.003168800 0.003405000 0.003418400 0.003159400 0.003934400 0.003336400 0.003316400 
[3] 0.003276800 0.003474200 0.003433600 0.003165800 0.003410300 0.003167200 0.003371900 0.003169800 0.003449900 0.003385800 
[4] 0.003354500 0.003472900 0.003164200 0.003427400 0.003163600 0.003666400 0.003406100 0.003155000 0.003471900 0.003279900 
[5] 0.003561900 0.003153800 0.003588400 0.003549900 0.003468900 0.003395800 0.003164800 0.003438000 0.003246600 0.003367800 
[6] 0.003426500 0.003156000 0.003418500 0.003532100 0.003492500 0.003328700 0.003277300 0.003617800 0.003397000 0.003479600 
[7] 0.003345700 0.003436400 0.003545000 0.003159500 0.003469300 0.003156000 0.003421400 0.003474500 0.003381500 0.003436500 
[8] 0.003155400 0.003782500 0.003081300 0.003424200 0.003280500 0.003531900 0.003941900 0.003363000 0.003477300 0.003158700 
[9] 0.003620200 0.003619100 0.003160400 0.003493300 0.003351900 0.003555700 0.003430300 0.003156600 0.003454800 0.003249100 
[AVERAGE] 0.003417857 s
[STANDARD DEVIATION] 0.000214756 s

FEN: 5n2/R7/4pk2/8/5PK1/8/8/8 b - - 0 0
        [0]         [1]         [2]         [3]         [4]         [5]         [6]         [7]         [8]         [9]
[0] 0.000920900 0.001022300 0.000744500 0.000743800 0.000743100 0.000742200 0.000743200 0.000742700 0.000787500 0.000954500 
[1] 0.000741500 0.000742700 0.000742800 0.000742300 0.000740900 0.000749700 0.001042200 0.000743400 0.000955200 0.000888200 
[2] 0.000742700 0.000744100 0.000744000 0.001045500 0.000745300 0.000743500 0.000740400 0.000744700 0.000745800 0.000743900 
[3] 0.000741400 0.001005500 0.000744600 0.000751000 0.000745200 0.000741300 0.000743800 0.000743800 0.001006100 0.000744200 
[4] 0.000741100 0.000743100 0.000742500 0.000741400 0.000814700 0.001120000 0.000845500 0.000742800 0.000742500 0.000742400 
[5] 0.000741100 0.000742200 0.000750800 0.001004000 0.000742200 0.000740600 0.000741200 0.000974700 0.000746400 0.000741500 
[6] 0.001019100 0.000743600 0.000743500 0.000744400 0.000741200 0.000745100 0.000744500 0.000744400 0.001002400 0.000741500 
[7] 0.000744600 0.000751800 0.000744200 0.000740500 0.000744400 0.000960400 0.001019200 0.000746200 0.000744600 0.000741700 
[8] 0.000744500 0.000744500 0.000929500 0.000874700 0.000744600 0.000741000 0.000744100 0.000744500 0.000740600 0.000744600 
[9] 0.000996600 0.000744300 0.000745000 0.000740600 0.000744200 0.000744100 0.000957100 0.001006300 0.000743000 0.000741500 
[AVERAGE] 0.000796637 s
[STANDARD DEVIATION] 0.000101618 s

FEN: 3Q4/8/1k6/7p/p1p4P/2q3PB/7K/8 b - - 0 0
        [0]         [1]         [2]         [3]         [4]         [5]         [6]         [7]         [8]         [9]
[0] 0.008450200 0.008877400 0.008452400 0.008921400 0.008422800 0.008834000 0.008614000 0.008674100 0.008707600 0.008554300 
[1] 0.009298600 0.008715300 0.008687800 0.008913100 0.008450500 0.008706800 0.009001700 0.008948100 0.008527800 0.008904300 
[2] 0.008796700 0.008458100 0.009013800 0.008482500 0.009068800 0.008437300 0.008864200 0.008430900 0.009493200 0.010899900 
[3] 0.008585600 0.008785400 0.008423200 0.008870900 0.008669600 0.008690500 0.008616100 0.008660400 0.008665700 0.009404600 
[4] 0.008737100 0.009814000 0.008713200 0.008758700 0.008418400 0.008891100 0.008400700 0.008888300 0.008785200 0.008796800 
[5] 0.008745500 0.008731600 0.008659300 0.008691100 0.008685700 0.008517600 0.008495100 0.008689500 0.008664200 0.008622300 
[6] 0.008695200 0.008469900 0.008739300 0.008644900 0.008658100 0.008440500 0.008967700 0.008396900 0.008864600 0.008405300 
[7] 0.008666900 0.008580700 0.008999400 0.008674700 0.008440800 0.008811100 0.008587700 0.009169700 0.008911800 0.008960900 
[8] 0.008699300 0.008634500 0.008708500 0.008631600 0.008444000 0.008620800 0.008598000 0.008666800 0.008687600 0.008795800 
[9] 0.008776800 0.009235600 0.008526700 0.009109900 0.008382600 0.008925600 0.008643800 0.009151600 0.008733900 0.008637800 
[AVERAGE] 0.008753823 s
[STANDARD DEVIATION] 0.000329122 s

FEN: 4q3/2R4P/5R2/1p6/p3k3/P7/KP6/8 b - - 0 0
        [0]         [1]         [2]         [3]         [4]         [5]         [6]         [7]         [8]         [9]
[0] 0.017814500 0.017879200 0.018001900 0.017919400 0.017808600 0.018034500 0.017806200 0.019370100 0.018083000 0.017810400 
[1] 0.017837300 0.017812500 0.017953300 0.018261700 0.018150800 0.017643100 0.018364900 0.018118800 0.017835900 0.018054700 
[2] 0.017980800 0.019425000 0.018284000 0.018352100 0.018842000 0.017943400 0.017815300 0.017872500 0.017777800 0.017720800 
[3] 0.018200700 0.017671800 0.017624300 0.017883100 0.017721000 0.017880000 0.017699200 0.018069500 0.017596600 0.017757600 
[4] 0.017833900 0.017814800 0.017905500 0.017059100 0.017003300 0.017142500 0.016923700 0.016997600 0.016543200 0.016733800 
[5] 0.018599800 0.020430100 0.017908100 0.018636800 0.018115100 0.017852700 0.018187000 0.018493900 0.017823300 0.017909200 
[6] 0.017596900 0.018268800 0.017689400 0.017906400 0.018592000 0.017826700 0.017809900 0.018131400 0.018076200 0.017877600 
[7] 0.017878500 0.017664800 0.017981000 0.018016900 0.018187300 0.017824700 0.017852800 0.017877100 0.017918900 0.017973800 
[8] 0.018421500 0.019248000 0.018023200 0.018865700 0.019086400 0.017863600 0.017860000 0.017632200 0.018469100 0.019498500 
[9] 0.017846300 0.017767200 0.018149600 0.018450300 0.017716800 0.020531300 0.018712100 0.017848100 0.020282900 0.018235000 
[AVERAGE] 0.018060506 s
[STANDARD DEVIATION] 0.000644299 s

FEN: R7/8/5rk1/5p2/1p5P/5KP1/P7/8 b - - 0 0
        [0]         [1]         [2]         [3]         [4]         [5]         [6]         [7]         [8]         [9]
[0] 0.003042200 0.003277100 0.002996400 0.003252800 0.003218800 0.003252400 0.003171900 0.002995700 0.003266100 0.003298100 
[1] 0.003300200 0.003004500 0.003867200 0.003003100 0.003631600 0.003287400 0.002998300 0.003272800 0.003004200 0.003438200 
[2] 0.003146000 0.003274800 0.002998300 0.003519900 0.003087900 0.003161000 0.003256900 0.002996400 0.003590500 0.003026400 
[3] 0.003300000 0.002996200 0.003278400 0.003330600 0.003722700 0.003809000 0.003567200 0.003906500 0.003167800 0.003246500 
[4] 0.003255200 0.003039900 0.003495600 0.003026200 0.003240900 0.002997100 0.003260900 0.003163400 0.003230300 0.002997200 
[5] 0.003245700 0.003322900 0.002998400 0.003285400 0.002995800 0.003258900 0.003290400 0.003878600 0.003192900 0.003284300 
[6] 0.003282700 0.004091500 0.003261300 0.002998500 0.003244800 0.002997000 0.003408800 0.003130100 0.003101000 0.003245400 
[7] 0.003308200 0.003256300 0.002997100 0.003249100 0.002996200 0.003382500 0.002997400 0.003260500 0.003032100 0.003910700 
[8] 0.003912600 0.003737000 0.004037700 0.003324200 0.003302000 0.003434100 0.003132000 0.003134200 0.003200000 0.003283900 
[9] 0.003130500 0.003165200 0.003238600 0.002999100 0.003858900 0.003109700 0.003186600 0.003082600 0.003230000 0.003122000 
[AVERAGE] 0.003271941 s
[STANDARD DEVIATION] 0.000261191 s

FEN: 3k4/5ppp/2q5/3p2r1/8/1Q3P2/P4P1P/3R3K w - - 0 1
        [0]         [1]         [2]         [3]         [4]         [5]         [6]         [7]         [8]         [9]
[0] 0.048599100 0.049451800 0.048011400 0.048505800 0.047790600 0.047906800 0.047700800 0.049990600 0.048985200 0.048384600 
[1] 0.048205900 0.048206400 0.048414700 0.048456100 0.049138700 0.047926500 0.050049900 0.047825600 0.048163600 0.047902800 
[2] 0.048139300 0.047741100 0.049456800 0.047995800 0.048278900 0.047784000 0.049776800 0.048041300 0.048528500 0.047841800 
[3] 0.047792500 0.047536900 0.047735600 0.047710300 0.050698800 0.057012100 0.056737700 0.051354300 0.052602000 0.053339600 
[4] 0.049366500 0.051161600 0.050739800 0.048902800 0.053145600 0.049614400 0.049918200 0.045792500 0.050973600 0.044448100 
[5] 0.047630600 0.044886400 0.046880200 0.053725700 0.049315100 0.052170300 0.052039800 0.049616600 0.052793400 0.053908200 
[6] 0.069076600 0.054116300 0.053992300 0.053523600 0.051079200 0.048211100 0.049647100 0.048434800 0.048230700 0.048997100 
[7] 0.048496600 0.048962600 0.053368800 0.047902300 0.047807200 0.048125000 0.047472900 0.048330800 0.047938800 0.048277500 
[8] 0.049578400 0.048425800 0.047742900 0.047826200 0.048821300 0.048015100 0.047753200 0.047856000 0.049480800 0.048231600 
[9] 0.050115400 0.047726800 0.048618200 0.048596300 0.047789100 0.050220900 0.050498900 0.053791200 0.048122500 0.050200000 
[AVERAGE] 0.049541523 s
[STANDARD DEVIATION] 0.002966751 s

FEN: 4R3/1k6/1p2P1p1/p7/4r3/1P1r4/1K6/2R5 w - - 0 0
        [0]         [1]         [2]         [3]         [4]         [5]         [6]         [7]         [8]         [9]
[0] 0.028294700 0.028410400 0.028494700 0.028700500 0.028739900 0.028767500 0.028396000 0.028535100 0.028632300 0.028720800 
[1] 0.028650600 0.028678200 0.028538900 0.028692000 0.028951000 0.028194400 0.028614800 0.028639200 0.031205900 0.033046700 
[2] 0.029018600 0.028594700 0.031970000 0.028463800 0.030528400 0.030894000 0.029292200 0.028994300 0.028311800 0.029009300 
[3] 0.029796900 0.028310200 0.027648000 0.027354000 0.026976300 0.029900200 0.027785700 0.030911100 0.030128900 0.028252000 
[4] 0.028299500 0.034410000 0.030149100 0.027396700 0.026684600 0.028569600 0.030050900 0.029904000 0.029887800 0.027350000 
[5] 0.028860100 0.031754800 0.030939700 0.031941100 0.030627400 0.030715400 0.031302300 0.031224200 0.028443500 0.030742000 
[6] 0.030734800 0.029331200 0.030666900 0.029952300 0.030204400 0.030210700 0.030138200 0.030959500 0.029509100 0.029445400 
[7] 0.029045200 0.028247600 0.028613400 0.027917800 0.028164800 0.028064300 0.028125100 0.027669500 0.026370300 0.029001900 
[8] 0.028691300 0.029426800 0.030742900 0.029927700 0.030344300 0.030049800 0.030006200 0.030185200 0.030146300 0.029656800 
[9] 0.031006500 0.033059300 0.029157900 0.026852700 0.026663300 0.026640300 0.026632400 0.026387700 0.026623600 0.026395600 
[AVERAGE] 0.029212657 s
[STANDARD DEVIATION] 0.001542378 s

FEN: 5k2/R7/3K4/4p3/5P2/8/8/5r2 w - - 0 0
        [0]         [1]         [2]         [3]         [4]         [5]         [6]         [7]         [8]         [9]
[0] 0.003619300 0.003262400 0.003264400 0.003259800 0.003252300 0.003541200 0.003262600 0.003320200 0.003262900 0.003255600 
[1] 0.003261500 0.003468200 0.003292700 0.003262400 0.003260300 0.003263400 0.003559000 0.003409200 0.003262700 0.003260100 
[2] 0.003257100 0.003475700 0.003258100 0.003260800 0.003259900 0.003260000 0.003504300 0.003257400 0.003264700 0.003254900 
[3] 0.003686800 0.003251800 0.003257700 0.003255000 0.003255300 0.003519500 0.003264100 0.003329700 0.003260100 0.003258300 
[4] 0.003260800 0.003250600 0.003951500 0.003345800 0.003578500 0.003334900 0.003258500 0.003306900 0.003491100 0.003299400 
[5] 0.003259200 0.003305000 0.003301200 0.004279400 0.003305100 0.003255000 0.003307900 0.003437600 0.003543500 0.003251600 
[6] 0.003258300 0.003259200 0.003493300 0.003262300 0.003262000 0.003263400 0.003257200 0.003564600 0.003262500 0.003261200 
[7] 0.003430200 0.003265900 0.003257600 0.003659700 0.003257400 0.003265300 0.003388400 0.003258900 0.003262300 0.003666600 
[8] 0.003262900 0.003259100 0.003548200 0.003408200 0.003257400 0.003606900 0.003265900 0.003256300 0.003428500 0.003261200 
[9] 0.003259300 0.004872100 0.003827900 0.003410500 0.003727800 0.003378200 0.003389200 0.003343100 0.003317700 0.003674600 
[AVERAGE] 0.003379262 s
[STANDARD DEVIATION] 0.000229409 s

FEN: 5k2/1R6/4p1p1/1pr3Pp/7P/1K6/8/8 w - - 0 0
        [0]         [1]         [2]         [3]         [4]         [5]         [6]         [7]         [8]         [9]
[0] 0.001929300 0.001925100 0.001864600 0.001866000 0.001957900 0.001915000 0.001864400 0.001909700 0.001865800 0.002061400 
[1] 0.003278800 0.001915900 0.001918500 0.002138500 0.001924200 0.001944500 0.002380800 0.001867600 0.001866500 0.001972700 
[2] 0.001925600 0.001865800 0.001907000 0.001866700 0.002293100 0.001970700 0.001867200 0.001866300 0.001906100 0.001925900 
[3] 0.001960600 0.001910500 0.001867200 0.001865700 0.002054700 0.002030900 0.001866400 0.001915700 0.001865600 0.001866700 
[4] 0.002061000 0.001927100 0.002488200 0.002749900 0.001961100 0.002738100 0.002095300 0.001915700 0.002119900 0.001944800 
[5] 0.002243200 0.002055000 0.001915600 0.001943200 0.001987000 0.001948100 0.001913800 0.001913700 0.001913900 0.002206100 
[6] 0.001973000 0.001866800 0.001881600 0.001865900 0.001954600 0.001927700 0.001878700 0.001866300 0.001866500 0.001877600 
[7] 0.002107200 0.001944400 0.001915100 0.001866000 0.001868100 0.002027900 0.001942500 0.001867600 0.001866700 0.001865900 
[8] 0.002173300 0.001926700 0.001866700 0.001866500 0.001865500 0.001946600 0.001866600 0.001926500 0.003021700 0.002693200 
[9] 0.001954700 0.001915500 0.002132800 0.001915500 0.001911900 0.002024100 0.001926600 0.001865900 0.001910000 0.001865400 
[AVERAGE] 0.001998121 s
[STANDARD DEVIATION] 0.000239946 s

FEN: 5k2/8/p7/4K1P1/P4R2/6r1/8/8 b - - 0 0
        [0]         [1]         [2]         [3]         [4]         [5]         [6]         [7]         [8]         [9]
[0] 0.001255600 0.001671300 0.001355900 0.001277700 0.001277000 0.001277200 0.001297500 0.001278300 0.001344500 0.001265600 
[1] 0.001318300 0.001264100 0.001246000 0.002252900 0.002037200 0.001310300 0.001281000 0.001290600 0.001307400 0.001553200 
[2] 0.001277500 0.001276100 0.001277000 0.001372500 0.001247100 0.001418200 0.001249700 0.001301100 0.001248500 0.001247900 
[3] 0.001245700 0.001399500 0.001291700 0.001245700 0.001246600 0.001246500 0.001245500 0.001285900 0.001245100 0.001334300 
[4] 0.001338300 0.001289400 0.001248300 0.001245500 0.001246500 0.001245500 0.001287300 0.002091200 0.001842500 0.001482000 
[5] 0.001368800 0.001276300 0.001313300 0.001337200 0.001570600 0.001311100 0.001277400 0.001278200 0.001307300 0.001277000 
[6] 0.001275200 0.001747400 0.001501400 0.001248000 0.001248300 0.001317600 0.001247200 0.001378500 0.001494000 0.001312100 
[7] 0.002312800 0.001282800 0.001278800 0.001279000 0.001278400 0.001374200 0.001277700 0.001308900 0.001277100 0.001278800 
[8] 0.001278700 0.001277500 0.001270200 0.001705300 0.001511600 0.001276100 0.001276500 0.001365600 0.002184500 0.001281000 
[9] 0.001338400 0.001276100 0.001803700 0.001290400 0.001281000 0.001281100 0.001527200 0.001280500 0.001310000 0.001593900 
[AVERAGE] 0.001376249 s
[STANDARD DEVIATION] 0.000221781 s

FEN: 8/8/8/p2r1k2/7p/PP1RK3/6P1/8 b - - 0 0
        [0]         [1]         [2]         [3]         [4]         [5]         [6]         [7]         [8]         [9]
[0] 0.003605500 0.003385300 0.003097300 0.003173600 0.003835300 0.003731200 0.003686500 0.003442600 0.003304200 0.003159400 
[1] 0.003714000 0.003156100 0.003234100 0.003513800 0.003596200 0.003299900 0.003089100 0.003136600 0.003641000 0.003438400 
[2] 0.003363200 0.003419000 0.003861300 0.003742000 0.003476000 0.003403000 0.003890500 0.003779600 0.003138200 0.003317200 
[3] 0.003475600 0.003275900 0.003800000 0.004053600 0.004047900 0.003900900 0.003372800 0.004007800 0.003963400 0.003363000 
[4] 0.003150200 0.003122900 0.003355800 0.003810700 0.003196200 0.003335400 0.003099200 0.003469900 0.003363600 0.003624000 
[5] 0.003613000 0.003744900 0.004395600 0.003923900 0.003611300 0.003785400 0.003693700 0.003919500 0.003251000 0.003185300 
[6] 0.003548900 0.003822500 0.003264500 0.003455900 0.003107300 0.003291400 0.003301400 0.004322400 0.003711300 0.003374400 
[7] 0.003246100 0.003037600 0.003172700 0.003142300 0.003091300 0.003422800 0.003036600 0.003198800 0.003067900 0.003387400 
[8] 0.003394900 0.003213800 0.003130300 0.003162600 0.003306200 0.003327300 0.003176300 0.003048200 0.003169400 0.003224600 
[9] 0.003309500 0.003084400 0.003122300 0.002973300 0.003283700 0.003148000 0.003183700 0.003260800 0.003396000 0.003371500 
[AVERAGE] 0.003428328 s
[STANDARD DEVIATION] 0.000303636 s

FEN: 8/8/8/1P4p1/5k2/5p2/P6K/8 b - - 0 0
        [0]         [1]         [2]         [3]         [4]         [5]         [6]         [7]         [8]         [9]
[0] 0.000108000 0.000104100 0.000163700 0.000125900 0.000105300 0.000105300 0.000104700 0.000105100 0.000117000 0.000102100 
[1] 0.000117200 0.000146300 0.000123100 0.000104900 0.000104800 0.000105100 0.000117700 0.000102100 0.000102100 0.000132300 
[2] 0.000185100 0.000104800 0.000104900 0.000104800 0.000104700 0.000116800 0.000102000 0.000116800 0.000174300 0.000131100 
[3] 0.000104700 0.000104600 0.000105000 0.000117600 0.000102100 0.000102000 0.000162900 0.000158900 0.000187400 0.000120500 
[4] 0.000105600 0.000118700 0.000104900 0.000117300 0.000102100 0.000102200 0.000102100 0.000102000 0.000102100 0.000102100 
[5] 0.000102000 0.000101900 0.000102000 0.000162600 0.000158900 0.000104800 0.000104700 0.000105200 0.000104700 0.000115800 
[6] 0.000102100 0.000146000 0.000159000 0.000118100 0.000104700 0.000104900 0.000105200 0.000116700 0.000102300 0.000117100 
[7] 0.000188000 0.000118100 0.000104600 0.000104700 0.000104600 0.000117900 0.000102000 0.000102100 0.000102200 0.000101900 
[8] 0.000102100 0.000102200 0.000102300 0.000102200 0.000102000 0.000102200 0.000102100 0.000116700 0.000146000 0.000181800 
[9] 0.000120100 0.000105600 0.000118500 0.000105000 0.000105600 0.000132400 0.000174600 0.000104700 0.000104600 0.000105000 
[AVERAGE] 0.000116874 s
[STANDARD DEVIATION] 0.000022709 s

FEN: 3b2k1/1p3p2/p1p5/2P4p/1P2P1p1/5p2/5P2/4RK2 w - - 0 0
        [0]         [1]         [2]         [3]         [4]         [5]         [6]         [7]         [8]         [9]
[0] 0.001889700 0.001729300 0.001785500 0.001748000 0.001857400 0.001919300 0.001724700 0.001618500 0.001865200 0.001732500 
[1] 0.001619300 0.001619100 0.002058900 0.001863000 0.001620100 0.001726200 0.001633600 0.001619100 0.001619200 0.001648100 
[2] 0.001620200 0.001618900 0.001773400 0.001689000 0.001580700 0.001840900 0.001713800 0.001578400 0.001577100 0.001578800 
[3] 0.001680700 0.001579100 0.001967000 0.001836900 0.001624200 0.001619000 0.001682700 0.001619600 0.001619800 0.001618100 
[4] 0.001796900 0.001872600 0.001578500 0.001676400 0.001595200 0.001577800 0.001763900 0.001747900 0.001739900 0.001618700 
[5] 0.002130200 0.001599600 0.001579900 0.001580400 0.001954500 0.001578500 0.001577100 0.001910400 0.001769400 0.001750200 
[6] 0.001618100 0.001929100 0.001619500 0.002148700 0.001752100 0.001693300 0.001662800 0.001873600 0.001734500 0.001679200 
[7] 0.001795000 0.001692300 0.002002600 0.001750500 0.001945900 0.001619900 0.001929700 0.002027400 0.001760700 0.001736500 
[8] 0.002239300 0.001765300 0.001906200 0.001946400 0.001774300 0.001902000 0.001910200 0.001874900 0.002112100 0.001964300 
[9] 0.001935200 0.001866000 0.001949300 0.001975000 0.001844500 0.001918800 0.002099100 0.002031300 0.001896000 0.001888000 
[AVERAGE] 0.001774826 s
[STANDARD DEVIATION] 0.000158734 s

FEN: 5k2/3R4/2K1p1p1/4P1P1/5P2/8/3r4/8 b - - 0 0
        [0]         [1]         [2]         [3]         [4]         [5]         [6]         [7]         [8]         [9]
[0] 0.002782100 0.002929500 0.002917600 0.003052000 0.002920900 0.003010400 0.002915800 0.003179600 0.002927800 0.002936100 
[1] 0.003193000 0.002778000 0.002648600 0.002739300 0.002758000 0.002947100 0.003032200 0.003064100 0.002667700 0.002673600 
[2] 0.002614900 0.003154800 0.002723800 0.002901600 0.002671000 0.002620800 0.002571000 0.002845500 0.002550900 0.002591700 
[3] 0.002617400 0.002467900 0.002732300 0.002674400 0.002626900 0.002466500 0.002518700 0.002466200 0.002464800 0.002707200 
[4] 0.002436300 0.002480100 0.002444500 0.002405000 0.002458800 0.002490000 0.002447800 0.002404700 0.002847700 0.002404900 
[5] 0.002403900 0.002445800 0.002404200 0.002446400 0.002718500 0.002504600 0.002404100 0.002404000 0.002403300 0.002405500 
[6] 0.002512300 0.002519500 0.002404100 0.002406100 0.002404700 0.002403700 0.002403600 0.003238600 0.002406200 0.002404200 
[7] 0.002403200 0.002403200 0.002404000 0.002624200 0.002488100 0.002403700 0.002404300 0.002472700 0.002403400 0.002632200 
[8] 0.002446000 0.002475400 0.002469400 0.002402700 0.002475700 0.002404600 0.002446000 0.002403400 0.002725200 0.002461900 
[9] 0.002674500 0.002555200 0.002404600 0.002506500 0.002403600 0.003061600 0.002464600 0.002465800 0.002507800 0.002464200 
[AVERAGE] 0.002603825 s
[STANDARD DEVIATION] 0.000225735 s

FEN: 6k1/6pp/5p2/8/5P2/P7/2K4P/8 b - - 0 0
        [0]         [1]         [2]         [3]         [4]         [5]         [6]         [7]         [8]         [9]
[0] 0.000267300 0.000263700 0.000263300 0.000263100 0.000274000 0.000272400 0.000283300 0.000256100 0.000256100 0.000273300 
[1] 0.000392600 0.000272100 0.000256900 0.000256000 0.000256600 0.000256400 0.000256200 0.000256200 0.000256200 0.000256400 
[2] 0.000256300 0.000256000 0.000256000 0.000256600 0.000256400 0.000256300 0.000255800 0.000284900 0.000270200 0.000256000 
[3] 0.000256100 0.000256000 0.000255700 0.000256100 0.000256100 0.000256000 0.000256100 0.000256300 0.000255900 0.000255600 
[4] 0.000255900 0.000256100 0.000255900 0.000255900 0.000255900 0.000256100 0.000255700 0.000255900 0.000255600 0.000255800 
[5] 0.000299600 0.000255900 0.000255900 0.000255900 0.000256200 0.000255900 0.000256400 0.000256000 0.000256100 0.000255900 
[6] 0.000256200 0.000255600 0.000255800 0.000256200 0.000256200 0.000256100 0.000255800 0.000256000 0.000255800 0.000407300 
[7] 0.000415700 0.000256300 0.000270500 0.000255700 0.000255900 0.000256000 0.000256000 0.000416700 0.000255900 0.000256000 
[8] 0.000255700 0.000255600 0.000256000 0.000255700 0.000255700 0.000255800 0.000255700 0.000255800 0.000255600 0.000256000 
[9] 0.000256000 0.000256000 0.000255900 0.000255800 0.000311600 0.000255600 0.000255900 0.000255800 0.000255900 0.000255700 
[AVERAGE] 0.000264927 s
[STANDARD DEVIATION] 0.000030552 s

FEN: 8/3R4/8/r3N2p/P1Pp1P2/2k2K1P/3r4/8 w - - 0 0
        [0]         [1]         [2]         [3]         [4]         [5]         [6]         [7]         [8]         [9]
[0] 0.011430300 0.011010400 0.011893500 0.011290100 0.011081000 0.011209100 0.011727300 0.011153200 0.011644800 0.011326900 
[1] 0.011324600 0.011146000 0.011247300 0.011328700 0.011489400 0.011321000 0.011690100 0.011781400 0.011997100 0.012383200 
[2] 0.012004400 0.012085400 0.012227000 0.011768600 0.012808200 0.011840100 0.011701400 0.011479000 0.011428700 0.012118000 
[3] 0.011092800 0.011333200 0.011439600 0.011309400 0.011007900 0.011256400 0.011431800 0.011282100 0.011261900 0.011105000 
[4] 0.011716700 0.011327900 0.011793400 0.011013700 0.011263700 0.011553300 0.011036100 0.011710200 0.011309900 0.011010200 
[5] 0.011403100 0.011563800 0.011233200 0.011426700 0.011427400 0.011005400 0.011374600 0.011306800 0.011118400 0.011241100 
[6] 0.011255600 0.011206600 0.011008000 0.011372100 0.011007700 0.011245100 0.011460800 0.011032500 0.012428600 0.011294100 
[7] 0.011314600 0.011499700 0.011183500 0.011925200 0.011092500 0.011724900 0.011728000 0.012082200 0.012595200 0.011693800 
[8] 0.011561900 0.011189300 0.011451100 0.011346800 0.011092500 0.011374300 0.011284800 0.016961500 0.022668800 0.013347300 
[9] 0.011775700 0.011698700 0.011608300 0.012075100 0.011518600 0.011556800 0.012233700 0.011450000 0.011784800 0.012386800 
[AVERAGE] 0.011688094 s
[STANDARD DEVIATION] 0.001299490 s

FEN: 6k1/8/6r1/8/5b2/2PR4/4K3/8 w - - 0 0        [0]         [1]         [2]         [3]         [4]         [5]         [6]         [7]         [8]         [9]
[0] 0.005400600 0.005754800 0.005440400 0.005404900 0.005881400 0.005515200 0.005347500 0.005577900 0.005267600 0.005262100 
[1] 0.005714200 0.005358300 0.005260500 0.005260200 0.005589200 0.005321000 0.005246500 0.005669500 0.005246100 0.005244700 
[2] 0.005396700 0.005246900 0.005274400 0.005667300 0.005245300 0.005541800 0.005249100 0.005248900 0.005827700 0.005265100 
[3] 0.005257700 0.005245700 0.005548100 0.005362200 0.005247400 0.005541300 0.005244700 0.005245100 0.005564100 0.005247500 
[4] 0.005248800 0.005621500 0.005858100 0.005634600 0.005790500 0.005444200 0.005464600 0.005509700 0.005380300 0.005522700 
[5] 0.005325100 0.005730500 0.005275600 0.005263200 0.005761600 0.005293400 0.005292400 0.005592900 0.005322400 0.005698200 
[6] 0.005297900 0.005292400 0.005442800 0.005509500 0.005309400 0.005536800 0.005300500 0.005294600 0.005293500 0.005910100 
[7] 0.005294700 0.005295400 0.005524900 0.005295600 0.005323600 0.005601000 0.005294500 0.005274600 0.005698300 0.005276700 
[8] 0.005289800 0.005604000 0.005291800 0.005290100 0.005421900 0.005325500 0.005291800 0.005293000 0.005702100 0.005353400 
[9] 0.005246400 0.005619600 0.005289400 0.005290400 0.005576000 0.005291800 0.005952600 0.005334100 0.005289300 0.005575000 
[AVERAGE] 0.005426547 s
[STANDARD DEVIATION] 0.000188131 s

----------------------------------- AVERAGES ------------------------------------------


---------- REGULAR POSITIONS ----------

    [AVERAGE (s)]    [STANDARD DEVIATION (s)]
 [0] 0.077233844          0.009806258
 [1] 0.064293054          0.000857850
 [2] 0.093742938          0.000711186
 [3] 0.064546023          0.001622729
 [4] 0.090806607          0.002725356
 [5] 0.217440002          0.001399417
 [6] 0.238492780          0.008335469
 [7] 0.116045239          0.007066339
 [8] 0.128806443          0.010351664
 [9] 0.096365250          0.007426113
[10] 0.123818985          0.008285745
[11] 0.049890724          0.003134909
[12] 0.079221801          0.005352760
[13] 0.033281979          0.002343670
[14] 0.170326793          0.011195412
[15] 0.062713691          0.001933969
[16] 0.282409227          0.016678563
[17] 0.101869167          0.005407945
[18] 0.174022993          0.001378589
[19] 0.094831815          0.005151358

---------- TACTICAL POSITINOS ----------

    [AVERAGE (s)]    [STANDARD DEVIATION (s)]
 [0] 0.018817210          0.001032600
 [1] 0.072248370          0.004469889
 [2] 0.023067608          0.001687912
 [3] 0.211584906          0.007608583
 [4] 0.180062654          0.013304753
 [5] 0.033660802          0.008919862
 [6] 0.140269917          0.041993068
 [7] 0.298862600          0.018559214
 [8] 0.077204210          0.001390499
 [9] 0.152806187          0.007204264
[10] 0.136363971          0.007215446
[11] 0.003120337          0.000250689
[12] 0.064320967          0.003732975
[13] 0.009082887          0.000619726
[14] 0.118695539          0.009935306
[15] 0.006861932          0.000677573
[16] 0.162573881          0.010606417
[17] 0.023816927          0.001888607
[18] 0.105304231          0.013890943
[19] 0.049026591          0.005132554

---------- SMALL POSITIONS ----------

    [AVERAGE (s)]    [STANDARD DEVIATION (s)]
 [0] 0.000085414          0.000013413
 [1] 0.004558982          0.000301266
 [2] 0.004902082          0.000288374
 [3] 0.003417857          0.000214756
 [4] 0.000796637          0.000101618
 [5] 0.008753823          0.000329122
 [6] 0.018060506          0.000644299
 [7] 0.003271941          0.000261191
 [8] 0.049541523          0.002966751
 [9] 0.029212657          0.001542378
[10] 0.003379262          0.000229409
[11] 0.001998121          0.000239946
[12] 0.001376249          0.000221781
[13] 0.003428328          0.000303636
[14] 0.000116874          0.000022709
[15] 0.001774826          0.000158734
[16] 0.002603825          0.000225735
[17] 0.000264927          0.000030552
[18] 0.011688094          0.001299490
[19] 0.005426547          0.000188131


----------------------------------- AVERAGES ------------------------------------------





---------- SUMMARY ----------

0.077233844 0.064293054 0.093742938 0.064546023 0.090806607 0.217440002 0.238492780 0.116045239 0.128806443 0.096365250 0.123818985 0.049890724 0.079221801 0.033281979 0.170326793 0.062713691 0.282409227 0.101869167 0.174022993 0.094831815 
0.018817210 0.072248370 0.023067608 0.211584906 0.180062654 0.033660802 0.140269917 0.298862600 0.077204210 0.152806187 0.136363971 0.003120337 0.064320967 0.009082887 0.118695539 0.006861932 0.162573881 0.023816927 0.105304231 0.049026591 
0.000085414 0.004558982 0.004902082 0.003417857 0.000796637 0.008753823 0.018060506 0.003271941 0.049541523 0.029212657 0.003379262 0.001998121 0.001376249 0.003428328 0.000116874 0.001774826 0.002603825 0.000264927 0.011688094 0.005426547 
0.006959532 0.012249575 0.000838332 
