FEN: rn1q1rk1/pbp2pp1/1p2pb1p/3p4/2PP4/2N1PN2/PP2BPPP/R2QK2R w KQ - 0 10
        [0]         [1]         [2]         [3]         [4]         [5]         [6]         [7]         [8]         [9]
[0] 0.000116200 0.000103800 0.000100700 0.000099100 0.000098400 0.000098100 0.000097900 0.000097600 0.000099900 0.000097200 
[1] 0.000096900 0.000097300 0.000096800 0.000096800 0.000096800 0.000096800 0.000096800 0.000096700 0.000098500 0.000096900 
[2] 0.000096800 0.000096700 0.000096700 0.000096600 0.000096900 0.000096600 0.000096600 0.000096500 0.000096500 0.000098200 
[3] 0.000096600 0.000096500 0.000096700 0.000096600 0.000096600 0.000096600 0.000096900 0.000096600 0.000096600 0.000098200 
[4] 0.000096700 0.000096700 0.000096800 0.000096600 0.000096800 0.000096700 0.000096500 0.000096700 0.000226200 0.000151300 
[5] 0.000176400 0.000110800 0.000097100 0.000097100 0.000096900 0.000097000 0.000099300 0.000097100 0.000096900 0.000096600 
[6] 0.000096700 0.000096600 0.000096500 0.000096800 0.000096600 0.000096700 0.000096700 0.000096700 0.000096900 0.000096700 
[7] 0.000096800 0.000096700 0.000096800 0.000096700 0.000096500 0.000096600 0.000096400 0.000098200 0.000096500 0.000096500 
[8] 0.000096600 0.000096500 0.000096500 0.000096900 0.000096700 0.000096500 0.000096300 0.000098300 0.000096600 0.000096800 
[9] 0.000096900 0.000096600 0.000096600 0.000096500 0.000096600 0.000096600 0.000096800 0.000098300 0.000096600 0.000096600 
[AVERAGE] 0.000100018 s
[STANDARD DEVIATION] 0.000016030 s

FEN: rn1q1rk1/pp2ppbp/2p3p1/3p1b2/2PPn3/1P3NP1/P2NPPBP/R1BQ1RK1 w - - 1 9
        [0]         [1]         [2]         [3]         [4]         [5]         [6]         [7]         [8]         [9]
[0] 0.000131600 0.000126700 0.000124200 0.000122700 0.000151800 0.000127400 0.000181700 0.000121000 0.000121000 0.000120400 
[1] 0.000120400 0.000119900 0.000119800 0.000121500 0.000119600 0.000120000 0.000119800 0.000119700 0.000119500 0.000119400 
[2] 0.000119600 0.000120800 0.000119300 0.000119800 0.000119400 0.000119400 0.000119500 0.000119500 0.000119500 0.000119300 
[3] 0.000121000 0.000119400 0.000119700 0.000119500 0.000119400 0.000119500 0.000119300 0.000119500 0.000120800 0.000119400 
[4] 0.000119100 0.000119300 0.000119200 0.000119500 0.000119400 0.000119100 0.000120900 0.000119300 0.000119200 0.000119400 
[5] 0.000119300 0.000119300 0.000151200 0.000119300 0.000121000 0.000148400 0.000119100 0.000119400 0.000119300 0.000119300 
[6] 0.000119100 0.000119500 0.000120800 0.000119000 0.000118900 0.000119400 0.000119300 0.000129100 0.000116200 0.000115800 
[7] 0.000117600 0.000116200 0.000116200 0.000115900 0.000116100 0.000116200 0.000116200 0.000116300 0.000116200 0.000117600 
[8] 0.000116200 0.000116500 0.000116200 0.000116000 0.000116100 0.000116300 0.000116200 0.000161800 0.000285600 0.000192100 
[9] 0.000122100 0.000119700 0.000118700 0.000121100 0.000117900 0.000117500 0.000117100 0.000117100 0.000264100 0.000172700 
[AVERAGE] 0.000125743 s
[STANDARD DEVIATION] 0.000024875 s

FEN: 1rbq1rk1/pp2ppbp/2n2np1/2pp4/5P2/N1PP1NP1/PP2P1BP/R1BQ1RK1 w - - 3 9
        [0]         [1]         [2]         [3]         [4]         [5]         [6]         [7]         [8]         [9]
[0] 0.000233200 0.000129100 0.000127000 0.000126400 0.000126200 0.000125900 0.000125700 0.000127300 0.000125700 0.000125700 
[1] 0.000125600 0.000125700 0.000125700 0.000125700 0.000125300 0.000127600 0.000125700 0.000125400 0.000125500 0.000125300 
[2] 0.000125600 0.000125800 0.000134600 0.000125800 0.000125700 0.000125700 0.000125600 0.000125600 0.000125600 0.000125600 
[3] 0.000127500 0.000125300 0.000125500 0.000125600 0.000125500 0.000125300 0.000125700 0.000125400 0.000127200 0.000125600 
[4] 0.000125500 0.000125400 0.000237900 0.000168800 0.000212800 0.000125500 0.000125600 0.000125500 0.000125500 0.000125400 
[5] 0.000125500 0.000125700 0.000127100 0.000125600 0.000125600 0.000125500 0.000125600 0.000125600 0.000125500 0.000125500 
[6] 0.000127100 0.000125400 0.000125700 0.000125700 0.000125400 0.000125700 0.000125300 0.000125500 0.000127200 0.000125600 
[7] 0.000125700 0.000125600 0.000127500 0.000125900 0.000126300 0.000128900 0.000125700 0.000125600 0.000125600 0.000125500 
[8] 0.000125500 0.000125400 0.000125600 0.000127100 0.000125500 0.000125500 0.000243000 0.000166400 0.000200800 0.000140500 
[9] 0.000125400 0.000125500 0.000125500 0.000125200 0.000125700 0.000125800 0.000125500 0.000127200 0.000125500 0.000125800 
[AVERAGE] 0.000131923 s
[STANDARD DEVIATION] 0.000022610 s

FEN: r2qkb1r/pp1n1ppp/2p2n2/3pp3/6b1/3P1NP1/PPPNPPBP/R1BQ1RK1 w kq - 0 7
        [0]         [1]         [2]         [3]         [4]         [5]         [6]         [7]         [8]         [9]
[0] 0.000139000 0.000132700 0.000130200 0.000128700 0.000216200 0.000166200 0.000141500 0.000128000 0.000127800 0.000127700 
[1] 0.000127200 0.000131200 0.000127100 0.000127300 0.000127200 0.000127400 0.000126800 0.000126900 0.000126800 0.000130400 
[2] 0.000127300 0.000127400 0.000127200 0.000127400 0.000127200 0.000127100 0.000130500 0.000127300 0.000171800 0.000266300 
[3] 0.000198000 0.000172900 0.000137700 0.000127000 0.000127000 0.000126700 0.000126700 0.000126700 0.000126900 0.000126800 
[4] 0.000129700 0.000127400 0.000127000 0.000127000 0.000127300 0.000127300 0.000127300 0.000130300 0.000127500 0.000127400 
[5] 0.000127100 0.000127200 0.000127300 0.000127300 0.000127200 0.000130500 0.000127500 0.000127300 0.000127200 0.000127200 
[6] 0.000127300 0.000127200 0.000127200 0.000130000 0.000127100 0.000127200 0.000127300 0.000127200 0.000127300 0.000127500 
[7] 0.000127200 0.000130700 0.000255700 0.000183800 0.000186100 0.000139600 0.000130100 0.000126600 0.000126800 0.000126900 
[8] 0.000126400 0.000126800 0.000126500 0.000126900 0.000129900 0.000126800 0.000127100 0.000126900 0.000127000 0.000127000 
[9] 0.000126800 0.000127200 0.000130300 0.000127100 0.000127000 0.000127200 0.000127100 0.000126900 0.000127000 0.000126800 
[AVERAGE] 0.000134797 s
[STANDARD DEVIATION] 0.000023677 s

FEN: rnbqkb1r/pp3pp1/2p1pn1p/8/2pP3B/2N2N2/PP2PPPP/R2QKB1R w KQkq - 0 7
        [0]         [1]         [2]         [3]         [4]         [5]         [6]         [7]         [8]         [9]
[0] 0.000092600 0.000085300 0.000083300 0.000082300 0.000082000 0.000081900 0.000081400 0.000081100 0.000081200 0.000081200 
[1] 0.000081100 0.000083900 0.000081100 0.000080900 0.000081000 0.000081000 0.000080900 0.000081000 0.000080900 0.000080800 
[2] 0.000080700 0.000080800 0.000080800 0.000080900 0.000185100 0.000154400 0.000173800 0.000136800 0.000080800 0.000080400 
[3] 0.000080300 0.000080500 0.000082600 0.000080500 0.000080500 0.000080200 0.000080400 0.000080500 0.000080200 0.000080200 
[4] 0.000080400 0.000080200 0.000080500 0.000080300 0.000082000 0.000080400 0.000080400 0.000080400 0.000080300 0.000080500 
[5] 0.000080300 0.000080400 0.000080200 0.000080300 0.000080300 0.000080500 0.000081700 0.000080400 0.000080200 0.000080300 
[6] 0.000080300 0.000080300 0.000080300 0.000080300 0.000080300 0.000080300 0.000080300 0.000080300 0.000080400 0.000088800 
[7] 0.000080400 0.000080300 0.000080400 0.000080200 0.000080300 0.000080200 0.000080400 0.000080400 0.000080400 0.000080600 
[8] 0.000080200 0.000082300 0.000080200 0.000080400 0.000080300 0.000080400 0.000080400 0.000080300 0.000080500 0.000080200 
[9] 0.000080400 0.000080400 0.000095900 0.000198200 0.000108400 0.000130600 0.000125800 0.000080200 0.000080300 0.000080300 
[AVERAGE] 0.000086762 s
[STANDARD DEVIATION] 0.000020993 s

FEN: r3k2r/pppqb1pp/2np1n2/4p2b/P1B1P3/2N1BN1P/1PP2PP1/R2Q1RK1 b kq - 0 11
        [0]         [1]         [2]         [3]         [4]         [5]         [6]         [7]         [8]         [9]
[0] 0.001269500 0.001257500 0.001252500 0.001269000 0.001511500 0.001252900 0.001250500 0.001539500 0.001539800 0.001269200 
[1] 0.001274100 0.001273000 0.001531900 0.001260100 0.001270100 0.001274200 0.001271200 0.001556200 0.001461300 0.001253400 
[2] 0.001262200 0.001535500 0.001250400 0.001252500 0.001252600 0.001429600 0.001326900 0.001250500 0.001251600 0.001252300 
[3] 0.001742900 0.001262200 0.001253300 0.001251500 0.001526200 0.001256200 0.001252700 0.001250200 0.001252300 0.001493400 
[4] 0.001252100 0.001447500 0.001262200 0.001489000 0.001254600 0.001254500 0.001251200 0.001395100 0.001353800 0.001251800 
[5] 0.001251100 0.001253600 0.001633400 0.001231000 0.001219200 0.001219400 0.001377500 0.001368900 0.001220100 0.001221500 
[6] 0.001262100 0.001526400 0.001254100 0.001253500 0.001625800 0.001660700 0.001254600 0.001254600 0.001254100 0.001412500 
[7] 0.001337800 0.001253400 0.001252200 0.001251500 0.001508600 0.001497300 0.001267500 0.001276900 0.001564800 0.001275700 
[8] 0.001273100 0.001270200 0.001272600 0.001591100 0.001271200 0.001270300 0.001506800 0.001466500 0.001254400 0.001252200 
[9] 0.001252600 0.001453400 0.001309500 0.001253100 0.001253000 0.001250800 0.001512400 0.001481800 0.001409500 0.001271000 
[AVERAGE] 0.001337695 s
[STANDARD DEVIATION] 0.000125352 s

FEN: r3k2r/1ppqb1pp/p1np1n2/4p2b/P1B1P3/2N1BN1P/1PP2PP1/R2QR1K1 b kq - 1 12
        [0]         [1]         [2]         [3]         [4]         [5]         [6]         [7]         [8]         [9]
[0] 0.001607800 0.001345300 0.001345000 0.001346800 0.001615300 0.001343800 0.001345200 0.001345400 0.001572400 0.001502300 
[1] 0.001325800 0.001324800 0.001483500 0.001425700 0.001325200 0.001326000 0.001324900 0.001537100 0.001327400 0.001486500 
[2] 0.001327700 0.001584900 0.001325700 0.001326900 0.001324800 0.001568100 0.001327600 0.001326700 0.001326100 0.001612400 
[3] 0.001333500 0.001555200 0.001325400 0.001555800 0.001356100 0.001326800 0.001323300 0.001326400 0.001574700 0.001323200 
[4] 0.001324200 0.001337400 0.001754100 0.001344500 0.001345200 0.001335100 0.001586800 0.001347000 0.001343000 0.001344500 
[5] 0.001560800 0.001342600 0.001340200 0.001583500 0.001663100 0.001293100 0.001293800 0.001293600 0.001583400 0.001377900 
[6] 0.001308100 0.001325800 0.001365600 0.001553200 0.001612700 0.001344300 0.001392100 0.001568700 0.001343500 0.001346900 
[7] 0.001343100 0.001586600 0.001344400 0.001338100 0.001536900 0.001578700 0.001326400 0.001325500 0.001330100 0.001798300 
[8] 0.001502400 0.001327400 0.001336500 0.001710400 0.001328700 0.001590300 0.001333100 0.001622100 0.001344900 0.001347500 
[9] 0.001342100 0.001589200 0.001345200 0.001344000 0.001343100 0.001628900 0.001691700 0.001291800 0.001292800 0.001592300 
[AVERAGE] 0.001422747 s
[STANDARD DEVIATION] 0.000129219 s

FEN: rn1qkb1r/1pp2ppp/p3bn2/3p2B1/3P4/2N1PN2/PP3PPP/R2QKB1R b KQkq - 0 7
        [0]         [1]         [2]         [3]         [4]         [5]         [6]         [7]         [8]         [9]
[0] 0.000755400 0.000742300 0.000739900 0.000737200 0.000758000 0.000757800 0.000890600 0.000899800 0.000754800 0.000755500 
[1] 0.000756800 0.000880600 0.000785000 0.000791600 0.000972500 0.000758600 0.000769800 0.000757800 0.000756200 0.000756400 
[2] 0.000755600 0.000998700 0.000756700 0.000756700 0.000754100 0.000777500 0.000757100 0.000756600 0.000880100 0.000832100 
[3] 0.000898100 0.000757300 0.000755600 0.000755600 0.000803800 0.000757000 0.001025900 0.000756300 0.000755800 0.000753800 
[4] 0.000756700 0.000755500 0.000779000 0.001068500 0.000736600 0.000766200 0.000765600 0.000764900 0.000735500 0.000765200 
[5] 0.001077200 0.000910100 0.000764000 0.000741000 0.000767500 0.000760200 0.000763200 0.000790900 0.000979800 0.000762400 
[6] 0.000759200 0.000762000 0.000762700 0.000770100 0.000755600 0.001008600 0.000763000 0.000763500 0.000982900 0.000765500 
[7] 0.000762900 0.000760600 0.001020300 0.000762300 0.000762400 0.000762900 0.000759100 0.000763300 0.000762800 0.000875800 
[8] 0.000864400 0.000759800 0.000768400 0.000760400 0.000762700 0.000758400 0.000762200 0.000962900 0.000920500 0.000759200 
[9] 0.000757000 0.000755900 0.000756500 0.000756200 0.000998100 0.000757400 0.000754700 0.000757400 0.000756900 0.000756800 
[AVERAGE] 0.000800023 s
[STANDARD DEVIATION] 0.000083983 s

FEN: r2qkb1r/1p1n1p1p/p1bpp3/2p5/4P3/2N3QP/PPP2PP1/R1B1RBK1 b kq - 1 13
        [0]         [1]         [2]         [3]         [4]         [5]         [6]         [7]         [8]         [9]
[0] 0.000941800 0.001167800 0.000924200 0.000924900 0.000924000 0.001069100 0.001051100 0.001156000 0.000923500 0.000922100 
[1] 0.000921800 0.000921500 0.000923100 0.001160200 0.000922800 0.000928100 0.000922300 0.000922000 0.000919500 0.001169100 
[2] 0.001073800 0.001101700 0.000927400 0.000934000 0.000932800 0.001209300 0.000960600 0.000925800 0.000933400 0.000932400 
[3] 0.000940100 0.001198900 0.000932600 0.000933700 0.000932400 0.000931200 0.000932300 0.001315800 0.000926300 0.000932900 
[4] 0.000932300 0.000929400 0.000932400 0.001193500 0.000933000 0.000930100 0.000931500 0.000933000 0.000932200 0.001228700 
[5] 0.000929300 0.000933700 0.000931900 0.001277100 0.001056600 0.001008800 0.000919800 0.000920800 0.000919700 0.000922800 
[6] 0.001066200 0.001057600 0.000920700 0.000922100 0.000921600 0.000922000 0.000979500 0.001133700 0.001188100 0.000930800 
[7] 0.000932200 0.000933800 0.001105600 0.000992200 0.000933300 0.000932400 0.000932600 0.000929800 0.001111600 0.001021700 
[8] 0.000932600 0.000933000 0.000932900 0.000932900 0.001386300 0.000911900 0.000910300 0.000910400 0.000909600 0.000909700 
[9] 0.001159200 0.000952800 0.000908100 0.000911000 0.000938200 0.000933700 0.001106700 0.001030500 0.000934100 0.001169100 
[AVERAGE] 0.000988994 s
[STANDARD DEVIATION] 0.000106831 s

FEN: rn1q1rk1/p1p2ppp/bp3n2/3p4/1b1P4/2N1PN2/PPBB1PPP/R2QK2R b KQ - 3 9
        [0]         [1]         [2]         [3]         [4]         [5]         [6]         [7]         [8]         [9]
[0] 0.000876400 0.000862100 0.001088500 0.000902300 0.000859900 0.000859800 0.000859900 0.000866500 0.000862100 0.000995200 
[1] 0.000863000 0.000867200 0.001018000 0.000882400 0.000862900 0.001016200 0.001148300 0.000986500 0.000887200 0.000895800 
[2] 0.000887600 0.000946000 0.000886000 0.000892500 0.000896100 0.000987300 0.001181600 0.001049200 0.000881200 0.001095300 
[3] 0.001216400 0.001102700 0.001240300 0.001234900 0.001510300 0.000893300 0.000888600 0.000859400 0.001147900 0.001006800 
[4] 0.000857100 0.000878300 0.000878400 0.000878600 0.001086300 0.001037700 0.000970500 0.000890900 0.000894700 0.000901400 
[5] 0.000929700 0.000930400 0.000908800 0.000885300 0.000902200 0.000896500 0.000893200 0.001094400 0.000877200 0.000878900 
[6] 0.000879900 0.000879600 0.000878200 0.001175900 0.000888500 0.000862800 0.000860600 0.000857900 0.000859100 0.000867200 
[7] 0.001101600 0.000859500 0.000859600 0.000859400 0.000858500 0.000860900 0.001033400 0.000949500 0.000859400 0.000859400 
[8] 0.000859500 0.001122900 0.000924300 0.001116800 0.000881300 0.000873600 0.000873400 0.000876800 0.000878000 0.001146600 
[9] 0.000878700 0.000875200 0.000862400 0.000874400 0.001502200 0.001266400 0.001193300 0.000863200 0.000903500 0.000902500 
[AVERAGE] 0.000955200 s
[STANDARD DEVIATION] 0.000135162 s

FEN: rnbq1rk1/pp2bppp/4pn2/3p4/2PN4/6P1/PPQ1PPBP/RNB2RK1 b - - 0 8
        [0]         [1]         [2]         [3]         [4]         [5]         [6]         [7]         [8]         [9]
[0] 0.000910600 0.000889700 0.000861900 0.000861200 0.000861800 0.000859100 0.000860600 0.000958000 0.000861200 0.000865400 
[1] 0.000838300 0.000837400 0.000835300 0.000837700 0.001119600 0.000831200 0.000962000 0.000840400 0.000832300 0.000836700 
[2] 0.000895400 0.001041200 0.000837200 0.000835500 0.000837100 0.000836700 0.000832500 0.000986900 0.000912600 0.000837100 
[3] 0.000834200 0.001119200 0.000826900 0.000837700 0.001115400 0.000836200 0.000838500 0.000837900 0.000836700 0.000838200 
[4] 0.000996800 0.000949500 0.000833000 0.000838300 0.000836900 0.000837200 0.000835800 0.001119900 0.000980200 0.000838400 
[5] 0.000836500 0.000825700 0.000834900 0.000830800 0.001100700 0.000837400 0.000837400 0.000838500 0.000836700 0.000834300 
[6] 0.001035500 0.000923800 0.000831400 0.000830300 0.000837400 0.000976000 0.000895500 0.001086300 0.000828900 0.000835300 
[7] 0.000836900 0.000837200 0.000837100 0.000925800 0.000986000 0.000837700 0.000837600 0.000835300 0.000837500 0.000836800 
[8] 0.001051400 0.000879000 0.001081100 0.000834400 0.000835700 0.000827500 0.000826500 0.001170300 0.000825100 0.000826400 
[9] 0.000826300 0.000827400 0.000826500 0.001026000 0.000906700 0.000827000 0.000824700 0.000826700 0.000825900 0.000854900 
[AVERAGE] 0.000884302 s
[STANDARD DEVIATION] 0.000087211 s

FEN: rnbqkb1r/pp1p1ppp/4pn2/2p5/2PP4/4PN2/PP3PPP/RNBQKB1R b KQkq - 0 4
        [0]         [1]         [2]         [3]         [4]         [5]         [6]         [7]         [8]         [9]
[0] 0.000940100 0.000686000 0.000644100 0.000617500 0.000559500 0.000643300 0.000570000 0.000613600 0.000564200 0.000716800 
[1] 0.000530500 0.000558500 0.000656900 0.000819400 0.000489100 0.000486300 0.000487100 0.000486100 0.000486600 0.000566200 
[2] 0.000719800 0.000799600 0.000863700 0.000515400 0.000488400 0.000485300 0.000558400 0.000641100 0.000490400 0.000632500 
[3] 0.000742400 0.000490300 0.000504900 0.000499800 0.000497800 0.000498900 0.000498600 0.000500100 0.000498000 0.000499700 
[4] 0.000617000 0.000529600 0.000513500 0.000500600 0.000498400 0.000499500 0.000498000 0.000498400 0.000497200 0.000498800 
[5] 0.000497400 0.000541000 0.000615500 0.000486700 0.000485600 0.000842700 0.000488400 0.000486200 0.000486900 0.000485300 
[6] 0.000486800 0.000484800 0.000621000 0.000626100 0.000486600 0.000484900 0.000486200 0.000484900 0.000553100 0.000485200 
[7] 0.000499200 0.000484800 0.000485900 0.000484800 0.000691300 0.000486300 0.000484200 0.000486800 0.000484100 0.000484800 
[8] 0.000484000 0.000486500 0.000524300 0.000494400 0.000485000 0.000638900 0.000721200 0.000489200 0.000485700 0.000486900 
[9] 0.000485200 0.000484900 0.000484300 0.000486500 0.000485000 0.000501400 0.000485500 0.000714600 0.000486600 0.000485300 
[AVERAGE] 0.000547808 s
[STANDARD DEVIATION] 0.000098670 s

FEN: rnbqk2r/ppp2ppp/4pn2/3p4/1bPP4/2N2P2/PP2P1PP/R1BQKBNR w KQkq - 0 5
        [0]         [1]         [2]         [3]         [4]         [5]         [6]         [7]         [8]         [9]
[0] 0.000158200 0.000152400 0.000150400 0.000150700 0.000148100 0.000147500 0.000147400 0.000147400 0.000146800 0.000147500 
[1] 0.000146400 0.000146300 0.000146200 0.000146200 0.000146000 0.000145900 0.000147300 0.000146200 0.000146300 0.000146000 
[2] 0.000146000 0.000145700 0.000146100 0.000147100 0.000145900 0.000146000 0.000145900 0.000146100 0.000189300 0.000231900 
[3] 0.000256300 0.000146600 0.000146400 0.000146400 0.000146300 0.000148900 0.000146000 0.000145900 0.000146000 0.000146400 
[4] 0.000146200 0.000145900 0.000155600 0.000146200 0.000146200 0.000146300 0.000146100 0.000146200 0.000192800 0.000311400 
[5] 0.000159900 0.000146600 0.000146300 0.000146000 0.000147800 0.000145800 0.000146000 0.000145900 0.000145900 0.000145700 
[6] 0.000146700 0.000145800 0.000145800 0.000146200 0.000145800 0.000246100 0.000204400 0.000217600 0.000146200 0.000146000 
[7] 0.000146200 0.000146100 0.000147200 0.000158700 0.000146100 0.000146100 0.000145900 0.000146200 0.000146000 0.000147200 
[8] 0.000145700 0.000145800 0.000145900 0.000145800 0.000145500 0.000145700 0.000146900 0.000145700 0.000146100 0.000145800 
[9] 0.000146000 0.000146000 0.000145800 0.000147000 0.000145900 0.000145800 0.000145800 0.000145800 0.000145800 0.000147200 
[AVERAGE] 0.000153695 s
[STANDARD DEVIATION] 0.000025361 s

FEN: rnbqr1k1/pp1p1ppp/2p2n2/4p3/2P1P3/2P2PP1/P2P1K1P/R1BQ1BNR w - - 0 8
        [0]         [1]         [2]         [3]         [4]         [5]         [6]         [7]         [8]         [9]
[0] 0.000070700 0.000067100 0.000065800 0.000065200 0.000065200 0.000065000 0.000064800 0.000077800 0.000096400 0.000119100 
[1] 0.000092600 0.000109900 0.000108300 0.000078100 0.000065000 0.000064900 0.000065000 0.000064900 0.000064800 0.000064900 
[2] 0.000064800 0.000064700 0.000064700 0.000065000 0.000064900 0.000064800 0.000066100 0.000064900 0.000065000 0.000064900 
[3] 0.000065000 0.000065000 0.000064800 0.000064700 0.000064900 0.000064800 0.000064900 0.000064800 0.000064900 0.000064800 
[4] 0.000064800 0.000066100 0.000077600 0.000065100 0.000065000 0.000064700 0.000065000 0.000064900 0.000075500 0.000065000 
[5] 0.000122600 0.000093500 0.000149500 0.000166600 0.000114600 0.000064800 0.000064900 0.000137800 0.000106100 0.000064900 
[6] 0.000065300 0.000065200 0.000065100 0.000065200 0.000094800 0.000108000 0.000136700 0.000067200 0.000110800 0.000080500 
[7] 0.000067000 0.000092500 0.000064900 0.000064900 0.000064900 0.000066400 0.000064800 0.000064800 0.000065000 0.000064900 
[8] 0.000064900 0.000065000 0.000080900 0.000138700 0.000093000 0.000093200 0.000093700 0.000136300 0.000105500 0.000065100 
[9] 0.000064800 0.000064800 0.000064900 0.000064800 0.000064900 0.000064900 0.000064900 0.000064900 0.000064800 0.000064800 
[AVERAGE] 0.000077166 s
[STANDARD DEVIATION] 0.000022638 s

FEN: r1bq1rk1/1p2bppp/p1n1pn2/8/P1BP4/2N1BN2/1P3PPP/R2Q1RK1 w - - 3 11
        [0]         [1]         [2]         [3]         [4]         [5]         [6]         [7]         [8]         [9]
[0] 0.000226900 0.000275500 0.000151600 0.000136600 0.000134800 0.000134300 0.000135800 0.000132600 0.000132200 0.000131900 
[1] 0.000132000 0.000131600 0.000131600 0.000132900 0.000187700 0.000131400 0.000131300 0.000131600 0.000131700 0.000131500 
[2] 0.000133200 0.000131400 0.000131800 0.000131500 0.000131800 0.000131600 0.000131100 0.000131200 0.000132900 0.000131600 
[3] 0.000131500 0.000217300 0.000190700 0.000247600 0.000131500 0.000131600 0.000131700 0.000131100 0.000131500 0.000131400 
[4] 0.000131300 0.000132700 0.000131300 0.000131200 0.000131100 0.000131000 0.000131200 0.000131000 0.000132300 0.000130900 
[5] 0.000131000 0.000131300 0.000131100 0.000131100 0.000131400 0.000131400 0.000132500 0.000131100 0.000131200 0.000131300 
[6] 0.000131300 0.000131300 0.000131100 0.000132600 0.000131400 0.000131100 0.000131100 0.000130700 0.000130900 0.000131200 
[7] 0.000131200 0.000132800 0.000131200 0.000175200 0.000230700 0.000203500 0.000176100 0.000131400 0.000131100 0.000131000 
[8] 0.000131000 0.000131300 0.000131300 0.000131300 0.000132800 0.000131500 0.000131400 0.000131400 0.000131100 0.000131100 
[9] 0.000131400 0.000131000 0.000132900 0.000131300 0.000130900 0.000130900 0.000131100 0.000131000 0.000131000 0.000142600 
[AVERAGE] 0.000140121 s
[STANDARD DEVIATION] 0.000026353 s

FEN: rn1q1rk1/pbpp1ppp/8/3nP3/2BP4/5PP1/P6P/R1BQK1NR w KQ - 1 11
        [0]         [1]         [2]         [3]         [4]         [5]         [6]         [7]         [8]         [9]
[0] 0.000056900 0.000052500 0.000050800 0.000050000 0.000049800 0.000049900 0.000049700 0.000049600 0.000049400 0.000049400 
[1] 0.000049600 0.000049500 0.000049300 0.000049600 0.000051400 0.000049500 0.000049600 0.000049600 0.000168800 0.000139900 
[2] 0.000163600 0.000089100 0.000076600 0.000075000 0.000074600 0.000118800 0.000090800 0.000070400 0.000066900 0.000117400 
[3] 0.000110600 0.000065600 0.000080500 0.000080300 0.000106700 0.000065600 0.000049400 0.000049400 0.000049200 0.000051600 
[4] 0.000049500 0.000049600 0.000049500 0.000049400 0.000049300 0.000049500 0.000049400 0.000049300 0.000049500 0.000049400 
[5] 0.000049400 0.000049300 0.000049200 0.000049500 0.000049400 0.000049400 0.000049400 0.000049300 0.000049500 0.000051000 
[6] 0.000049500 0.000049500 0.000049300 0.000049400 0.000049600 0.000049200 0.000049400 0.000049400 0.000049200 0.000049500 
[7] 0.000049500 0.000049300 0.000049400 0.000049300 0.000049300 0.000049400 0.000049500 0.000049400 0.000049600 0.000050900 
[8] 0.000049300 0.000049500 0.000049500 0.000049300 0.000049400 0.000049400 0.000049500 0.000049600 0.000049400 0.000049300 
[9] 0.000049400 0.000049400 0.000049200 0.000049400 0.000049500 0.000049300 0.000049300 0.000049400 0.000050800 0.000049400 
[AVERAGE] 0.000058356 s
[STANDARD DEVIATION] 0.000022921 s

FEN: r2qk2r/1p1n1ppp/p1pbbn2/3p2B1/3P4/2NBPN1P/PP3PP1/R2QK2R w KQkq - 0 10
        [0]         [1]         [2]         [3]         [4]         [5]         [6]         [7]         [8]         [9]
[0] 0.000183900 0.000175700 0.000173200 0.000171300 0.000170800 0.000171800 0.000169600 0.000169300 0.000168400 0.000168300 
[1] 0.000168200 0.000213500 0.000265500 0.000271300 0.000168000 0.000169100 0.000167400 0.000167600 0.000167600 0.000167400 
[2] 0.000167200 0.000170300 0.000167500 0.000167100 0.000167100 0.000167500 0.000167500 0.000169100 0.000169500 0.000168600 
[3] 0.000168600 0.000168300 0.000167500 0.000169600 0.000167900 0.000167600 0.000167400 0.000167400 0.000167200 0.000169300 
[4] 0.000167300 0.000167500 0.000167200 0.000167400 0.000167100 0.000342100 0.000296700 0.000167800 0.000167500 0.000177500 
[5] 0.000167700 0.000168200 0.000167400 0.000167500 0.000167400 0.000168900 0.000167400 0.000167400 0.000167200 0.000167400 
[6] 0.000240000 0.000272700 0.000171200 0.000170500 0.000169600 0.000173300 0.000167900 0.000168200 0.000167800 0.000167600 
[7] 0.000167600 0.000171000 0.000168500 0.000168100 0.000167900 0.000168100 0.000196100 0.000295700 0.000297400 0.000168200 
[8] 0.000168600 0.000171300 0.000168200 0.000168300 0.000168200 0.000167900 0.000167700 0.000171000 0.000167800 0.000167800 
[9] 0.000167800 0.000167800 0.000167800 0.000170900 0.000167800 0.000168000 0.000168300 0.000167800 0.000168000 0.000170500 
[AVERAGE] 0.000178836 s
[STANDARD DEVIATION] 0.000032856 s

FEN: r1bq1rk1/pp2bppp/2n1pn2/2pp4/P3PB2/3P1NP1/1PP2PBP/RN1Q1RK1 b - - 2 8
        [0]         [1]         [2]         [3]         [4]         [5]         [6]         [7]         [8]         [9]
[0] 0.000811400 0.000807200 0.001045600 0.000806000 0.000804700 0.001254300 0.001162700 0.000824500 0.001068200 0.000917500 
[1] 0.001194100 0.000889100 0.001389500 0.001182400 0.001188300 0.000886700 0.000824100 0.000825200 0.000821700 0.000959000 
[2] 0.000922100 0.000836200 0.000824500 0.000824400 0.000970800 0.000893300 0.000998500 0.000825600 0.000821600 0.000824600 
[3] 0.000824700 0.000824500 0.000824300 0.000882900 0.000820000 0.000824000 0.000814300 0.000802600 0.000813700 0.000798200 
[4] 0.001042200 0.000801900 0.000971000 0.000802400 0.000800200 0.000800400 0.000798100 0.001048700 0.000797600 0.000798700 
[5] 0.000799500 0.000798000 0.000798000 0.000797100 0.001023400 0.000798600 0.000805700 0.000799500 0.000798700 0.000797200 
[6] 0.000798700 0.001113600 0.000801900 0.000800200 0.000800500 0.000799400 0.000796800 0.000798500 0.001051400 0.000799500 
[7] 0.000799400 0.000799800 0.000797200 0.000798200 0.000807100 0.001036700 0.000799200 0.000799300 0.000796800 0.001144700 
[8] 0.000802800 0.000929500 0.000900000 0.000828900 0.000801000 0.000814100 0.000797800 0.000798400 0.000925900 0.000885200 
[9] 0.000799000 0.000807800 0.000797700 0.000839800 0.000800000 0.000989000 0.001132800 0.000785500 0.000780700 0.000781500 
[AVERAGE] 0.000876462 s
[STANDARD DEVIATION] 0.000125902 s

FEN: r1bqr1k1/ppp2ppp/2n5/2bnp3/8/2NP1NP1/PP2PPBP/R1BQ1RK1 w - - 1 9
        [0]         [1]         [2]         [3]         [4]         [5]         [6]         [7]         [8]         [9]
[0] 0.000173600 0.000168100 0.000166100 0.000164700 0.000181100 0.000203300 0.000163000 0.000162700 0.000162700 0.000162200 
[1] 0.000163600 0.000176600 0.000345700 0.000277400 0.000247000 0.000162300 0.000161900 0.000161900 0.000161600 0.000161700 
[2] 0.000163300 0.000161900 0.000161700 0.000161700 0.000161600 0.000161400 0.000163300 0.000161800 0.000161700 0.000161500 
[3] 0.000161900 0.000161900 0.000179100 0.000165800 0.000165900 0.000165700 0.000165600 0.000165700 0.000167400 0.000165200 
[4] 0.000165900 0.000165400 0.000165600 0.000165600 0.000174100 0.000252500 0.000263000 0.000267400 0.000167500 0.000222100 
[5] 0.000166300 0.000165600 0.000166100 0.000166000 0.000167400 0.000165700 0.000165700 0.000165900 0.000165600 0.000165500 
[6] 0.000167200 0.000165700 0.000165800 0.000165500 0.000165400 0.000165800 0.000166900 0.000165400 0.000165500 0.000165600 
[7] 0.000165500 0.000165500 0.000388300 0.000224300 0.000167400 0.000167200 0.000308600 0.000356000 0.000256500 0.000273500 
[8] 0.000168100 0.000167800 0.000240600 0.000230800 0.000184300 0.000166200 0.000166300 0.000166100 0.000166200 0.000166000 
[9] 0.000169600 0.000166200 0.000166300 0.000166000 0.000166000 0.000166400 0.000169200 0.000165700 0.000165900 0.000166000 
[AVERAGE] 0.000183015 s
[STANDARD DEVIATION] 0.000044062 s

FEN: rnbqk2r/ppp2pp1/5n1p/3p4/1b1P3B/2N2N2/PP2PPPP/R2QKB1R b KQkq - 1 7
        [0]         [1]         [2]         [3]         [4]         [5]         [6]         [7]         [8]         [9]
[0] 0.000878300 0.001206200 0.000872000 0.000870200 0.000872000 0.000858000 0.000871000 0.001000300 0.000985300 0.000870900 
[1] 0.000867300 0.001291100 0.000855000 0.001030900 0.000976600 0.000867800 0.000869700 0.000870600 0.000871200 0.000871500 
[2] 0.001148600 0.000861500 0.000871000 0.000870800 0.000869700 0.000867300 0.001038800 0.001117400 0.000852700 0.000850800 
[3] 0.000850400 0.000851100 0.000850200 0.001128900 0.000851200 0.000850100 0.000858000 0.000849600 0.000850600 0.001122900 
[4] 0.000849800 0.000849100 0.000850100 0.000850400 0.001098200 0.000946800 0.001350600 0.001677800 0.000894200 0.000851600 
[5] 0.000850500 0.001048300 0.000848500 0.000851800 0.000849900 0.000850300 0.000850500 0.000981900 0.000953700 0.001062000 
[6] 0.000921200 0.000850600 0.000849600 0.000848600 0.001089700 0.000850500 0.000850500 0.000849100 0.000856600 0.000850600 
[7] 0.001006400 0.000949200 0.000851700 0.000849000 0.000849500 0.000849300 0.000849600 0.001270500 0.000862900 0.000851800 
[8] 0.000851900 0.000853100 0.000849300 0.001056100 0.000941100 0.000860500 0.000849900 0.000849400 0.000849600 0.000850500 
[9] 0.001093000 0.000850900 0.000849600 0.000849900 0.001554800 0.001853800 0.001108900 0.000904900 0.001046600 0.001127900 
[AVERAGE] 0.000944921 s
[STANDARD DEVIATION] 0.000174964 s

FEN: 2r5/1p2kp2/p3pn1P/6R1/6p1/2P3P1/2PR4/6K1 b - - 4 31
        [0]         [1]         [2]         [3]         [4]         [5]         [6]         [7]         [8]         [9]
[0] 0.000339400 0.000281500 0.000442500 0.000352500 0.000290300 0.000273500 0.000215500 0.000256800 0.000280400 0.000490700 
[1] 0.000438100 0.000475000 0.000298200 0.000209500 0.000414700 0.000332000 0.000281600 0.000227000 0.000225800 0.000236500 
[2] 0.000240200 0.000319900 0.000304600 0.000344400 0.000375000 0.000211300 0.000240200 0.000208100 0.000207900 0.000208300 
[3] 0.000208500 0.000236000 0.000208100 0.000208100 0.000208200 0.000209000 0.000208000 0.000208200 0.000208400 0.000207800 
[4] 0.000209200 0.000207600 0.000208100 0.000208400 0.000208100 0.000209600 0.000343800 0.000318000 0.000231700 0.000214400 
[5] 0.000215700 0.000214200 0.000213000 0.000226600 0.000213200 0.000213200 0.000213900 0.000213900 0.000214800 0.000213600 
[6] 0.000213500 0.000212900 0.000214800 0.000213700 0.000214100 0.000213600 0.000213500 0.000214600 0.000213000 0.000213800 
[7] 0.000213400 0.000213800 0.000263300 0.000233300 0.000226900 0.000214100 0.000214600 0.000212900 0.000213600 0.000213500 
[8] 0.000213100 0.000214500 0.000213300 0.000213700 0.000213900 0.000214300 0.000213500 0.000213000 0.000213200 0.000213200 
[9] 0.000214700 0.000223400 0.000207700 0.000207700 0.000208000 0.000375000 0.000244600 0.000214200 0.000346000 0.000356900 
[AVERAGE] 0.000247335 s
[STANDARD DEVIATION] 0.000064699 s

FEN: 1r4k1/p5p1/5p1p/q2p4/2rPn3/b1PQRN1P/P1RB1PP1/6K1 w - - 1 2
        [0]         [1]         [2]         [3]         [4]         [5]         [6]         [7]         [8]         [9]
[0] 0.000166700 0.000146500 0.000174300 0.000142600 0.000141300 0.000156800 0.000157500 0.000153200 0.000140000 0.000141300 
[1] 0.000139200 0.000139100 0.000139100 0.000138700 0.000138400 0.000138600 0.000140100 0.000138500 0.000138600 0.000138600 
[2] 0.000138800 0.000138500 0.000138900 0.000140200 0.000138800 0.000138700 0.000138900 0.000138500 0.000138600 0.000138700 
[3] 0.000151100 0.000139100 0.000139100 0.000138600 0.000138900 0.000138600 0.000231600 0.000187400 0.000226600 0.000138900 
[4] 0.000138800 0.000138600 0.000138500 0.000139800 0.000138300 0.000138700 0.000138500 0.000138600 0.000138600 0.000138700 
[5] 0.000140300 0.000138800 0.000138800 0.000138900 0.000138800 0.000138700 0.000139000 0.000140100 0.000138800 0.000138800 
[6] 0.000138500 0.000139200 0.000138800 0.000138500 0.000139600 0.000138900 0.000138200 0.000138600 0.000138500 0.000138500 
[7] 0.000138500 0.000139600 0.000138800 0.000138500 0.000138500 0.000138400 0.000185300 0.000238000 0.000240000 0.000138700 
[8] 0.000139000 0.000139300 0.000138800 0.000138700 0.000139900 0.000140600 0.000140000 0.000139300 0.000139200 0.000138600 
[9] 0.000138800 0.000140200 0.000138600 0.000138500 0.000138500 0.000138400 0.000138800 0.000138600 0.000240400 0.000235300 
[AVERAGE] 0.000147068 s
[STANDARD DEVIATION] 0.000023855 s

FEN: 5rk1/rNR2ppp/P3p3/3p4/2p5/2n1P3/R4PPP/6K1 w - - 0 1
        [0]         [1]         [2]         [3]         [4]         [5]         [6]         [7]         [8]         [9]
[0] 0.000050400 0.000045300 0.000043200 0.000042400 0.000041600 0.000041500 0.000041200 0.000041100 0.000041000 0.000041000 
[1] 0.000041200 0.000041000 0.000043000 0.000040200 0.000040300 0.000040300 0.000040400 0.000040300 0.000040200 0.000040300 
[2] 0.000040500 0.000040200 0.000040500 0.000040400 0.000040200 0.000040400 0.000040200 0.000040300 0.000040400 0.000040300 
[3] 0.000040300 0.000040500 0.000040300 0.000040300 0.000040500 0.000040400 0.000040200 0.000041600 0.000040400 0.000040200 
[4] 0.000040200 0.000040200 0.000040500 0.000040400 0.000040200 0.000040200 0.000040200 0.000040400 0.000040400 0.000040500 
[5] 0.000040100 0.000084600 0.000098700 0.000082700 0.000068600 0.000040200 0.000070600 0.000041400 0.000112100 0.000053800 
[6] 0.000040200 0.000040200 0.000040300 0.000040200 0.000040200 0.000040100 0.000040100 0.000040300 0.000040400 0.000040500 
[7] 0.000040400 0.000040300 0.000040200 0.000040400 0.000040300 0.000040200 0.000040300 0.000040200 0.000041500 0.000040200 
[8] 0.000040300 0.000040200 0.000040300 0.000040100 0.000040200 0.000040200 0.000040400 0.000040200 0.000040300 0.000040100 
[9] 0.000040400 0.000040100 0.000040100 0.000040300 0.000040200 0.000040200 0.000040200 0.000040200 0.000040300 0.000040200 
[AVERAGE] 0.000043510 s
[STANDARD DEVIATION] 0.000011557 s

FEN: r1bk2r1/ppp1n2p/3q3Q/1B2Np2/4n3/2P5/PP3PPP/RN3RK1 b - - 2 16
        [0]         [1]         [2]         [3]         [4]         [5]         [6]         [7]         [8]         [9]
[0] 0.001152900 0.001133000 0.001135000 0.001389600 0.001131600 0.001131400 0.001133100 0.001132100 0.001683800 0.001134500 
[1] 0.001130000 0.001133100 0.001323800 0.001261300 0.001133100 0.001130700 0.001131400 0.001396300 0.001147000 0.001133700 
[2] 0.001131900 0.001308100 0.001524800 0.001132200 0.001184200 0.001132700 0.001133400 0.001602700 0.001131200 0.001130900 
[3] 0.001131600 0.001130500 0.001373400 0.001397400 0.001137800 0.001131400 0.001304100 0.001260100 0.001132000 0.001134100 
[4] 0.001132700 0.001361300 0.001130200 0.001130900 0.001130200 0.001131700 0.001367200 0.001264900 0.001132500 0.001139900 
[5] 0.001131900 0.001414000 0.001129400 0.001130000 0.001131500 0.001131000 0.001415500 0.001131700 0.001146500 0.001378100 
[6] 0.001133800 0.001462200 0.001138800 0.001132200 0.001154200 0.001131900 0.001403400 0.001132800 0.001130900 0.001346800 
[7] 0.001259000 0.001400400 0.001133700 0.001132000 0.001139800 0.001314400 0.001189700 0.001129400 0.001130100 0.001133200 
[8] 0.001361400 0.001144200 0.001132300 0.001133500 0.001132100 0.001671600 0.001133300 0.001137600 0.001131700 0.001132900 
[9] 0.001349500 0.001133300 0.001131800 0.001131100 0.001131400 0.001419500 0.001131500 0.001130100 0.001384400 0.001139300 
[AVERAGE] 0.001210042 s
[STANDARD DEVIATION] 0.000130707 s

FEN: r2qkb1r/pp2nppp/3p4/2pNN1B1/2BnP3/3P4/PPP2PPP/R2bK2R w KQkq - 1 0
        [0]         [1]         [2]         [3]         [4]         [5]         [6]         [7]         [8]         [9]
[0] 0.000161700 0.000239500 0.000166700 0.000178800 0.000121500 0.000120300 0.000119400 0.000118900 0.000118600 0.000118400 
[1] 0.000118800 0.000119600 0.000118300 0.000118400 0.000118000 0.000117900 0.000117800 0.000117500 0.000117500 0.000118600 
[2] 0.000117100 0.000117800 0.000117500 0.000117200 0.000117500 0.000117100 0.000117300 0.000117500 0.000118700 0.000117500 
[3] 0.000117400 0.000117400 0.000117600 0.000117600 0.000117700 0.000117200 0.000118500 0.000117500 0.000117600 0.000117600 
[4] 0.000117400 0.000117500 0.000117500 0.000117700 0.000117800 0.000119200 0.000117600 0.000117600 0.000218500 0.000158600 
[5] 0.000232300 0.000132700 0.000117900 0.000117900 0.000118900 0.000118400 0.000118200 0.000118000 0.000117600 0.000118900 
[6] 0.000117400 0.000117500 0.000117700 0.000117600 0.000117200 0.000117600 0.000117500 0.000118300 0.000117100 0.000117500 
[7] 0.000117300 0.000116900 0.000116900 0.000117000 0.000116900 0.000116700 0.000146600 0.000117100 0.000117300 0.000117000 
[8] 0.000117000 0.000117200 0.000116900 0.000116800 0.000118600 0.000117000 0.000117500 0.000117400 0.000117300 0.000117500 
[9] 0.000117400 0.000117300 0.000118500 0.000117100 0.000117500 0.000275600 0.000161100 0.000202600 0.000223100 0.000192200 
[AVERAGE] 0.000128184 s
[STANDARD DEVIATION] 0.000029779 s

FEN: 1rb4r/pkPp3p/1b1P3n/1Q6/N3Pp2/8/P1P3PP/7K w - - 1 0
        [0]         [1]         [2]         [3]         [4]         [5]         [6]         [7]         [8]         [9]
[0] 0.000032900 0.000028300 0.000026500 0.000025700 0.000025100 0.000025000 0.000024900 0.000024900 0.000024800 0.000024800 
[1] 0.000024800 0.000024800 0.000024700 0.000024900 0.000024800 0.000024700 0.000024800 0.000024800 0.000024800 0.000024900 
[2] 0.000024900 0.000024800 0.000024800 0.000024900 0.000024900 0.000026700 0.000024900 0.000024900 0.000024800 0.000024900 
[3] 0.000024800 0.000024800 0.000024800 0.000024800 0.000024800 0.000024800 0.000024800 0.000024700 0.000024800 0.000024900 
[4] 0.000025000 0.000024700 0.000024900 0.000024800 0.000024800 0.000024700 0.000024800 0.000024800 0.000024700 0.000024800 
[5] 0.000024800 0.000024800 0.000024800 0.000024700 0.000024800 0.000024800 0.000024700 0.000024800 0.000024700 0.000024800 
[6] 0.000024800 0.000024700 0.000024800 0.000024900 0.000034900 0.000024800 0.000024900 0.000024800 0.000024700 0.000024800 
[7] 0.000024900 0.000024800 0.000024800 0.000024900 0.000024900 0.000024800 0.000024800 0.000024700 0.000024700 0.000024700 
[8] 0.000024800 0.000024900 0.000024800 0.000024700 0.000024800 0.000024800 0.000024900 0.000024800 0.000024800 0.000024800 
[9] 0.000024900 0.000024700 0.000024900 0.000024800 0.000024900 0.000024900 0.000024800 0.000024800 0.000024700 0.000024700 
[AVERAGE] 0.000025074 s
[STANDARD DEVIATION] 0.000001343 s

FEN: 4kb1r/p2n1ppp/4q3/4p1B1/4P3/1Q6/PPP2PPP/2KR4 w k - 1 0
        [0]         [1]         [2]         [3]         [4]         [5]         [6]         [7]         [8]         [9]
[0] 0.000018400 0.000014800 0.000013600 0.000013100 0.000014300 0.000012600 0.000012500 0.000012500 0.000012400 0.000012400 
[1] 0.000012300 0.000012400 0.000012300 0.000012300 0.000012300 0.000012400 0.000012400 0.000012300 0.000012400 0.000012300 
[2] 0.000012300 0.000012300 0.000012300 0.000012300 0.000012300 0.000012400 0.000012400 0.000012300 0.000012400 0.000012300 
[3] 0.000012400 0.000012300 0.000012300 0.000012300 0.000012300 0.000012300 0.000012300 0.000012400 0.000012300 0.000012300 
[4] 0.000012400 0.000012400 0.000012400 0.000012300 0.000012300 0.000012400 0.000012300 0.000012300 0.000012400 0.000012300 
[5] 0.000012400 0.000012200 0.000012400 0.000012400 0.000012200 0.000012400 0.000012400 0.000012400 0.000012300 0.000012300 
[6] 0.000012300 0.000012300 0.000012400 0.000012400 0.000012300 0.000012400 0.000012400 0.000012300 0.000012300 0.000012300 
[7] 0.000012200 0.000012300 0.000012300 0.000012300 0.000012400 0.000012300 0.000012300 0.000012400 0.000012300 0.000013600 
[8] 0.000012300 0.000012400 0.000012300 0.000012300 0.000012300 0.000012400 0.000012300 0.000012300 0.000012300 0.000012500 
[9] 0.000012300 0.000012400 0.000012300 0.000012300 0.000012400 0.000012300 0.000012300 0.000012400 0.000012300 0.000012400 
[AVERAGE] 0.000012480 s
[STANDARD DEVIATION] 0.000000699 s

FEN: r1b2k1r/ppp1bppp/8/1B1Q4/5q2/2P5/PPP2PPP/R3R1K1 w - - 1 0
        [0]         [1]         [2]         [3]         [4]         [5]         [6]         [7]         [8]         [9]
[0] 0.000131600 0.000125500 0.000122600 0.000121100 0.000120500 0.000121300 0.000119500 0.000229500 0.000162600 0.000192500 
[1] 0.000132400 0.000119000 0.000120100 0.000119100 0.000118500 0.000118700 0.000118800 0.000118400 0.000118800 0.000118500 
[2] 0.000119900 0.000118800 0.000118700 0.000118600 0.000145600 0.000118700 0.000118600 0.000120200 0.000118700 0.000118700 
[3] 0.000118600 0.000118700 0.000118800 0.000118600 0.000118900 0.000118400 0.000120000 0.000118600 0.000118700 0.000118500 
[4] 0.000118500 0.000118700 0.000118300 0.000118600 0.000119700 0.000118400 0.000118800 0.000118600 0.000118400 0.000118500 
[5] 0.000118400 0.000118600 0.000118700 0.000268100 0.000166700 0.000206200 0.000145500 0.000118800 0.000120300 0.000119000 
[6] 0.000119000 0.000118600 0.000118700 0.000118700 0.000118700 0.000118500 0.000118700 0.000120100 0.000119000 0.000118600 
[7] 0.000118600 0.000118400 0.000118800 0.000118900 0.000118500 0.000120200 0.000118800 0.000118700 0.000118800 0.000118700 
[8] 0.000118600 0.000118600 0.000118500 0.000119600 0.000118800 0.000118800 0.000118600 0.000118600 0.000118700 0.000118600 
[9] 0.000118600 0.000118700 0.000211300 0.000128200 0.000218400 0.000118800 0.000118600 0.000147500 0.000222100 0.000192000 
[AVERAGE] 0.000128987 s
[STANDARD DEVIATION] 0.000028061 s

FEN: 5rkr/pp2Rp2/1b1p1Pb1/3P2Q1/2n3P1/2p5/P4P2/4R1K1 w - - 1 0
        [0]         [1]         [2]         [3]         [4]         [5]         [6]         [7]         [8]         [9]
[0] 0.000035000 0.000032700 0.000029900 0.000031000 0.000045400 0.000028900 0.000015400 0.000015500 0.000015400 0.000027900 
[1] 0.000014900 0.000015100 0.000014900 0.000015000 0.000014900 0.000015100 0.000014900 0.000014900 0.000014900 0.000014900 
[2] 0.000015100 0.000015100 0.000015100 0.000014900 0.000014900 0.000015100 0.000015100 0.000014900 0.000015000 0.000032100 
[3] 0.000028300 0.000015000 0.000015000 0.000015600 0.000015100 0.000014900 0.000014900 0.000014800 0.000015000 0.000014800 
[4] 0.000014900 0.000014900 0.000014900 0.000014800 0.000015000 0.000014900 0.000015000 0.000014900 0.000014900 0.000014900 
[5] 0.000015000 0.000015000 0.000015000 0.000015000 0.000014800 0.000014900 0.000015000 0.000014900 0.000015000 0.000015000 
[6] 0.000015000 0.000015000 0.000014900 0.000014800 0.000014900 0.000015000 0.000015100 0.000014900 0.000014900 0.000015000 
[7] 0.000015000 0.000014900 0.000014900 0.000015000 0.000015000 0.000015000 0.000014900 0.000014800 0.000015000 0.000014900 
[8] 0.000014900 0.000014800 0.000014900 0.000014900 0.000015000 0.000015000 0.000014900 0.000014800 0.000014900 0.000015000 
[9] 0.000014900 0.000014900 0.000016200 0.000015000 0.000015000 0.000015000 0.000014900 0.000015000 0.000014900 0.000014900 
[AVERAGE] 0.000016547 s
[STANDARD DEVIATION] 0.000005204 s

FEN: rnbqk2r/p4p2/2pbpn1p/1p4p1/2pPP3/2N2NB1/PP2BPPP/R2QK2R w KQkq - 2 10
        [0]         [1]         [2]         [3]         [4]         [5]         [6]         [7]         [8]         [9]
[0] 0.000105500 0.000099900 0.000096900 0.000095900 0.000095300 0.000094600 0.000094400 0.000093900 0.000095100 0.000093600 
[1] 0.000093500 0.000093600 0.000093600 0.000093400 0.000093400 0.000093400 0.000093700 0.000093500 0.000093600 0.000094600 
[2] 0.000093400 0.000093300 0.000093600 0.000093500 0.000093500 0.000093500 0.000093400 0.000093500 0.000093300 0.000093300 
[3] 0.000094500 0.000093400 0.000093300 0.000093500 0.000093400 0.000093300 0.000093400 0.000093400 0.000093600 0.000197100 
[4] 0.000136900 0.000151600 0.000134800 0.000093300 0.000093200 0.000093300 0.000093200 0.000093300 0.000094900 0.000093500 
[5] 0.000093300 0.000093300 0.000093200 0.000093500 0.000093500 0.000093400 0.000093300 0.000093400 0.000094400 0.000093300 
[6] 0.000093200 0.000093500 0.000093500 0.000093400 0.000093300 0.000093300 0.000093100 0.000093400 0.000093500 0.000094400 
[7] 0.000093500 0.000093100 0.000093300 0.000093300 0.000093500 0.000093400 0.000093200 0.000093100 0.000093400 0.000093100 
[8] 0.000094900 0.000093500 0.000093300 0.000093400 0.000093400 0.000093500 0.000093500 0.000093300 0.000093400 0.000093500 
[9] 0.000094600 0.000093500 0.000093300 0.000093500 0.000093400 0.000093500 0.000093300 0.000093300 0.000136900 0.000164900 
[AVERAGE] 0.000097406 s
[STANDARD DEVIATION] 0.000015289 s

FEN: r1bqk2r/ppp1nppp/2np4/2b1p1N1/2B1P3/3P4/PPP2PPP/RNBQK2R w KQkq - 2 6
        [0]         [1]         [2]         [3]         [4]         [5]         [6]         [7]         [8]         [9]
[0] 0.000252100 0.000142500 0.000140000 0.000138000 0.000137500 0.000136700 0.000137700 0.000136000 0.000135600 0.000135500 
[1] 0.000135300 0.000135200 0.000134800 0.000283400 0.000221300 0.000136500 0.000136400 0.000136700 0.000145700 0.000135200 
[2] 0.000135100 0.000134800 0.000134700 0.000134700 0.000134700 0.000134600 0.000136000 0.000134600 0.000134400 0.000134400 
[3] 0.000134300 0.000134700 0.000134400 0.000135800 0.000134300 0.000134300 0.000134300 0.000134500 0.000262500 0.000192300 
[4] 0.000209100 0.000134500 0.000134500 0.000134300 0.000134500 0.000134200 0.000136000 0.000134400 0.000134500 0.000134400 
[5] 0.000134100 0.000134000 0.000134200 0.000135800 0.000134000 0.000134000 0.000134200 0.000134200 0.000134100 0.000133900 
[6] 0.000134400 0.000135600 0.000134100 0.000134100 0.000134400 0.000134200 0.000134300 0.000134400 0.000135500 0.000134300 
[7] 0.000134200 0.000134300 0.000134500 0.000134500 0.000134100 0.000135300 0.000134400 0.000134200 0.000134300 0.000162600 
[8] 0.000291100 0.000166400 0.000208000 0.000134700 0.000134700 0.000134400 0.000134200 0.000134500 0.000135700 0.000134600 
[9] 0.000134600 0.000134100 0.000134500 0.000134500 0.000134800 0.000135800 0.000134400 0.000134900 0.000134400 0.000134700 
[AVERAGE] 0.000144071 s
[STANDARD DEVIATION] 0.000030280 s

FEN: 8/pK1p3p/7p/1P4N1/8/6k1/5r2/8 w - - 0 2
        [0]         [1]         [2]         [3]         [4]         [5]         [6]         [7]         [8]         [9]
[0] 0.000034300 0.000031400 0.000030700 0.000030300 0.000030300 0.000030300 0.000030100 0.000030200 0.000030100 0.000030300 
[1] 0.000030200 0.000030000 0.000030100 0.000031400 0.000030100 0.000030100 0.000030100 0.000030200 0.000030000 0.000030100 
[2] 0.000030200 0.000030100 0.000030200 0.000030100 0.000030200 0.000030100 0.000030100 0.000030200 0.000030100 0.000030000 
[3] 0.000030300 0.000030200 0.000030100 0.000030100 0.000030100 0.000030100 0.000030200 0.000030100 0.000030100 0.000030100 
[4] 0.000030000 0.000030100 0.000030100 0.000030100 0.000030200 0.000031300 0.000030100 0.000030100 0.000030200 0.000030000 
[5] 0.000030200 0.000030300 0.000030100 0.000030000 0.000030100 0.000030100 0.000030100 0.000030100 0.000030100 0.000029900 
[6] 0.000030100 0.000030100 0.000030100 0.000030200 0.000030100 0.000030200 0.000030200 0.000030100 0.000030100 0.000030100 
[7] 0.000030200 0.000030200 0.000030000 0.000030000 0.000030100 0.000030300 0.000030100 0.000030200 0.000031700 0.000030100 
[8] 0.000030000 0.000030100 0.000030000 0.000030100 0.000030200 0.000030200 0.000030100 0.000030100 0.000030200 0.000030200 
[9] 0.000030100 0.000030100 0.000058500 0.000046500 0.000071300 0.000060400 0.000058700 0.000030100 0.000029900 0.000058800 
[AVERAGE] 0.000031960 s
[STANDARD DEVIATION] 0.000007080 s

FEN: 8/1p4pk/p4b1p/4p3/1P2P1q1/P1R2NPn/7P/3Q1B1K b - - 0 2
        [0]         [1]         [2]         [3]         [4]         [5]         [6]         [7]         [8]         [9]
[0] 0.000813800 0.000535600 0.000526300 0.000526700 0.000525600 0.000525400 0.000524600 0.000525500 0.000526200 0.000668900 
[1] 0.000656900 0.000524000 0.000525000 0.000523900 0.000523900 0.000523700 0.000523800 0.000523400 0.000526000 0.000523700 
[2] 0.000740400 0.000583400 0.000524100 0.000526000 0.000522900 0.000525200 0.000524500 0.000920600 0.000527400 0.000524400 
[3] 0.000770500 0.000539100 0.000524700 0.000525400 0.000523000 0.000523900 0.000523600 0.000524400 0.000523400 0.000524500 
[4] 0.000524000 0.000861100 0.000524600 0.000522700 0.000525500 0.000524200 0.000524300 0.000525900 0.000524100 0.000561200 
[5] 0.000511500 0.000746600 0.000747900 0.000698400 0.000542200 0.000510500 0.000540800 0.000510300 0.000554400 0.000539400 
[6] 0.000511900 0.000717400 0.000601400 0.000552100 0.000509900 0.000540200 0.000528000 0.000523300 0.000525600 0.000523400 
[7] 0.000526100 0.000524900 0.000767000 0.000524600 0.000524100 0.000523900 0.000525200 0.000524200 0.000524200 0.000533500 
[8] 0.000524600 0.000729900 0.000770400 0.000523100 0.000526600 0.000522900 0.000524200 0.000523900 0.000525000 0.000524300 
[9] 0.000553500 0.000524000 0.000524500 0.000798200 0.000524500 0.000525300 0.000524300 0.000525000 0.000523500 0.000526200 
[AVERAGE] 0.000562887 s
[STANDARD DEVIATION] 0.000087796 s

FEN: 2r5/2P4R/p3kp1p/n3pNpP/4P1P1/8/3b1P2/6K1 w - - 0 2
        [0]         [1]         [2]         [3]         [4]         [5]         [6]         [7]         [8]         [9]
[0] 0.000038600 0.000034900 0.000033700 0.000033000 0.000032900 0.000032900 0.000032900 0.000033000 0.000032900 0.000032700 
[1] 0.000032900 0.000032700 0.000032800 0.000032700 0.000032800 0.000032900 0.000033900 0.000032900 0.000032800 0.000032800 
[2] 0.000032900 0.000032800 0.000032900 0.000032700 0.000032800 0.000032800 0.000032800 0.000032900 0.000032700 0.000032900 
[3] 0.000033000 0.000032800 0.000032800 0.000032700 0.000032700 0.000032700 0.000032900 0.000032700 0.000032700 0.000032700 
[4] 0.000032900 0.000032800 0.000032800 0.000044900 0.000032000 0.000046500 0.000031900 0.000031900 0.000032000 0.000032000 
[5] 0.000032100 0.000031900 0.000032000 0.000032000 0.000032200 0.000047100 0.000045900 0.000075900 0.000048500 0.000087200 
[6] 0.000047700 0.000058400 0.000032900 0.000048300 0.000061500 0.000060800 0.000062900 0.000032800 0.000045300 0.000031800 
[7] 0.000031900 0.000032000 0.000032000 0.000032100 0.000032000 0.000032100 0.000032000 0.000032000 0.000031900 0.000032000 
[8] 0.000031900 0.000032000 0.000031800 0.000032100 0.000031900 0.000032100 0.000032100 0.000032100 0.000031900 0.000032100 
[9] 0.000032000 0.000031900 0.000032000 0.000032000 0.000032000 0.000068700 0.000032000 0.000032200 0.000031900 0.000032000 
[AVERAGE] 0.000036162 s
[STANDARD DEVIATION] 0.000009893 s

FEN: r3k2r/5ppp/p2q2b1/1p2p3/5BP1/7P/PPP1QP2/R5K1 w kq - 0 2
        [0]         [1]         [2]         [3]         [4]         [5]         [6]         [7]         [8]         [9]
[0] 0.000102800 0.000096800 0.000093700 0.000092900 0.000092100 0.000091500 0.000091200 0.000091200 0.000120700 0.000091200 
[1] 0.000091500 0.000090800 0.000090700 0.000090700 0.000090900 0.000090700 0.000090700 0.000090500 0.000090400 0.000227100 
[2] 0.000189700 0.000190800 0.000105200 0.000091600 0.000091500 0.000106300 0.000104100 0.000090700 0.000090800 0.000090700 
[3] 0.000090900 0.000090500 0.000090600 0.000090800 0.000090600 0.000090500 0.000120100 0.000090700 0.000090500 0.000147200 
[4] 0.000194500 0.000134200 0.000164800 0.000148600 0.000090700 0.000090600 0.000090500 0.000090500 0.000090500 0.000090800 
[5] 0.000090700 0.000090300 0.000090600 0.000090700 0.000120200 0.000090600 0.000090700 0.000090500 0.000090700 0.000090600 
[6] 0.000090400 0.000090700 0.000090400 0.000090400 0.000105400 0.000105100 0.000090600 0.000090600 0.000090500 0.000090800 
[7] 0.000090500 0.000090300 0.000090600 0.000090500 0.000090500 0.000106700 0.000092800 0.000092900 0.000093000 0.000092900 
[8] 0.000093300 0.000093100 0.000093000 0.000093000 0.000092600 0.000092900 0.000094300 0.000092900 0.000092800 0.000092900 
[9] 0.000093000 0.000092900 0.000093000 0.000092900 0.000092700 0.000092800 0.000094100 0.000093000 0.000093000 0.000197100 
[AVERAGE] 0.000101041 s
[STANDARD DEVIATION] 0.000026084 s

FEN: 5bk1/pp3Qpn/3q4/4NpP1/2p2P2/7P/4K3/8 b - - 0 2
        [0]         [1]         [2]         [3]         [4]         [5]         [6]         [7]         [8]         [9]
[0] 0.000033100 0.000055700 0.000024300 0.000022600 0.000037200 0.000034800 0.000049400 0.000036000 0.000035700 0.000047300 
[1] 0.000020400 0.000020200 0.000020200 0.000020200 0.000020000 0.000020300 0.000020100 0.000020100 0.000021300 0.000020100 
[2] 0.000020100 0.000020100 0.000020100 0.000020100 0.000020100 0.000020000 0.000020000 0.000020100 0.000020000 0.000020100 
[3] 0.000020100 0.000020100 0.000020000 0.000019900 0.000019900 0.000020000 0.000020100 0.000020000 0.000020100 0.000020100 
[4] 0.000020100 0.000020100 0.000020000 0.000019800 0.000020100 0.000020000 0.000020000 0.000019900 0.000020000 0.000020100 
[5] 0.000020000 0.000020000 0.000020100 0.000020200 0.000020000 0.000020100 0.000019900 0.000020100 0.000020000 0.000019900 
[6] 0.000019900 0.000020000 0.000019900 0.000020100 0.000019900 0.000021400 0.000020100 0.000020100 0.000019900 0.000020000 
[7] 0.000020000 0.000020000 0.000020000 0.000020000 0.000020100 0.000020100 0.000020000 0.000020000 0.000020000 0.000019900 
[8] 0.000019900 0.000020000 0.000020000 0.000020000 0.000020000 0.000020100 0.000020000 0.000020000 0.000020000 0.000020000 
[9] 0.000020000 0.000020100 0.000020000 0.000020000 0.000020000 0.000019900 0.000019900 0.000020000 0.000020000 0.000020000 
[AVERAGE] 0.000021817 s
[STANDARD DEVIATION] 0.000006142 s

FEN: 3r1r1k/p4q1n/1p5p/2p1bp1n/P2p3N/8/1PPQ1B1P/1K1R2R1 w - - 0 2
        [0]         [1]         [2]         [3]         [4]         [5]         [6]         [7]         [8]         [9]
[0] 0.000171700 0.000164800 0.000160100 0.000158400 0.000157700 0.000156900 0.000156400 0.000157500 0.000156000 0.000155700 
[1] 0.000155300 0.000155300 0.000155200 0.000155100 0.000164600 0.000155500 0.000155700 0.000155600 0.000155100 0.000155000 
[2] 0.000156100 0.000284500 0.000212600 0.000240800 0.000155200 0.000268700 0.000289200 0.000365300 0.000239800 0.000169100 
[3] 0.000270400 0.000182800 0.000155900 0.000184200 0.000155300 0.000155400 0.000154900 0.000154800 0.000155000 0.000182700 
[4] 0.000155000 0.000154700 0.000154900 0.000154800 0.000155100 0.000216500 0.000307800 0.000360900 0.000267800 0.000207500 
[5] 0.000179600 0.000217800 0.000343600 0.000158000 0.000155600 0.000155000 0.000155100 0.000155500 0.000155000 0.000156200 
[6] 0.000155200 0.000154900 0.000155000 0.000154900 0.000155100 0.000183800 0.000240300 0.000364800 0.000279000 0.000214700 
[7] 0.000182800 0.000155200 0.000155200 0.000154700 0.000155000 0.000156400 0.000154800 0.000155100 0.000155100 0.000154900 
[8] 0.000155300 0.000278400 0.000246500 0.000317400 0.000225900 0.000277100 0.000199500 0.000157700 0.000157100 0.000157100 
[9] 0.000156300 0.000169200 0.000156400 0.000155600 0.000155700 0.000155700 0.000155300 0.000156900 0.000155300 0.000155200 
[AVERAGE] 0.000186372 s
[STANDARD DEVIATION] 0.000054489 s

FEN: r7/6kp/3pp1p1/8/4P3/5P2/5BPP/rR4K1 w - - 0 2
        [0]         [1]         [2]         [3]         [4]         [5]         [6]         [7]         [8]         [9]
[0] 0.000031000 0.000028400 0.000027300 0.000027100 0.000027000 0.000027000 0.000026900 0.000026900 0.000026800 0.000026800 
[1] 0.000026800 0.000026800 0.000026700 0.000026900 0.000026800 0.000026900 0.000057400 0.000055800 0.000056000 0.000054900 
[2] 0.000040800 0.000041600 0.000069500 0.000056200 0.000039600 0.000070000 0.000068600 0.000070300 0.000067300 0.000070700 
[3] 0.000068000 0.000053300 0.000026900 0.000057400 0.000082100 0.000051600 0.000044200 0.000042500 0.000053900 0.000056700 
[4] 0.000069500 0.000040000 0.000026900 0.000026800 0.000026800 0.000026800 0.000026700 0.000026800 0.000026800 0.000026800 
[5] 0.000026900 0.000027200 0.000027200 0.000043300 0.000056000 0.000056500 0.000043300 0.000029100 0.000057500 0.000028000 
[6] 0.000042000 0.000043400 0.000029600 0.000028800 0.000028500 0.000039100 0.000028700 0.000057100 0.000056500 0.000029600 
[7] 0.000028700 0.000071300 0.000042100 0.000028500 0.000040800 0.000027400 0.000069900 0.000053700 0.000026900 0.000044800 
[8] 0.000054700 0.000027600 0.000033000 0.000039900 0.000026800 0.000026700 0.000026900 0.000026800 0.000026800 0.000026800 
[9] 0.000026900 0.000027000 0.000027000 0.000026800 0.000026800 0.000026800 0.000026800 0.000026800 0.000026900 0.000026700 
[AVERAGE] 0.000039122 s
[STANDARD DEVIATION] 0.000015429 s

FEN: 2r1n1k1/1bq2pp1/p3p2p/8/1P1R1Q2/2N2P1P/1P3P2/1B4K1 b - - 0 2
        [0]         [1]         [2]         [3]         [4]         [5]         [6]         [7]         [8]         [9]
[0] 0.000655400 0.000643600 0.001239300 0.000714200 0.000780800 0.001090700 0.000785300 0.000772200 0.000880500 0.000715100 
[1] 0.000685700 0.000754200 0.000903800 0.000849300 0.000784500 0.000849900 0.000834900 0.000732600 0.000714100 0.000751600 
[2] 0.000809300 0.000782700 0.000798900 0.000680000 0.000731300 0.000716800 0.000691500 0.000752400 0.000826800 0.000754400 
[3] 0.000692600 0.000732200 0.000704300 0.000706900 0.000675800 0.000788600 0.000848900 0.000765500 0.000677000 0.000730600 
[4] 0.000732700 0.000888900 0.000926900 0.000843800 0.001035400 0.000909900 0.000703700 0.000728500 0.000757100 0.000824800 
[5] 0.000782100 0.000770600 0.000774100 0.000771000 0.000704200 0.000771900 0.000731100 0.000756700 0.000882800 0.000744400 
[6] 0.000787800 0.000787000 0.000717300 0.000729600 0.000774200 0.000908100 0.000736600 0.000691200 0.000768300 0.000849100 
[7] 0.000812900 0.000754400 0.000779100 0.000843300 0.000770100 0.000742400 0.000730500 0.000799100 0.000794700 0.000771900 
[8] 0.000848800 0.000814700 0.000773700 0.000755000 0.000715600 0.000730200 0.000769100 0.000812100 0.000892500 0.000840200 
[9] 0.000773100 0.000745000 0.000756500 0.000781800 0.000716100 0.000985600 0.000737800 0.000837800 0.000756500 0.000810800 
[AVERAGE] 0.000784453 s
[STANDARD DEVIATION] 0.000087721 s

FEN: 4rb2/5kp1/1p2p2p/5p2/1PP5/2Bq1NP1/5P1P/4R1K1 w - - 0 2
        [0]         [1]         [2]         [3]         [4]         [5]         [6]         [7]         [8]         [9]
[0] 0.000140100 0.000106100 0.000091700 0.000142200 0.000103800 0.000089900 0.000104400 0.000114700 0.000114800 0.000101800 
[1] 0.000100600 0.000086900 0.000088800 0.000085900 0.000086100 0.000085900 0.000125600 0.000133400 0.000170900 0.000137800 
[2] 0.000125700 0.000123200 0.000115800 0.000113000 0.000087100 0.000115000 0.000113600 0.000101000 0.000086500 0.000088300 
[3] 0.000098900 0.000085800 0.000085800 0.000112200 0.000125700 0.000141100 0.000098800 0.000085700 0.000085700 0.000115000 
[4] 0.000098600 0.000085600 0.000085600 0.000126400 0.000085700 0.000139700 0.000099600 0.000085700 0.000098400 0.000098900 
[5] 0.000085700 0.000085900 0.000085700 0.000098400 0.000098600 0.000098500 0.000085800 0.000086000 0.000098500 0.000087100 
[6] 0.000085600 0.000085600 0.000085500 0.000085500 0.000127100 0.000113800 0.000112400 0.000085500 0.000085800 0.000098600 
[7] 0.000086700 0.000085600 0.000085600 0.000085500 0.000098800 0.000102200 0.000087600 0.000098000 0.000100400 0.000116400 
[8] 0.000090700 0.000100300 0.000099000 0.000085400 0.000099500 0.000099500 0.000113100 0.000113300 0.000085900 0.000085600 
[9] 0.000100300 0.000085500 0.000085400 0.000085700 0.000085600 0.000098600 0.000127400 0.000099300 0.000099000 0.000112700 
[AVERAGE] 0.000100937 s
[STANDARD DEVIATION] 0.000017263 s

FEN: 6k1/5p2/6p1/8/7p/8/6PP/6K1 b - - 0 0
        [0]         [1]         [2]         [3]         [4]         [5]         [6]         [7]         [8]         [9]
[0] 0.000013100 0.000011200 0.000024800 0.000012400 0.000010800 0.000010600 0.000010700 0.000010700 0.000010700 0.000010700 
[1] 0.000010700 0.000010600 0.000010700 0.000010700 0.000010600 0.000010600 0.000010700 0.000010700 0.000010700 0.000010700 
[2] 0.000010700 0.000010700 0.000010700 0.000010600 0.000010700 0.000010700 0.000010600 0.000010700 0.000010700 0.000010700 
[3] 0.000010600 0.000010900 0.000010700 0.000010700 0.000010700 0.000010900 0.000010700 0.000023800 0.000010800 0.000010800 
[4] 0.000010600 0.000010700 0.000010700 0.000010700 0.000010800 0.000010800 0.000010600 0.000010600 0.000010700 0.000010600 
[5] 0.000010800 0.000010600 0.000024700 0.000010700 0.000010800 0.000010800 0.000010600 0.000010700 0.000010600 0.000010800 
[6] 0.000010700 0.000010600 0.000024200 0.000010600 0.000010700 0.000010700 0.000010600 0.000025000 0.000010600 0.000010700 
[7] 0.000010800 0.000010700 0.000010500 0.000010600 0.000024700 0.000010700 0.000010700 0.000010700 0.000010700 0.000010600 
[8] 0.000010600 0.000010800 0.000010700 0.000012300 0.000010900 0.000010800 0.000010600 0.000010700 0.000010700 0.000010600 
[9] 0.000010700 0.000010700 0.000010700 0.000010700 0.000010600 0.000010600 0.000010700 0.000010600 0.000010700 0.000010800 
[AVERAGE] 0.000011583 s
[STANDARD DEVIATION] 0.000003291 s

FEN: 3k4/2n2B2/1KP5/2B2p2/5b1p/7P/8/8 b - - 0 0
        [0]         [1]         [2]         [3]         [4]         [5]         [6]         [7]         [8]         [9]
[0] 0.000143600 0.000147100 0.000185100 0.000144200 0.000143100 0.000129800 0.000129200 0.000129100 0.000193400 0.000169400 
[1] 0.000200800 0.000142600 0.000128300 0.000155800 0.000145300 0.000144300 0.000184300 0.000161700 0.000142500 0.000128500 
[2] 0.000170000 0.000169100 0.000168300 0.000128200 0.000186400 0.000142400 0.000141600 0.000128400 0.000198700 0.000128100 
[3] 0.000143800 0.000128100 0.000127700 0.000141800 0.000142200 0.000154500 0.000168900 0.000142400 0.000128100 0.000127700 
[4] 0.000141200 0.000167800 0.000141500 0.000154600 0.000142400 0.000128000 0.000127800 0.000140900 0.000195000 0.000142200 
[5] 0.000181400 0.000156300 0.000169500 0.000147000 0.000145800 0.000159900 0.000204900 0.000155900 0.000128300 0.000141300 
[6] 0.000193200 0.000182300 0.000127600 0.000142500 0.000128000 0.000127800 0.000141700 0.000181200 0.000140800 0.000141100 
[7] 0.000129100 0.000128000 0.000127600 0.000167900 0.000140900 0.000141100 0.000153800 0.000142700 0.000127800 0.000128100 
[8] 0.000140700 0.000140800 0.000141600 0.000127500 0.000142700 0.000127700 0.000128000 0.000140800 0.000127300 0.000154800 
[9] 0.000127900 0.000143200 0.000142000 0.000188600 0.000147000 0.000165900 0.000155900 0.000129300 0.000171000 0.000128300 
[AVERAGE] 0.000148504 s
[STANDARD DEVIATION] 0.000020530 s

FEN: r7/4R2P/3p4/3k1K2/2p5/8/8/8 b - - 0 0
        [0]         [1]         [2]         [3]         [4]         [5]         [6]         [7]         [8]         [9]
[0] 0.000276100 0.000284200 0.000243500 0.000227600 0.000267200 0.000294600 0.000268800 0.000227300 0.000308300 0.000297200 
[1] 0.000240900 0.000226300 0.000265700 0.000265800 0.000228100 0.000226400 0.000265700 0.000268000 0.000380700 0.000390700 
[2] 0.000344300 0.000344600 0.000374200 0.000360100 0.000233700 0.000404600 0.000268000 0.000252500 0.000289800 0.000269600 
[3] 0.000241100 0.000226700 0.000301200 0.000305900 0.000266100 0.000250000 0.000309400 0.000332100 0.000253700 0.000336300 
[4] 0.000266600 0.000229000 0.000252700 0.000362600 0.000255000 0.000239200 0.000328600 0.000293900 0.000241300 0.000236300 
[5] 0.000281400 0.000294800 0.000239600 0.000248100 0.000292200 0.000266200 0.000226600 0.000249400 0.000348600 0.000271300 
[6] 0.000270300 0.000280300 0.000241000 0.000241400 0.000249800 0.000362300 0.000280100 0.000226400 0.000249000 0.000293800 
[7] 0.000240900 0.000226400 0.000247900 0.000295700 0.000241100 0.000226500 0.000289600 0.000278900 0.000228600 0.000225700 
[8] 0.000454200 0.000292000 0.000285900 0.000268300 0.000240200 0.000228500 0.000226300 0.000307700 0.000278200 0.000226800 
[9] 0.000249000 0.000332400 0.000240700 0.000226100 0.000248600 0.000280300 0.000324700 0.000324300 0.000379200 0.000379100 
[AVERAGE] 0.000278286 s
[STANDARD DEVIATION] 0.000048247 s

FEN: 8/8/5p2/1P1K1k2/8/2r5/8/7R w - - 0 0
        [0]         [1]         [2]         [3]         [4]         [5]         [6]         [7]         [8]         [9]
[0] 0.000047800 0.000032300 0.000018300 0.000031400 0.000018100 0.000018000 0.000031500 0.000044400 0.000044900 0.000018600 
[1] 0.000040900 0.000051000 0.000020700 0.000019500 0.000019100 0.000018900 0.000018700 0.000018600 0.000018700 0.000029400 
[2] 0.000047600 0.000034300 0.000046100 0.000037700 0.000032100 0.000018700 0.000018600 0.000018600 0.000018200 0.000031100 
[3] 0.000032800 0.000031300 0.000032000 0.000018700 0.000018600 0.000018600 0.000018700 0.000031800 0.000030700 0.000018200 
[4] 0.000031100 0.000045400 0.000018200 0.000018100 0.000018100 0.000032000 0.000018100 0.000031400 0.000031000 0.000032700 
[5] 0.000018600 0.000045900 0.000031800 0.000044600 0.000031500 0.000018300 0.000048100 0.000045600 0.000031900 0.000018100 
[6] 0.000031600 0.000018200 0.000044200 0.000031400 0.000044800 0.000031700 0.000031300 0.000031400 0.000018700 0.000018500 
[7] 0.000018600 0.000018700 0.000031800 0.000018600 0.000031400 0.000031500 0.000031500 0.000018700 0.000046900 0.000032100 
[8] 0.000018700 0.000018600 0.000032100 0.000032000 0.000018600 0.000032300 0.000018700 0.000018900 0.000018500 0.000018500 
[9] 0.000021600 0.000018600 0.000018600 0.000031500 0.000018500 0.000018600 0.000018500 0.000018600 0.000018500 0.000018600 
[AVERAGE] 0.000027358 s
[STANDARD DEVIATION] 0.000009899 s

FEN: 5n2/R7/4pk2/8/5PK1/8/8/8 b - - 0 0
        [0]         [1]         [2]         [3]         [4]         [5]         [6]         [7]         [8]         [9]
[0] 0.000024600 0.000021400 0.000019900 0.000019000 0.000018500 0.000018500 0.000018200 0.000018200 0.000018200 0.000018000 
[1] 0.000018200 0.000018000 0.000018100 0.000031100 0.000018200 0.000018000 0.000018000 0.000018000 0.000018100 0.000018100 
[2] 0.000018000 0.000018000 0.000018000 0.000018000 0.000045500 0.000031300 0.000018000 0.000018000 0.000018000 0.000031500 
[3] 0.000032700 0.000030800 0.000018000 0.000018000 0.000021500 0.000018100 0.000031400 0.000018100 0.000018100 0.000018100 
[4] 0.000018000 0.000018000 0.000018100 0.000018000 0.000018100 0.000017900 0.000018000 0.000018100 0.000017900 0.000018000 
[5] 0.000017900 0.000018000 0.000018000 0.000018000 0.000018100 0.000017900 0.000017900 0.000018100 0.000018200 0.000030800 
[6] 0.000018100 0.000031600 0.000018100 0.000018000 0.000018000 0.000018000 0.000030700 0.000017900 0.000031200 0.000018000 
[7] 0.000018000 0.000017900 0.000018000 0.000017900 0.000018000 0.000018000 0.000018000 0.000018000 0.000018000 0.000017900 
[8] 0.000018000 0.000034400 0.000018000 0.000018000 0.000018100 0.000018000 0.000018000 0.000018100 0.000018100 0.000018000 
[9] 0.000018100 0.000018100 0.000018000 0.000018000 0.000018000 0.000017900 0.000018000 0.000018100 0.000018000 0.000018000 
[AVERAGE] 0.000019966 s
[STANDARD DEVIATION] 0.000004986 s

FEN: 3Q4/8/1k6/7p/p1p4P/2q3PB/7K/8 b - - 0 0
        [0]         [1]         [2]         [3]         [4]         [5]         [6]         [7]         [8]         [9]
[0] 0.000102700 0.000134200 0.000147600 0.000119400 0.000106300 0.000095800 0.000105300 0.000092300 0.000092500 0.000105700 
[1] 0.000125400 0.000106900 0.000107300 0.000135100 0.000110300 0.000106100 0.000104800 0.000104100 0.000106200 0.000110100 
[2] 0.000092800 0.000131800 0.000118700 0.000108800 0.000092500 0.000092500 0.000092100 0.000092500 0.000106300 0.000093000 
[3] 0.000171800 0.000092800 0.000122700 0.000104900 0.000092300 0.000092100 0.000092400 0.000118400 0.000132600 0.000105200 
[4] 0.000092700 0.000092300 0.000095800 0.000092300 0.000092100 0.000092400 0.000092000 0.000133800 0.000119400 0.000105600 
[5] 0.000105700 0.000109100 0.000092300 0.000092500 0.000092200 0.000092300 0.000092400 0.000145000 0.000118200 0.000133100 
[6] 0.000138500 0.000104000 0.000091200 0.000091500 0.000145200 0.000122000 0.000107700 0.000119200 0.000137500 0.000131700 
[7] 0.000105700 0.000091300 0.000091300 0.000104400 0.000117100 0.000132400 0.000131300 0.000095700 0.000091300 0.000091100 
[8] 0.000091300 0.000091100 0.000091200 0.000116900 0.000143300 0.000130400 0.000117500 0.000153400 0.000106800 0.000092600 
[9] 0.000092200 0.000105400 0.000118600 0.000105000 0.000092300 0.000092100 0.000095400 0.000091100 0.000091200 0.000091000 
[AVERAGE] 0.000107944 s
[STANDARD DEVIATION] 0.000017923 s

FEN: 4q3/2R4P/5R2/1p6/p3k3/P7/KP6/8 b - - 0 0
        [0]         [1]         [2]         [3]         [4]         [5]         [6]         [7]         [8]         [9]
[0] 0.000358200 0.000434000 0.000336800 0.000444800 0.000339900 0.000405000 0.000512600 0.000363000 0.000389100 0.000352000 
[1] 0.000388900 0.000419400 0.000335100 0.000413600 0.000351600 0.000361300 0.000387500 0.000349000 0.000371700 0.000391000 
[2] 0.000391200 0.000435000 0.000391800 0.000360900 0.000363600 0.000333800 0.000414200 0.000415600 0.000346400 0.000387400 
[3] 0.000350900 0.000361600 0.000391200 0.000333000 0.000451600 0.000442400 0.000389300 0.000415800 0.000339000 0.000426600 
[4] 0.000352900 0.000359200 0.000386700 0.000349900 0.000386600 0.000361400 0.000338000 0.000401400 0.000364200 0.000361000 
[5] 0.000468100 0.000371200 0.000417700 0.000353900 0.000334000 0.000373900 0.000350300 0.000386400 0.000402200 0.000350900 
[6] 0.000400100 0.000405800 0.000361200 0.000387800 0.000362000 0.000399600 0.000419400 0.000471800 0.000419500 0.000357600 
[7] 0.000496700 0.000440000 0.000437200 0.000452300 0.000496500 0.000418300 0.000366500 0.000478900 0.000356100 0.000465400 
[8] 0.000377200 0.000414600 0.000428700 0.000352900 0.000490800 0.000422600 0.000405600 0.000454100 0.000366400 0.000449200 
[9] 0.000356400 0.000435700 0.000412500 0.000369100 0.000394300 0.000457800 0.000465500 0.000344400 0.000392600 0.000438600 
[AVERAGE] 0.000395374 s
[STANDARD DEVIATION] 0.000043206 s

FEN: R7/8/5rk1/5p2/1p5P/5KP1/P7/8 b - - 0 0
        [0]         [1]         [2]         [3]         [4]         [5]         [6]         [7]         [8]         [9]
[0] 0.000157900 0.000152800 0.000192200 0.000231000 0.000153900 0.000164300 0.000148800 0.000148700 0.000229500 0.000204300 
[1] 0.000167100 0.000149000 0.000148600 0.000175000 0.000230100 0.000165700 0.000165000 0.000148200 0.000162600 0.000184200 
[2] 0.000183900 0.000241500 0.000205300 0.000202400 0.000257900 0.000205700 0.000211200 0.000230200 0.000217800 0.000204700 
[3] 0.000195300 0.000190200 0.000149100 0.000175900 0.000230500 0.000181200 0.000192900 0.000148800 0.000148600 0.000189200 
[4] 0.000230900 0.000153200 0.000163600 0.000148800 0.000149000 0.000269600 0.000180000 0.000166400 0.000148600 0.000210000 
[5] 0.000185100 0.000211800 0.000213200 0.000205700 0.000182600 0.000247200 0.000248200 0.000168800 0.000153000 0.000152700 
[6] 0.000195000 0.000218300 0.000152700 0.000154100 0.000152900 0.000152900 0.000206400 0.000193500 0.000154700 0.000152800 
[7] 0.000152600 0.000152900 0.000209400 0.000193200 0.000154200 0.000152800 0.000152700 0.000180500 0.000180800 0.000153400 
[8] 0.000154100 0.000155000 0.000187100 0.000172400 0.000199400 0.000156100 0.000182700 0.000195800 0.000181900 0.000199300 
[9] 0.000154300 0.000153900 0.000155300 0.000152800 0.000152700 0.000166500 0.000166800 0.000152700 0.000154200 0.000152600 
[AVERAGE] 0.000179910 s
[STANDARD DEVIATION] 0.000029987 s

FEN: 3k4/5ppp/2q5/3p2r1/8/1Q3P2/P4P1P/3R3K w - - 0 1
        [0]         [1]         [2]         [3]         [4]         [5]         [6]         [7]         [8]         [9]
[0] 0.000033200 0.000029300 0.000027900 0.000027400 0.000027000 0.000026900 0.000026800 0.000026500 0.000026500 0.000026500 
[1] 0.000026700 0.000026600 0.000026600 0.000026500 0.000026500 0.000040300 0.000040000 0.000026400 0.000026600 0.000026400 
[2] 0.000026600 0.000026500 0.000026500 0.000026600 0.000026500 0.000028000 0.000026600 0.000026400 0.000026700 0.000026500 
[3] 0.000026500 0.000026500 0.000026600 0.000026500 0.000026600 0.000026600 0.000026600 0.000026400 0.000026400 0.000026500 
[4] 0.000026600 0.000026500 0.000026700 0.000026500 0.000026700 0.000026600 0.000026500 0.000026600 0.000041100 0.000039900 
[5] 0.000026800 0.000026600 0.000026500 0.000026400 0.000026700 0.000026600 0.000026700 0.000026500 0.000026500 0.000026500 
[6] 0.000027900 0.000026400 0.000026400 0.000026600 0.000026500 0.000026600 0.000026500 0.000026500 0.000026500 0.000026400 
[7] 0.000026500 0.000026600 0.000026500 0.000026400 0.000026500 0.000026400 0.000026500 0.000026800 0.000026600 0.000026600 
[8] 0.000026400 0.000026600 0.000026600 0.000041000 0.000026600 0.000040900 0.000040100 0.000041000 0.000026400 0.000026500 
[9] 0.000041000 0.000026400 0.000026500 0.000028200 0.000059600 0.000037700 0.000055000 0.000054900 0.000041200 0.000041900 
[AVERAGE] 0.000029284 s
[STANDARD DEVIATION] 0.000006611 s

FEN: 4R3/1k6/1p2P1p1/p7/4r3/1P1r4/1K6/2R5 w - - 0 0
        [0]         [1]         [2]         [3]         [4]         [5]         [6]         [7]         [8]         [9]
[0] 0.000027600 0.000023400 0.000020500 0.000018500 0.000020500 0.000019800 0.000022900 0.000018300 0.000012300 0.000026000 
[1] 0.000031000 0.000026700 0.000021300 0.000012600 0.000012200 0.000012200 0.000012200 0.000012200 0.000012300 0.000012300 
[2] 0.000025700 0.000012400 0.000025800 0.000012300 0.000012200 0.000026100 0.000012200 0.000012200 0.000012200 0.000012300 
[3] 0.000012200 0.000025700 0.000025600 0.000012300 0.000012600 0.000012200 0.000012400 0.000012200 0.000012300 0.000012200 
[4] 0.000012200 0.000012300 0.000012300 0.000012200 0.000012300 0.000012300 0.000012300 0.000012200 0.000012300 0.000012200 
[5] 0.000012200 0.000012300 0.000012200 0.000012200 0.000012200 0.000012300 0.000012200 0.000012200 0.000012200 0.000012200 
[6] 0.000012200 0.000012200 0.000012200 0.000012300 0.000012200 0.000012200 0.000012200 0.000012200 0.000012300 0.000012300 
[7] 0.000012200 0.000012400 0.000012300 0.000012200 0.000012400 0.000012200 0.000012200 0.000012200 0.000012200 0.000012300 
[8] 0.000026600 0.000025600 0.000012300 0.000012300 0.000012200 0.000012200 0.000012400 0.000012200 0.000012200 0.000012300 
[9] 0.000026500 0.000012300 0.000012200 0.000012400 0.000012300 0.000012300 0.000012200 0.000012100 0.000012200 0.000012200 
[AVERAGE] 0.000014646 s
[STANDARD DEVIATION] 0.000005003 s

FEN: 5k2/R7/3K4/4p3/5P2/8/8/5r2 w - - 0 0
        [0]         [1]         [2]         [3]         [4]         [5]         [6]         [7]         [8]         [9]
[0] 0.000017900 0.000015800 0.000016900 0.000014800 0.000014800 0.000014700 0.000014700 0.000014700 0.000014700 0.000014500 
[1] 0.000014700 0.000014700 0.000014700 0.000014700 0.000014700 0.000014700 0.000014800 0.000014600 0.000014600 0.000014600 
[2] 0.000014800 0.000014700 0.000014700 0.000014600 0.000014700 0.000014600 0.000014700 0.000014600 0.000014700 0.000014800 
[3] 0.000014700 0.000014700 0.000014600 0.000014700 0.000014700 0.000014600 0.000014600 0.000015000 0.000014700 0.000014600 
[4] 0.000014700 0.000014700 0.000014800 0.000041800 0.000014700 0.000028400 0.000014600 0.000028300 0.000014700 0.000028100 
[5] 0.000014800 0.000029100 0.000014600 0.000014600 0.000029200 0.000014700 0.000027500 0.000016200 0.000014900 0.000014800 
[6] 0.000014600 0.000014900 0.000014900 0.000014800 0.000014800 0.000014700 0.000014700 0.000015000 0.000015000 0.000015000 
[7] 0.000014700 0.000014700 0.000014600 0.000015000 0.000014700 0.000014700 0.000028800 0.000014700 0.000015000 0.000029100 
[8] 0.000014900 0.000028400 0.000014700 0.000014800 0.000014900 0.000015100 0.000029400 0.000033300 0.000036600 0.000018500 
[9] 0.000015000 0.000014800 0.000015800 0.000016000 0.000024600 0.000020900 0.000014900 0.000024300 0.000015200 0.000015200 
[AVERAGE] 0.000017210 s
[STANDARD DEVIATION] 0.000005603 s

FEN: 5k2/1R6/4p1p1/1pr3Pp/7P/1K6/8/8 w - - 0 0
        [0]         [1]         [2]         [3]         [4]         [5]         [6]         [7]         [8]         [9]
[0] 0.000015700 0.000014500 0.000026400 0.000013400 0.000012500 0.000013000 0.000012900 0.000012700 0.000029300 0.000012500 
[1] 0.000012600 0.000027300 0.000012400 0.000012300 0.000012400 0.000012400 0.000012900 0.000012300 0.000012400 0.000012400 
[2] 0.000012400 0.000013100 0.000012600 0.000012500 0.000012500 0.000012400 0.000012600 0.000012300 0.000012400 0.000012400 
[3] 0.000026100 0.000012600 0.000012700 0.000026000 0.000012500 0.000012400 0.000025900 0.000013000 0.000027200 0.000013400 
[4] 0.000012300 0.000012600 0.000012500 0.000012600 0.000012400 0.000012700 0.000012700 0.000012600 0.000012900 0.000012800 
[5] 0.000015700 0.000012400 0.000012600 0.000012300 0.000012400 0.000012300 0.000012300 0.000012500 0.000012600 0.000012500 
[6] 0.000012500 0.000012700 0.000012300 0.000012300 0.000025400 0.000012400 0.000012300 0.000012400 0.000012500 0.000012400 
[7] 0.000012300 0.000012400 0.000012400 0.000015100 0.000012400 0.000012300 0.000012300 0.000012300 0.000012300 0.000012400 
[8] 0.000012300 0.000012400 0.000012300 0.000012500 0.000012300 0.000012300 0.000012400 0.000012400 0.000012400 0.000012300 
[9] 0.000012300 0.000012300 0.000012400 0.000012300 0.000012200 0.000012400 0.000012300 0.000012400 0.000012600 0.000012400 
[AVERAGE] 0.000013736 s
[STANDARD DEVIATION] 0.000003882 s

FEN: 5k2/8/p7/4K1P1/P4R2/6r1/8/8 b - - 0 0
        [0]         [1]         [2]         [3]         [4]         [5]         [6]         [7]         [8]         [9]
[0] 0.000023800 0.000021300 0.000020800 0.000020900 0.000020600 0.000021200 0.000021100 0.000033900 0.000021000 0.000020700 
[1] 0.000020700 0.000020500 0.000020400 0.000034100 0.000034000 0.000033900 0.000020700 0.000020600 0.000020600 0.000033700 
[2] 0.000020700 0.000021100 0.000033800 0.000036100 0.000021100 0.000027100 0.000039900 0.000025800 0.000034600 0.000020600 
[3] 0.000021000 0.000020800 0.000020800 0.000020800 0.000021000 0.000020500 0.000020700 0.000020800 0.000020800 0.000033700 
[4] 0.000020500 0.000035200 0.000020700 0.000021100 0.000020800 0.000035400 0.000021000 0.000020600 0.000020600 0.000020800 
[5] 0.000035300 0.000020600 0.000035000 0.000020900 0.000021100 0.000020700 0.000033500 0.000020700 0.000020500 0.000020700 
[6] 0.000020500 0.000020600 0.000023000 0.000020500 0.000020800 0.000020500 0.000020600 0.000020500 0.000020600 0.000020400 
[7] 0.000020800 0.000020500 0.000020500 0.000020600 0.000020700 0.000020500 0.000020600 0.000020500 0.000020600 0.000020500 
[8] 0.000020700 0.000020700 0.000020600 0.000020500 0.000020600 0.000021200 0.000034600 0.000020800 0.000020900 0.000020700 
[9] 0.000020800 0.000020900 0.000020600 0.000020900 0.000020500 0.000020700 0.000020900 0.000034200 0.000020900 0.000034800 
[AVERAGE] 0.000023422 s
[STANDARD DEVIATION] 0.000005422 s

FEN: 8/8/8/p2r1k2/7p/PP1RK3/6P1/8 b - - 0 0
        [0]         [1]         [2]         [3]         [4]         [5]         [6]         [7]         [8]         [9]
[0] 0.000117500 0.000111800 0.000107900 0.000106800 0.000106700 0.000107300 0.000145800 0.000135400 0.000119900 0.000107500 
[1] 0.000105300 0.000106500 0.000107500 0.000106400 0.000135200 0.000135300 0.000162400 0.000148500 0.000107100 0.000105200 
[2] 0.000105500 0.000105400 0.000133700 0.000123200 0.000105000 0.000118800 0.000145700 0.000142200 0.000102300 0.000102200 
[3] 0.000158400 0.000145000 0.000203000 0.000138800 0.000148500 0.000134500 0.000142800 0.000121200 0.000107200 0.000171800 
[4] 0.000145100 0.000102300 0.000102100 0.000102300 0.000114900 0.000146900 0.000187200 0.000133000 0.000175800 0.000181300 
[5] 0.000102200 0.000131800 0.000145600 0.000174700 0.000148600 0.000240400 0.000159800 0.000174400 0.000190000 0.000149500 
[6] 0.000186100 0.000160300 0.000114300 0.000142000 0.000193000 0.000175900 0.000183600 0.000140600 0.000180700 0.000179500 
[7] 0.000181200 0.000182400 0.000116800 0.000111600 0.000138900 0.000172100 0.000172400 0.000128600 0.000101100 0.000214400 
[8] 0.000184000 0.000244800 0.000187800 0.000147500 0.000174100 0.000184400 0.000224300 0.000105500 0.000185300 0.000124100 
[9] 0.000134200 0.000106000 0.000119000 0.000105600 0.000136300 0.000133100 0.000133000 0.000158800 0.000141200 0.000102200 
[AVERAGE] 0.000142558 s
[STANDARD DEVIATION] 0.000033996 s

FEN: 8/8/8/1P4p1/5k2/5p2/P6K/8 b - - 0 0
        [0]         [1]         [2]         [3]         [4]         [5]         [6]         [7]         [8]         [9]
[0] 0.000018900 0.000018100 0.000017600 0.000017400 0.000017500 0.000017400 0.000017400 0.000017400 0.000017300 0.000017300 
[1] 0.000017500 0.000017500 0.000028300 0.000017500 0.000030500 0.000043400 0.000031100 0.000017900 0.000018000 0.000017900 
[2] 0.000043400 0.000018000 0.000017900 0.000031600 0.000017800 0.000017800 0.000030800 0.000017900 0.000017800 0.000018000 
[3] 0.000017800 0.000019300 0.000030300 0.000017500 0.000017500 0.000017400 0.000017500 0.000017600 0.000017500 0.000017400 
[4] 0.000017400 0.000017400 0.000017400 0.000017400 0.000017400 0.000017400 0.000017500 0.000017400 0.000017300 0.000017400 
[5] 0.000017500 0.000017400 0.000017500 0.000017400 0.000017300 0.000017300 0.000017500 0.000017400 0.000017400 0.000026200 
[6] 0.000030700 0.000045600 0.000191900 0.000032400 0.000036100 0.000068100 0.000039700 0.000046000 0.000026300 0.000029200 
[7] 0.000028400 0.000028900 0.000030100 0.000036800 0.000017900 0.000044500 0.000018000 0.000017900 0.000018000 0.000017900 
[8] 0.000018000 0.000017900 0.000017900 0.000018000 0.000017900 0.000018000 0.000017900 0.000056500 0.000018600 0.000017900 
[9] 0.000031500 0.000017800 0.000031200 0.000017900 0.000017900 0.000031400 0.000017900 0.000017900 0.000017900 0.000017900 
[AVERAGE] 0.000024359 s
[STANDARD DEVIATION] 0.000019331 s

FEN: 3b2k1/1p3p2/p1p5/2P4p/1P2P1p1/5p2/5P2/4RK2 w - - 0 0
        [0]         [1]         [2]         [3]         [4]         [5]         [6]         [7]         [8]         [9]
[0] 0.000030600 0.000028200 0.000026700 0.000040700 0.000029400 0.000026000 0.000025800 0.000025800 0.000025900 0.000025900 
[1] 0.000025900 0.000026000 0.000025800 0.000025800 0.000025800 0.000025600 0.000025700 0.000026000 0.000025800 0.000025700 
[2] 0.000025900 0.000025800 0.000025900 0.000053300 0.000025900 0.000052800 0.000039300 0.000025800 0.000025800 0.000025700 
[3] 0.000025800 0.000039600 0.000039100 0.000025800 0.000039300 0.000025900 0.000025900 0.000025800 0.000025900 0.000025900 
[4] 0.000026000 0.000025800 0.000025700 0.000026000 0.000025900 0.000025800 0.000025800 0.000025800 0.000025800 0.000025800 
[5] 0.000025900 0.000026000 0.000025800 0.000025800 0.000025700 0.000036000 0.000039400 0.000025800 0.000025700 0.000025700 
[6] 0.000052700 0.000025800 0.000025900 0.000039300 0.000025800 0.000025900 0.000025900 0.000025900 0.000039100 0.000025800 
[7] 0.000027100 0.000038900 0.000025900 0.000025800 0.000025800 0.000025900 0.000025800 0.000025900 0.000025800 0.000025700 
[8] 0.000025900 0.000025900 0.000025900 0.000025900 0.000025800 0.000025900 0.000025800 0.000025800 0.000025800 0.000038100 
[9] 0.000039200 0.000026600 0.000026400 0.000025800 0.000025900 0.000026000 0.000025700 0.000026100 0.000026300 0.000026100 
[AVERAGE] 0.000028381 s
[STANDARD DEVIATION] 0.000006077 s

FEN: 5k2/3R4/2K1p1p1/4P1P1/5P2/8/3r4/8 b - - 0 0
        [0]         [1]         [2]         [3]         [4]         [5]         [6]         [7]         [8]         [9]
[0] 0.000131800 0.000141000 0.000144500 0.000139000 0.000174100 0.000134500 0.000076300 0.000074300 0.000073800 0.000089200 
[1] 0.000072400 0.000072300 0.000072000 0.000071700 0.000071900 0.000071900 0.000292800 0.000183800 0.000249900 0.000078900 
[2] 0.000075200 0.000084700 0.000138000 0.000086000 0.000072800 0.000075000 0.000072500 0.000085000 0.000084300 0.000070500 
[3] 0.000070700 0.000070100 0.000070700 0.000071100 0.000071700 0.000087200 0.000073900 0.000074500 0.000076200 0.000072600 
[4] 0.000086000 0.000084900 0.000070900 0.000071500 0.000071600 0.000070600 0.000072100 0.000070700 0.000103300 0.000074700 
[5] 0.000074000 0.000077200 0.000073300 0.000087000 0.000085400 0.000071900 0.000071600 0.000071800 0.000070700 0.000070400 
[6] 0.000085800 0.000087700 0.000074100 0.000077900 0.000073000 0.000073100 0.000087200 0.000084500 0.000071100 0.000071200 
[7] 0.000071400 0.000070200 0.000071000 0.000086700 0.000088900 0.000073900 0.000077200 0.000073300 0.000073200 0.000087000 
[8] 0.000084800 0.000071500 0.000071100 0.000071100 0.000101500 0.000257200 0.000145400 0.000127600 0.000082300 0.000109400 
[9] 0.000086600 0.000071600 0.000071400 0.000071300 0.000131500 0.000072600 0.000072300 0.000072100 0.000072400 0.000075000 
[AVERAGE] 0.000090055 s
[STANDARD DEVIATION] 0.000038848 s

FEN: 6k1/6pp/5p2/8/5P2/P7/2K4P/8 b - - 0 0
        [0]         [1]         [2]         [3]         [4]         [5]         [6]         [7]         [8]         [9]
[0] 0.000023000 0.000020800 0.000028400 0.000034200 0.000019800 0.000019300 0.000032400 0.000018900 0.000018900 0.000018900 
[1] 0.000018900 0.000018700 0.000018700 0.000019000 0.000018900 0.000019300 0.000018600 0.000018900 0.000019000 0.000018800 
[2] 0.000018800 0.000019200 0.000055700 0.000033100 0.000019800 0.000019600 0.000019400 0.000019300 0.000019600 0.000019800 
[3] 0.000019400 0.000019800 0.000019600 0.000019500 0.000019400 0.000019400 0.000019500 0.000019600 0.000020100 0.000019900 
[4] 0.000020700 0.000022700 0.000029200 0.000034200 0.000031900 0.000018800 0.000018700 0.000018700 0.000019000 0.000018800 
[5] 0.000018900 0.000018800 0.000018900 0.000018900 0.000018900 0.000018900 0.000018700 0.000018800 0.000019100 0.000019000 
[6] 0.000018600 0.000018900 0.000018700 0.000019000 0.000018800 0.000019200 0.000018800 0.000070800 0.000019600 0.000019400 
[7] 0.000019600 0.000019300 0.000019900 0.000019200 0.000019700 0.000019200 0.000019600 0.000019500 0.000019400 0.000019300 
[8] 0.000019200 0.000019200 0.000025300 0.000036400 0.000019500 0.000020200 0.000019400 0.000048100 0.000031800 0.000032000 
[9] 0.000018700 0.000018900 0.000019200 0.000031100 0.000018200 0.000018400 0.000018600 0.000018200 0.000018200 0.000018300 
[AVERAGE] 0.000021909 s
[STANDARD DEVIATION] 0.000007813 s

FEN: 8/3R4/8/r3N2p/P1Pp1P2/2k2K1P/3r4/8 w - - 0 0
        [0]         [1]         [2]         [3]         [4]         [5]         [6]         [7]         [8]         [9]
[0] 0.000040500 0.000035400 0.000033300 0.000068800 0.000075100 0.000033300 0.000033200 0.000066400 0.000047700 0.000032300 
[1] 0.000045700 0.000065400 0.000091200 0.000073100 0.000073800 0.000073300 0.000072100 0.000044700 0.000046700 0.000045900 
[2] 0.000050200 0.000045300 0.000060400 0.000032100 0.000059700 0.000060200 0.000046000 0.000032200 0.000034000 0.000032400 
[3] 0.000073700 0.000032300 0.000057500 0.000030500 0.000030500 0.000146600 0.000094600 0.000081200 0.000039500 0.000036200 
[4] 0.000034500 0.000088900 0.000101700 0.000086100 0.000090600 0.000087700 0.000087600 0.000074000 0.000070700 0.000056800 
[5] 0.000031400 0.000044500 0.000045600 0.000056400 0.000059100 0.000047300 0.000032200 0.000032400 0.000032100 0.000045600 
[6] 0.000032400 0.000060400 0.000031200 0.000031300 0.000031300 0.000031300 0.000031200 0.000031500 0.000031200 0.000031300 
[7] 0.000031400 0.000031100 0.000031200 0.000031400 0.000031400 0.000031300 0.000031300 0.000031400 0.000045900 0.000046100 
[8] 0.000076500 0.000032800 0.000060000 0.000031500 0.000059800 0.000032500 0.000073500 0.000073600 0.000060300 0.000045600 
[9] 0.000032000 0.000032300 0.000058300 0.000031600 0.000046400 0.000045600 0.000044500 0.000031300 0.000031200 0.000058500 
[AVERAGE] 0.000050216 s
[STANDARD DEVIATION] 0.000021551 s

FEN: 6k1/8/6r1/8/5b2/2PR4/4K3/8 w - - 0 0        [0]         [1]         [2]         [3]         [4]         [5]         [6]         [7]         [8]         [9]
[0] 0.000080000 0.000049800 0.000034900 0.000062100 0.000034000 0.000063500 0.000062000 0.000033800 0.000047000 0.000034300 
[1] 0.000033800 0.000033800 0.000033700 0.000033700 0.000033800 0.000033600 0.000033700 0.000034200 0.000034400 0.000034800 
[2] 0.000033900 0.000034400 0.000057600 0.000060800 0.000060300 0.000059800 0.000060600 0.000081400 0.000125100 0.000067500 
[3] 0.000078000 0.000063800 0.000081400 0.000034100 0.000033400 0.000033300 0.000033200 0.000033200 0.000076500 0.000061900 
[4] 0.000074600 0.000047500 0.000047500 0.000048300 0.000038800 0.000062200 0.000033600 0.000047300 0.000047700 0.000033700 
[5] 0.000061700 0.000100900 0.000056100 0.000052400 0.000040400 0.000089100 0.000074300 0.000079200 0.000088500 0.000070900 
[6] 0.000109400 0.000052900 0.000058700 0.000059300 0.000057800 0.000057300 0.000059000 0.000053600 0.000087500 0.000113800 
[7] 0.000133000 0.000142000 0.000150700 0.000132000 0.000149100 0.000063800 0.000139700 0.000081800 0.000107200 0.000120800 
[8] 0.000105300 0.000106300 0.000062900 0.000062500 0.000063600 0.000064000 0.000064000 0.000102300 0.000118900 0.000052400 
[9] 0.000139300 0.000146000 0.000094300 0.000079000 0.000064500 0.000065800 0.000058100 0.000061100 0.000083400 0.000128800 
[AVERAGE] 0.000068577 s
[STANDARD DEVIATION] 0.000032136 s

----------------------------------- AVERAGES ------------------------------------------


---------- REGULAR POSITIONS ----------

    [AVERAGE (s)]    [STANDARD DEVIATION (s)]
 [0] 0.000100018          0.000016030
 [1] 0.000125743          0.000024875
 [2] 0.000131923          0.000022610
 [3] 0.000134797          0.000023677
 [4] 0.000086762          0.000020993
 [5] 0.001337695          0.000125352
 [6] 0.001422747          0.000129219
 [7] 0.000800023          0.000083983
 [8] 0.000988994          0.000106831
 [9] 0.000955200          0.000135162
[10] 0.000884302          0.000087211
[11] 0.000547808          0.000098670
[12] 0.000153695          0.000025361
[13] 0.000077166          0.000022638
[14] 0.000140121          0.000026353
[15] 0.000058356          0.000022921
[16] 0.000178836          0.000032856
[17] 0.000876462          0.000125902
[18] 0.000183015          0.000044062
[19] 0.000944921          0.000174964

---------- TACTICAL POSITINOS ----------

    [AVERAGE (s)]    [STANDARD DEVIATION (s)]
 [0] 0.000247335          0.000064699
 [1] 0.000147068          0.000023855
 [2] 0.000043510          0.000011557
 [3] 0.001210042          0.000130707
 [4] 0.000128184          0.000029779
 [5] 0.000025074          0.000001343
 [6] 0.000012480          0.000000699
 [7] 0.000128987          0.000028061
 [8] 0.000016547          0.000005204
 [9] 0.000097406          0.000015289
[10] 0.000144071          0.000030280
[11] 0.000031960          0.000007080
[12] 0.000562887          0.000087796
[13] 0.000036162          0.000009893
[14] 0.000101041          0.000026084
[15] 0.000021817          0.000006142
[16] 0.000186372          0.000054489
[17] 0.000039122          0.000015429
[18] 0.000784453          0.000087721
[19] 0.000100937          0.000017263

---------- SMALL POSITIONS ----------

    [AVERAGE (s)]    [STANDARD DEVIATION (s)]
 [0] 0.000011583          0.000003291
 [1] 0.000148504          0.000020530
 [2] 0.000278286          0.000048247
 [3] 0.000027358          0.000009899
 [4] 0.000019966          0.000004986
 [5] 0.000107944          0.000017923
 [6] 0.000395374          0.000043206
 [7] 0.000179910          0.000029987
 [8] 0.000029284          0.000006611
 [9] 0.000014646          0.000005003
[10] 0.000017210          0.000005603
[11] 0.000013736          0.000003882
[12] 0.000023422          0.000005422
[13] 0.000142558          0.000033996
[14] 0.000024359          0.000019331
[15] 0.000028381          0.000006077
[16] 0.000090055          0.000038848
[17] 0.000021909          0.000007813
[18] 0.000050216          0.000021551
[19] 0.000068577          0.000032136


----------------------------------- AVERAGES ------------------------------------------





---------- SUMMARY ----------

0.000100018 0.000125743 0.000131923 0.000134797 0.000086762 0.001337695 0.001422747 0.000800023 0.000988994 0.000955200 0.000884302 0.000547808 0.000153695 0.000077166 0.000140121 0.000058356 0.000178836 0.000876462 0.000183015 0.000944921 
0.000247335 0.000147068 0.000043510 0.001210042 0.000128184 0.000025074 0.000012480 0.000128987 0.000016547 0.000097406 0.000144071 0.000031960 0.000562887 0.000036162 0.000101041 0.000021817 0.000186372 0.000039122 0.000784453 0.000100937 
0.000011583 0.000148504 0.000278286 0.000027358 0.000019966 0.000107944 0.000395374 0.000179910 0.000029284 0.000014646 0.000017210 0.000013736 0.000023422 0.000142558 0.000024359 0.000028381 0.000090055 0.000021909 0.000050216 0.000068577 
0.000083885 0.000047224 0.000023182 
