FEN: rn1q1rk1/pbp2pp1/1p2pb1p/3p4/2PP4/2N1PN2/PP2BPPP/R2QK2R w KQ - 0 10
        [0]         [1]         [2]         [3]         [4]         [5]         [6]         [7]         [8]         [9]
[0] 0.038571100 0.036170300 0.035681300 0.036717300 0.035326700 0.034713200 0.034605600 0.034736500 0.034632200 0.035025800 
[1] 0.034680300 0.034888900 0.038220800 0.040959400 0.042614200 0.042772700 0.045499000 0.046503300 0.044251500 0.041761900 
[2] 0.036226700 0.035387800 0.040285100 0.041754700 0.042153000 0.043884000 0.043863800 0.038126600 0.035236300 0.034713800 
[3] 0.041943700 0.041370800 0.038928900 0.036642200 0.037889700 0.040775700 0.039814600 0.038973900 0.039228700 0.040457200 
[4] 0.043466800 0.043702600 0.036909700 0.036158400 0.042032100 0.059461100 0.048531400 0.037792000 0.035619000 0.035541600 
[5] 0.036041600 0.048900300 0.034943400 0.035051800 0.034978300 0.034785400 0.034765000 0.035088800 0.037450500 0.035905600 
[6] 0.035122100 0.040159400 0.042993100 0.043341000 0.048750100 0.093877600 0.061878900 0.049273600 0.039624400 0.047712500 
[7] 0.037548200 0.036112500 0.035374400 0.035263500 0.034627500 0.034923000 0.035672100 0.035134700 0.034715300 0.034536500 
[8] 0.035392300 0.035012200 0.036989300 0.035015000 0.036177100 0.036629800 0.035004100 0.034786400 0.035165200 0.034757900 
[9] 0.034695400 0.034865700 0.035010600 0.034792900 0.034671900 0.034582100 0.036759800 0.043035900 0.041072900 0.036826600 
[AVERAGE] 0.039209981 s
[STANDARD DEVIATION] 0.007454151 s

FEN: rn1q1rk1/pp2ppbp/2p3p1/3p1b2/2PPn3/1P3NP1/P2NPPBP/R1BQ1RK1 w - - 1 9
        [0]         [1]         [2]         [3]         [4]         [5]         [6]         [7]         [8]         [9]
[0] 0.027446600 0.027043000 0.027184700 0.026749500 0.029536400 0.027666000 0.027471400 0.027099200 0.026796400 0.027125800 
[1] 0.027106200 0.027896000 0.026948800 0.028537700 0.027272000 0.026939200 0.027145900 0.027137500 0.028630300 0.027113500 
[2] 0.027584600 0.027157200 0.026950300 0.026780000 0.027120300 0.027015000 0.027104100 0.026822300 0.027044900 0.027224400 
[3] 0.026739200 0.028486300 0.027911700 0.027053300 0.044841400 0.030476900 0.031009200 0.031167700 0.034251700 0.032431500 
[4] 0.033149700 0.030469000 0.031171800 0.028636200 0.032859600 0.027027600 0.027128900 0.028365500 0.027973400 0.027047000 
[5] 0.027120500 0.029384200 0.027145500 0.026954000 0.027079200 0.028776400 0.027014400 0.027155200 0.027138900 0.026768400 
[6] 0.027214300 0.027151700 0.027814700 0.026921700 0.027107200 0.028558700 0.027478200 0.027309300 0.026818300 0.027072000 
[7] 0.026878100 0.027028200 0.027157400 0.027066500 0.028557700 0.027469300 0.027162300 0.027783700 0.026937600 0.027291400 
[8] 0.027150700 0.026978000 0.026788900 0.026907300 0.029086200 0.027148100 0.027191600 0.027143300 0.027150000 0.026940500 
[9] 0.026990600 0.027063100 0.027129700 0.028605700 0.028624800 0.027398600 0.032896600 0.031207500 0.030999300 0.035018900 
[AVERAGE] 0.028175812 s
[STANDARD DEVIATION] 0.002430024 s

FEN: 1rbq1rk1/pp2ppbp/2n2np1/2pp4/5P2/N1PP1NP1/PP2P1BP/R1BQ1RK1 w - - 3 9
        [0]         [1]         [2]         [3]         [4]         [5]         [6]         [7]         [8]         [9]
[0] 0.049151200 0.109438000 0.087840100 0.058816600 0.056248300 0.060194900 0.057444200 0.050940300 0.055224300 0.051519500 
[1] 0.055446800 0.059740600 0.052557100 0.050603800 0.055849700 0.051124000 0.055966800 0.052563900 0.052464600 0.052648500 
[2] 0.051530200 0.052898500 0.049931700 0.051829200 0.049109600 0.044566800 0.043447900 0.044025900 0.048270300 0.047607500 
[3] 0.048548500 0.050344300 0.046581600 0.049355300 0.056016800 0.050766800 0.051133400 0.047609500 0.044942300 0.047919500 
[4] 0.049354900 0.047596700 0.049442100 0.047616300 0.054705000 0.049711300 0.044638300 0.048375200 0.044347200 0.042925100 
[5] 0.042116200 0.041071300 0.043832300 0.041021300 0.041056800 0.041240200 0.041828200 0.042652800 0.042803300 0.041529400 
[6] 0.042141500 0.041486400 0.041228300 0.041167500 0.041258500 0.040920600 0.046937500 0.049666200 0.048366200 0.046931200 
[7] 0.049754000 0.047520000 0.045460500 0.042976200 0.045080100 0.043221800 0.043742500 0.046064500 0.042735900 0.042469200 
[8] 0.044027600 0.047277800 0.046912500 0.047504800 0.045840000 0.044686100 0.045309300 0.043211400 0.043609200 0.041614500 
[9] 0.043019900 0.049936900 0.045437800 0.043877200 0.049882000 0.048359000 0.045283000 0.047471100 0.042902300 0.046922700 
[AVERAGE] 0.048522964 s
[STANDARD DEVIATION] 0.008698929 s

FEN: r2qkb1r/pp1n1ppp/2p2n2/3pp3/6b1/3P1NP1/PPPNPPBP/R1BQ1RK1 w kq - 0 7
        [0]         [1]         [2]         [3]         [4]         [5]         [6]         [7]         [8]         [9]
[0] 0.031963300 0.031682800 0.033788400 0.030256500 0.030699500 0.032153000 0.032425400 0.031113900 0.032244000 0.031399700 
[1] 0.030335200 0.028265700 0.029697800 0.028011800 0.029789600 0.028345300 0.028033800 0.027574200 0.027811000 0.027679000 
[2] 0.030489200 0.027721000 0.027512500 0.027781700 0.027781000 0.028324400 0.028441800 0.028076400 0.027680500 0.028063600 
[3] 0.028580700 0.027832700 0.027475100 0.029036200 0.029532900 0.028688600 0.028083900 0.027877700 0.027452400 0.027957400 
[4] 0.028740800 0.027820500 0.027459800 0.027577600 0.027603000 0.027911300 0.027967700 0.027505400 0.027725500 0.027863200 
[5] 0.027708900 0.027499400 0.027725300 0.027833600 0.027746900 0.027641500 0.027502200 0.027693900 0.027819600 0.027956100 
[6] 0.027439900 0.028181600 0.027675100 0.028586500 0.027823700 0.027341100 0.027670400 0.027737500 0.027797700 0.030151900 
[7] 0.027483100 0.027843500 0.027741800 0.027894300 0.027453800 0.027695900 0.027673100 0.028559000 0.027982400 0.027578800 
[8] 0.027735400 0.027792300 0.027679100 0.027696000 0.027638500 0.027807500 0.027683900 0.027697400 0.027523300 0.027704700 
[9] 0.027765100 0.027771200 0.027465300 0.027888400 0.027722000 0.027692500 0.027702000 0.027539000 0.027832600 0.027746400 
[AVERAGE] 0.028353555 s
[STANDARD DEVIATION] 0.001321624 s

FEN: rnbqkb1r/pp3pp1/2p1pn1p/8/2pP3B/2N2N2/PP2PPPP/R2QKB1R w KQkq - 0 7
        [0]         [1]         [2]         [3]         [4]         [5]         [6]         [7]         [8]         [9]
[0] 0.039798500 0.039856300 0.040134800 0.039720700 0.040090000 0.039638200 0.040167500 0.039891600 0.040046700 0.039812900 
[1] 0.040203000 0.039998900 0.041789700 0.040394300 0.044566400 0.046389300 0.047932700 0.046372100 0.046332400 0.046339900 
[2] 0.046185900 0.046684400 0.046918100 0.047090200 0.047671000 0.046271500 0.045713300 0.044485200 0.042657800 0.040602300 
[3] 0.039723400 0.040129200 0.039757500 0.040188200 0.039692200 0.039979300 0.040401600 0.039826200 0.040151400 0.039752500 
[4] 0.040728500 0.040993800 0.040474200 0.041968000 0.043903500 0.041277800 0.040409000 0.039743800 0.040517900 0.048655800 
[5] 0.046316900 0.047620700 0.047013500 0.048430600 0.057259500 0.051066400 0.048925100 0.045617400 0.045433900 0.046017200 
[6] 0.044454900 0.044536300 0.046640200 0.049055900 0.046477900 0.046116800 0.046282500 0.045790800 0.043228400 0.046399600 
[7] 0.045187900 0.041174300 0.040397200 0.042998400 0.041607700 0.048807900 0.044962200 0.040290400 0.040190500 0.046777000 
[8] 0.052206400 0.052300700 0.051774800 0.049467600 0.050563200 0.052955000 0.052859900 0.057852300 0.056437600 0.056306800 
[9] 0.053170700 0.053972900 0.050117900 0.047392200 0.044572700 0.045738300 0.046931400 0.047420800 0.045098200 0.045048500 
[AVERAGE] 0.044992953 s
[STANDARD DEVIATION] 0.004615919 s

FEN: r3k2r/pppqb1pp/2np1n2/4p2b/P1B1P3/2N1BN1P/1PP2PP1/R2Q1RK1 b kq - 0 11
        [0]         [1]         [2]         [3]         [4]         [5]         [6]         [7]         [8]         [9]
[0] 0.105309600 0.100164500 0.095958600 0.103560400 0.098030500 0.130504700 0.126560900 0.113043000 0.091385900 0.091599000 
[1] 0.091248400 0.090964400 0.094120900 0.090854200 0.091998600 0.091685000 0.091235000 0.091004800 0.093616700 0.091103000 
[2] 0.090739200 0.090623300 0.093995900 0.094621900 0.091857400 0.091147300 0.091459400 0.090988700 0.090749700 0.095779100 
[3] 0.096268600 0.092223300 0.095517300 0.095294700 0.096292700 0.091661600 0.094040200 0.092550300 0.092618600 0.125796200 
[4] 0.104462200 0.100979700 0.093792700 0.093873800 0.090932000 0.096262900 0.092622600 0.096092700 0.094478600 0.092564500 
[5] 0.090718400 0.091052300 0.090781400 0.099029500 0.105010900 0.094784200 0.090821100 0.091758200 0.091968300 0.092788500 
[6] 0.093125500 0.091294300 0.090860500 0.091221600 0.090991400 0.092249000 0.092045200 0.090860100 0.090822400 0.091007700 
[7] 0.090955700 0.092358100 0.094774900 0.091346200 0.090942700 0.100401100 0.101737400 0.099835700 0.097914000 0.097149300 
[8] 0.091443900 0.095004900 0.097159000 0.102126700 0.111041800 0.104694500 0.095892300 0.099014600 0.099063900 0.097040300 
[9] 0.097282800 0.094609600 0.095461400 0.096046400 0.091237200 0.091056700 0.091423300 0.090827400 0.093521900 0.102100400 
[AVERAGE] 0.095708898 s
[STANDARD DEVIATION] 0.007227691 s

FEN: r3k2r/1ppqb1pp/p1np1n2/4p2b/P1B1P3/2N1BN1P/1PP2PP1/R2QR1K1 b kq - 1 12
        [0]         [1]         [2]         [3]         [4]         [5]         [6]         [7]         [8]         [9]
[0] 0.099187900 0.098321800 0.098430300 0.099665800 0.099776800 0.098631100 0.098823400 0.098516300 0.098497100 0.098884200 
[1] 0.101730900 0.099726700 0.098998900 0.098375500 0.102470000 0.101176800 0.098810400 0.098837000 0.098466100 0.098888700 
[2] 0.098899600 0.098854800 0.099083800 0.098491500 0.098563500 0.099012100 0.098461300 0.107411200 0.103822500 0.099577400 
[3] 0.098674200 0.098965500 0.098710400 0.100467100 0.108519200 0.103169500 0.102199000 0.104472300 0.099454300 0.099001700 
[4] 0.098830600 0.101617700 0.105826000 0.100668900 0.098740400 0.099611400 0.099667500 0.101316300 0.098793600 0.099022700 
[5] 0.098293600 0.098653100 0.099922400 0.099155400 0.098515000 0.101582400 0.098637700 0.098596300 0.102296600 0.102143200 
[6] 0.112551000 0.099903200 0.099617600 0.117635700 0.108320900 0.104276300 0.106568900 0.107656200 0.108751800 0.103738400 
[7] 0.109117300 0.105539900 0.104840800 0.103928400 0.105947700 0.107175900 0.105914900 0.099570100 0.102225100 0.098742100 
[8] 0.098737300 0.100167100 0.106727100 0.100546800 0.102830600 0.101973200 0.098910300 0.101274700 0.103257900 0.103953000 
[9] 0.103506900 0.104587000 0.110333900 0.103047400 0.106351900 0.102598500 0.104838300 0.102783100 0.101563300 0.102457600 
[AVERAGE] 0.101763855 s
[STANDARD DEVIATION] 0.003662021 s

FEN: rn1qkb1r/1pp2ppp/p3bn2/3p2B1/3P4/2N1PN2/PP3PPP/R2QKB1R b KQkq - 0 7
        [0]         [1]         [2]         [3]         [4]         [5]         [6]         [7]         [8]         [9]
[0] 0.054541800 0.051297800 0.055053600 0.050586800 0.050384300 0.052968200 0.050455800 0.053739500 0.052506100 0.053324700 
[1] 0.052877000 0.061451900 0.051737900 0.055522300 0.051304700 0.053225600 0.052048700 0.050594900 0.049166900 0.053378700 
[2] 0.049755400 0.049498900 0.051966400 0.052816800 0.050664700 0.050571500 0.053572700 0.049995600 0.049373500 0.049240000 
[3] 0.052073700 0.049804100 0.053163800 0.049983400 0.049511700 0.053042200 0.053436400 0.053291300 0.055985100 0.050305200 
[4] 0.049435000 0.052741900 0.051033800 0.052181300 0.049857400 0.059868800 0.067176500 0.070624400 0.060750300 0.052976800 
[5] 0.052058500 0.053387500 0.051834400 0.052983300 0.058178800 0.070078800 0.069804600 0.075281200 0.079357000 0.071706800 
[6] 0.065962800 0.063087800 0.063075000 0.064433700 0.052885600 0.056911300 0.054299100 0.055628800 0.054136400 0.053142400 
[7] 0.051747000 0.049541500 0.056899000 0.054131100 0.051974700 0.049627500 0.052599900 0.050005000 0.062235000 0.061047000 
[8] 0.052266500 0.075649800 0.058417800 0.065093700 0.065602900 0.059769700 0.058647200 0.055309900 0.057818700 0.063087800 
[9] 0.057908400 0.065421500 0.063194100 0.068116600 0.081905600 0.063379700 0.061247400 0.061735700 0.075299200 0.061316600 
[AVERAGE] 0.056800961 s
[STANDARD DEVIATION] 0.007449496 s

FEN: r2qkb1r/1p1n1p1p/p1bpp3/2p5/4P3/2N3QP/PPP2PP1/R1B1RBK1 b kq - 1 13
        [0]         [1]         [2]         [3]         [4]         [5]         [6]         [7]         [8]         [9]
[0] 0.070742200 0.068842700 0.079700000 0.075320100 0.072412900 0.068997100 0.067450300 0.069219300 0.069623300 0.071912200 
[1] 0.071444100 0.076320000 0.084832200 0.065148100 0.074177200 0.072374300 0.077140200 0.069078900 0.061654000 0.063200400 
[2] 0.062881500 0.062813300 0.061962800 0.059663300 0.057523600 0.058250600 0.059873500 0.056234400 0.059186600 0.056805000 
[3] 0.059396800 0.061786100 0.059503700 0.056655700 0.057236000 0.056720600 0.056240700 0.057395800 0.056411400 0.056629600 
[4] 0.056494500 0.061982800 0.061661700 0.058637200 0.058768800 0.068996400 0.072882200 0.069298100 0.086955900 0.067749800 
[5] 0.068272000 0.064582200 0.066659300 0.066112000 0.063302800 0.064804700 0.065838600 0.065644000 0.067550200 0.069657600 
[6] 0.068440900 0.075380300 0.068618800 0.073262100 0.070006600 0.071088400 0.070308300 0.070570200 0.072210400 0.069356400 
[7] 0.070239700 0.061276100 0.059953100 0.060815700 0.060661800 0.063384000 0.064036100 0.064111500 0.062756200 0.062192400 
[8] 0.062989600 0.060458400 0.062887200 0.062320400 0.062354700 0.060226100 0.061566900 0.061748400 0.059440500 0.059647400 
[9] 0.062193900 0.059123800 0.063176600 0.063345400 0.064986300 0.063511700 0.059805300 0.062331700 0.060551900 0.062050100 
[AVERAGE] 0.065019966 s
[STANDARD DEVIATION] 0.006241498 s

FEN: rn1q1rk1/p1p2ppp/bp3n2/3p4/1b1P4/2N1PN2/PPBB1PPP/R2QK2R b KQ - 3 9
        [0]         [1]         [2]         [3]         [4]         [5]         [6]         [7]         [8]         [9]
[0] 0.043526800 0.044824000 0.044677700 0.044363800 0.046229500 0.046674200 0.044673000 0.041393400 0.041101600 0.040919100 
[1] 0.041202500 0.043727800 0.041991700 0.048243100 0.045737700 0.045543400 0.046353100 0.045739700 0.047250000 0.047228000 
[2] 0.046305400 0.045172000 0.043213800 0.044775500 0.045370000 0.046730700 0.049589200 0.045745500 0.045625500 0.045603700 
[3] 0.046208600 0.044213700 0.043956200 0.046275400 0.047283300 0.047300200 0.048604600 0.048808000 0.049619300 0.049633800 
[4] 0.050248400 0.049152400 0.050410100 0.048347500 0.046284800 0.044540100 0.044287500 0.043033200 0.044812600 0.042157100 
[5] 0.042328000 0.042011500 0.041326600 0.040980400 0.041214200 0.044853400 0.044013600 0.044164300 0.044215200 0.043641800 
[6] 0.041415700 0.041338300 0.043500300 0.041241600 0.040746700 0.041140600 0.041148700 0.040933600 0.041076900 0.043170100 
[7] 0.041586300 0.040854600 0.041265600 0.040884600 0.041187900 0.041124900 0.040914600 0.041118800 0.041095000 0.040878700 
[8] 0.041153900 0.042585400 0.040827200 0.041340100 0.040851900 0.043018400 0.041311200 0.040857300 0.041145500 0.041219200 
[9] 0.041007800 0.041299800 0.041287400 0.040899300 0.041338900 0.042318000 0.041708900 0.041767800 0.041025500 0.043563400 
[AVERAGE] 0.043706076 s
[STANDARD DEVIATION] 0.002729018 s

FEN: rnbq1rk1/pp2bppp/4pn2/3p4/2PN4/6P1/PPQ1PPBP/RNB2RK1 b - - 0 8
        [0]         [1]         [2]         [3]         [4]         [5]         [6]         [7]         [8]         [9]
[0] 0.052483300 0.051298100 0.059354300 0.053406800 0.051634100 0.051405800 0.056954200 0.051585400 0.051421500 0.051941500 
[1] 0.053631300 0.052235100 0.051045200 0.051622000 0.051218300 0.051199200 0.051306900 0.051507500 0.051104400 0.051125000 
[2] 0.053403100 0.052413900 0.051501600 0.051294900 0.051175700 0.051567200 0.051188400 0.051851200 0.051130100 0.054764300 
[3] 0.053933800 0.051579900 0.056151600 0.055136200 0.053402400 0.054178500 0.053376000 0.053643700 0.054293400 0.052095600 
[4] 0.053967700 0.053697800 0.051917200 0.051369900 0.053581800 0.054329000 0.054752400 0.051861900 0.051257600 0.051197900 
[5] 0.053717200 0.052094800 0.051528100 0.051270300 0.051687700 0.051454100 0.051078600 0.052050000 0.051512100 0.051267700 
[6] 0.053827400 0.052800600 0.051674000 0.051177700 0.051214700 0.051231200 0.051925400 0.051054900 0.051357300 0.051441200 
[7] 0.051311900 0.053495700 0.053004800 0.060013300 0.061421200 0.060855000 0.061270500 0.060444700 0.060241200 0.060657400 
[8] 0.057280800 0.054558500 0.051354200 0.051222300 0.051365300 0.051820100 0.051392300 0.050972100 0.051789000 0.053508700 
[9] 0.053164500 0.051537500 0.051364900 0.051133200 0.051239200 0.051275200 0.051268900 0.051547300 0.052139300 0.052608100 
[AVERAGE] 0.052941167 s
[STANDARD DEVIATION] 0.002604774 s

FEN: rnbqkb1r/pp1p1ppp/4pn2/2p5/2PP4/4PN2/PP3PPP/RNBQKB1R b KQkq - 0 4
        [0]         [1]         [2]         [3]         [4]         [5]         [6]         [7]         [8]         [9]
[0] 0.023707400 0.022662000 0.022174900 0.022068600 0.021612000 0.021577000 0.022072700 0.025308100 0.021932000 0.021572700 
[1] 0.021911500 0.021831000 0.021662200 0.021737600 0.021830200 0.021661400 0.021877100 0.021605400 0.022041900 0.021567600 
[2] 0.021486100 0.021893400 0.021911900 0.022016300 0.023245200 0.022652300 0.021968500 0.022146600 0.021648900 0.021790600 
[3] 0.021919100 0.022879100 0.025040100 0.025503000 0.025093500 0.026377300 0.025487500 0.026055000 0.029846300 0.028638200 
[4] 0.026636500 0.029097900 0.030383600 0.027585400 0.027873400 0.026073300 0.025999300 0.026235700 0.030185200 0.028178500 
[5] 0.026992400 0.046075300 0.031155100 0.028737000 0.026746300 0.026404300 0.030338800 0.025969300 0.029461200 0.026931100 
[6] 0.027875800 0.028170500 0.029415800 0.027902400 0.027147300 0.026616200 0.029734600 0.029854600 0.025633300 0.024069000 
[7] 0.023551900 0.023936000 0.025854000 0.025892400 0.024344100 0.026122600 0.023459600 0.022759000 0.022004600 0.026843300 
[8] 0.021626300 0.021815700 0.022209900 0.021514000 0.021855000 0.021735600 0.021974700 0.022200300 0.023120600 0.022311700 
[9] 0.021497400 0.022038800 0.021697200 0.021962400 0.021665100 0.021625100 0.021856500 0.021615600 0.021783800 0.021738900 
[AVERAGE] 0.024561034 s
[STANDARD DEVIATION] 0.003589947 s

FEN: rnbqk2r/ppp2ppp/4pn2/3p4/1bPP4/2N2P2/PP2P1PP/R1BQKBNR w KQkq - 0 5
        [0]         [1]         [2]         [3]         [4]         [5]         [6]         [7]         [8]         [9]
[0] 0.029564800 0.029434500 0.029576700 0.029156500 0.029290200 0.029304000 0.029515100 0.029214100 0.029481200 0.029359700 
[1] 0.029341100 0.029122300 0.029596900 0.032300800 0.031126200 0.030870400 0.029994200 0.029564400 0.029343700 0.029905400 
[2] 0.029359300 0.029310300 0.029454800 0.029268100 0.029993800 0.029435200 0.029187700 0.029692800 0.029565100 0.029377400 
[3] 0.029440300 0.029249600 0.029090200 0.029357500 0.029325400 0.029386700 0.029910400 0.029417700 0.029500300 0.029421600 
[4] 0.029292500 0.029148200 0.029143500 0.029433100 0.029646400 0.029334700 0.029759800 0.029294100 0.029326900 0.029209400 
[5] 0.029252000 0.029423800 0.029321600 0.029269000 0.029366200 0.029458000 0.029242100 0.029130400 0.029410500 0.029840400 
[6] 0.029401000 0.029805700 0.029402900 0.029697300 0.029298800 0.029409000 0.029032000 0.029511600 0.029512200 0.029244800 
[7] 0.029478800 0.029406800 0.029275300 0.029616100 0.029485800 0.029460200 0.029277000 0.029274700 0.029307700 0.029413700 
[8] 0.029305600 0.029478400 0.030338900 0.036478900 0.035235400 0.033069400 0.030427300 0.029714400 0.029403000 0.029318400 
[9] 0.029521700 0.033188600 0.032704300 0.031843600 0.030055700 0.032659600 0.034140600 0.029871400 0.029702200 0.029336200 
[AVERAGE] 0.029852140 s
[STANDARD DEVIATION] 0.001269235 s

FEN: rnbqr1k1/pp1p1ppp/2p2n2/4p3/2P1P3/2P2PP1/P2P1K1P/R1BQ1BNR w - - 0 8
        [0]         [1]         [2]         [3]         [4]         [5]         [6]         [7]         [8]         [9]
[0] 0.014484400 0.014587500 0.014476500 0.014509400 0.014570500 0.014414600 0.014826200 0.014599100 0.014501300 0.014518800 
[1] 0.014666100 0.014269800 0.014552100 0.014544200 0.014642300 0.014451000 0.014593500 0.014646900 0.014427900 0.014431200 
[2] 0.014650300 0.014577800 0.014523000 0.014651300 0.014516500 0.014471600 0.014251700 0.016703500 0.014466900 0.014790700 
[3] 0.014851200 0.014717400 0.014441700 0.014624600 0.014482100 0.014497500 0.014687400 0.014515100 0.014507600 0.014573700 
[4] 0.014490000 0.014449400 0.014314300 0.014569000 0.014784100 0.014428100 0.014701500 0.014412600 0.014394600 0.014586300 
[5] 0.014544500 0.014548100 0.014590900 0.014632900 0.014529400 0.014513900 0.014811000 0.014560900 0.014387700 0.014571200 
[6] 0.014442600 0.014554500 0.014628700 0.015723200 0.015215300 0.014748200 0.014592100 0.014803100 0.014672400 0.014531500 
[7] 0.014245600 0.014534000 0.014619700 0.014469800 0.014511700 0.014648700 0.014406200 0.014624700 0.014589400 0.014506300 
[8] 0.014499800 0.014926900 0.014543000 0.014517700 0.014258000 0.014628500 0.014510800 0.014602700 0.014521700 0.014541500 
[9] 0.014535100 0.014636300 0.014470000 0.014607500 0.014666100 0.016202000 0.015841900 0.015268800 0.014671200 0.015593400 
[AVERAGE] 0.014641459 s
[STANDARD DEVIATION] 0.000362210 s

FEN: r1bq1rk1/1p2bppp/p1n1pn2/8/P1BP4/2N1BN2/1P3PPP/R2Q1RK1 w - - 3 11
        [0]         [1]         [2]         [3]         [4]         [5]         [6]         [7]         [8]         [9]
[0] 0.076980200 0.075702600 0.075530800 0.075381800 0.075233300 0.075431500 0.075549300 0.078484600 0.078168700 0.089099700 
[1] 0.078496400 0.075410600 0.075471700 0.075012600 0.075491700 0.075137600 0.077705300 0.075297400 0.075337900 0.075266600 
[2] 0.075028100 0.075486100 0.075106100 0.077353600 0.075651900 0.075625700 0.075270400 0.075436200 0.075462200 0.076220400 
[3] 0.077309800 0.075670700 0.076069000 0.075149100 0.075686900 0.075942700 0.075256300 0.079886500 0.091199700 0.076748900 
[4] 0.075595100 0.075958200 0.078539800 0.076192400 0.075250900 0.074967900 0.075430900 0.075187800 0.075529400 0.075044500 
[5] 0.074864500 0.081093000 0.075447000 0.075015500 0.075334600 0.075919400 0.083364000 0.077044800 0.075366600 0.080895200 
[6] 0.075348200 0.074882300 0.078077900 0.075213200 0.078938700 0.084189400 0.080716100 0.075716100 0.075676000 0.077409800 
[7] 0.087383500 0.083306300 0.080219400 0.078533700 0.075726300 0.075335800 0.075282900 0.076401400 0.075360100 0.079289500 
[8] 0.077269100 0.078554700 0.080168400 0.075981400 0.084841400 0.080073300 0.075398200 0.087100000 0.079249800 0.077298800 
[9] 0.080989000 0.081070400 0.078642400 0.084435500 0.079245600 0.077367700 0.083073300 0.076111900 0.078686700 0.080422200 
[AVERAGE] 0.077607785 s
[STANDARD DEVIATION] 0.003338538 s

FEN: rn1q1rk1/pbpp1ppp/8/3nP3/2BP4/5PP1/P6P/R1BQK1NR w KQ - 1 11
        [0]         [1]         [2]         [3]         [4]         [5]         [6]         [7]         [8]         [9]
[0] 0.033700800 0.032885700 0.032265700 0.036411700 0.033747100 0.036790800 0.033416600 0.036753100 0.033316400 0.033030100 
[1] 0.036433300 0.032708700 0.034383100 0.034257100 0.036196200 0.035496800 0.033404800 0.034229000 0.034110800 0.032771800 
[2] 0.033054200 0.034145800 0.035429300 0.033812600 0.033037400 0.033940200 0.033478900 0.033490200 0.032565000 0.036601600 
[3] 0.035060100 0.038965900 0.032769400 0.039719500 0.032767900 0.035364300 0.032674700 0.032557500 0.034985500 0.033658400 
[4] 0.034545900 0.035448900 0.032779300 0.032970400 0.034826200 0.032526300 0.032713300 0.032570000 0.032388800 0.032138300 
[5] 0.032157000 0.032106700 0.032206600 0.032398500 0.032265500 0.032247400 0.032329300 0.034082600 0.032663800 0.032747700 
[6] 0.032151200 0.032521800 0.032175800 0.032353000 0.032281300 0.032085300 0.032370500 0.032380100 0.032339800 0.032314900 
[7] 0.032157400 0.032189900 0.032803800 0.033083300 0.034653700 0.032512900 0.032223400 0.032258900 0.032359900 0.032323700 
[8] 0.032254400 0.032426600 0.032120700 0.033029800 0.032679000 0.032417600 0.032172200 0.032153000 0.032056900 0.032418900 
[9] 0.033375400 0.033139100 0.032796000 0.034922400 0.033383000 0.033614800 0.034922500 0.032768100 0.035080000 0.033033600 
[AVERAGE] 0.033428051 s
[STANDARD DEVIATION] 0.001495603 s

FEN: r2qk2r/1p1n1ppp/p1pbbn2/3p2B1/3P4/2NBPN1P/PP3PP1/R2QK2R w KQkq - 0 10
        [0]         [1]         [2]         [3]         [4]         [5]         [6]         [7]         [8]         [9]
[0] 0.119927900 0.119897800 0.119946300 0.123903700 0.118921200 0.123949000 0.119117500 0.122219300 0.115205400 0.116055100 
[1] 0.117681100 0.115829300 0.115595200 0.115292300 0.117781800 0.116702200 0.122484200 0.121275700 0.123407000 0.122124900 
[2] 0.119587600 0.122610700 0.119664800 0.123989300 0.124906900 0.120869500 0.140202000 0.134421800 0.121967800 0.137881400 
[3] 0.150317600 0.142277800 0.149359200 0.159809700 0.169087100 0.160693100 0.141920800 0.124787700 0.122741100 0.115972600 
[4] 0.116473200 0.114997800 0.115552900 0.134651800 0.123676700 0.115927500 0.124540000 0.125383300 0.122282700 0.119090300 
[5] 0.118879800 0.119004100 0.115916700 0.115672900 0.119969500 0.115892500 0.115484300 0.115583000 0.119796100 0.115789800 
[6] 0.121299200 0.126688000 0.126761000 0.132006300 0.164971400 0.154262500 0.145655500 0.132003300 0.123482900 0.126090900 
[7] 0.121432200 0.127316900 0.130541000 0.120994600 0.117111300 0.134501200 0.136455700 0.132037800 0.129620700 0.131732500 
[8] 0.124693100 0.131868500 0.127175100 0.137791600 0.149568200 0.143003200 0.127757000 0.120073900 0.118223800 0.121999400 
[9] 0.123374800 0.122386000 0.116509000 0.115762500 0.118886900 0.118607500 0.119259200 0.122565500 0.150937600 0.142548600 
[AVERAGE] 0.126629066 s
[STANDARD DEVIATION] 0.012057900 s

FEN: r1bq1rk1/pp2bppp/2n1pn2/2pp4/P3PB2/3P1NP1/1PP2PBP/RN1Q1RK1 b - - 2 8
        [0]         [1]         [2]         [3]         [4]         [5]         [6]         [7]         [8]         [9]
[0] 0.048290700 0.050289200 0.052832700 0.052164900 0.051950900 0.049302300 0.046921500 0.045264700 0.044780400 0.047141200 
[1] 0.049833500 0.044391300 0.054092300 0.049407900 0.046055700 0.051535300 0.062275400 0.056517700 0.049914000 0.049073500 
[2] 0.052519400 0.052095800 0.047860300 0.052103400 0.050414600 0.053284400 0.052349100 0.049658300 0.054056900 0.060482200 
[3] 0.048295900 0.061030400 0.052030500 0.047532800 0.054291100 0.066940400 0.052898600 0.048078700 0.045159100 0.051825200 
[4] 0.057852200 0.048474200 0.049722500 0.054242500 0.058377300 0.065747200 0.062528200 0.064958000 0.049264000 0.058209500 
[5] 0.054878500 0.049418900 0.047553200 0.047585300 0.046986900 0.046905300 0.046747500 0.043880800 0.043968000 0.042823100 
[6] 0.042663100 0.042188700 0.042753900 0.047799100 0.050155800 0.052383200 0.064039600 0.057965500 0.051780700 0.064567000 
[7] 0.060093100 0.052223700 0.052443700 0.052956800 0.047979400 0.043882600 0.042930600 0.049255200 0.049379600 0.048440700 
[8] 0.048519400 0.048296000 0.055174700 0.046220200 0.042520400 0.046954500 0.049213000 0.047214300 0.047628800 0.051201800 
[9] 0.055458500 0.051313200 0.051169700 0.051500900 0.054023500 0.053874600 0.053033100 0.054846600 0.053143100 0.051444100 
[AVERAGE] 0.051236977 s
[STANDARD DEVIATION] 0.005462562 s

FEN: r1bqr1k1/ppp2ppp/2n5/2bnp3/8/2NP1NP1/PP2PPBP/R1BQ1RK1 w - - 1 9
        [0]         [1]         [2]         [3]         [4]         [5]         [6]         [7]         [8]         [9]
[0] 0.090186900 0.089285800 0.087561400 0.082748200 0.079717700 0.076278500 0.077488600 0.073176300 0.073210900 0.073601600 
[1] 0.073411100 0.073500000 0.073082600 0.073528900 0.073748900 0.074165500 0.074419700 0.074300400 0.072844600 0.073451200 
[2] 0.073625800 0.072990400 0.087977500 0.092134900 0.094664900 0.080758400 0.075838700 0.077754400 0.076173600 0.075740300 
[3] 0.073105200 0.073406200 0.073450900 0.072875400 0.073111100 0.073340300 0.072829500 0.073809500 0.074432800 0.073653600 
[4] 0.077376500 0.073194100 0.073373100 0.073270900 0.073015500 0.073249900 0.073070200 0.073079200 0.073933800 0.073233100 
[5] 0.073011500 0.073254300 0.073447200 0.073724700 0.072839700 0.080866300 0.077960300 0.078525200 0.075696300 0.075265100 
[6] 0.074006400 0.072889100 0.073198800 0.073143800 0.084741300 0.078877100 0.077127500 0.076355600 0.078057100 0.078491600 
[7] 0.078150800 0.075470400 0.092149000 0.078805400 0.101442500 0.080943600 0.082441600 0.080768900 0.086203800 0.079098200 
[8] 0.076951300 0.082433500 0.080347400 0.082252300 0.085915000 0.089369700 0.091475100 0.095057400 0.081079300 0.089098200 
[9] 0.087824400 0.076866600 0.078960200 0.073630200 0.073327500 0.073060700 0.073258700 0.073255200 0.073338300 0.072981600 
[AVERAGE] 0.077856142 s
[STANDARD DEVIATION] 0.006278013 s

FEN: rnbqk2r/ppp2pp1/5n1p/3p4/1b1P3B/2N2N2/PP2PPPP/R2QKB1R b KQkq - 1 7
        [0]         [1]         [2]         [3]         [4]         [5]         [6]         [7]         [8]         [9]
[0] 0.039984200 0.040589300 0.040364600 0.040524400 0.039941300 0.040069200 0.039816400 0.040161900 0.039651900 0.040045800 
[1] 0.039843300 0.039978500 0.039977600 0.039830600 0.040392100 0.039880700 0.039992000 0.039880700 0.040299400 0.039915900 
[2] 0.040407300 0.039998100 0.040164400 0.039994900 0.039800700 0.040077800 0.039789800 0.047106300 0.051608800 0.043507200 
[3] 0.041142600 0.039666800 0.040792800 0.039892800 0.040050100 0.039810800 0.042171400 0.042547300 0.045203500 0.041050500 
[4] 0.042857700 0.046442600 0.043912300 0.042651500 0.042914500 0.041577400 0.042840300 0.040724800 0.040939900 0.043806500 
[5] 0.043025100 0.042921900 0.041086100 0.043375500 0.041165300 0.043440300 0.040345700 0.042963300 0.045404700 0.041363800 
[6] 0.042983500 0.040827300 0.040515300 0.039718300 0.042776100 0.043937800 0.040510500 0.039815100 0.040931100 0.042182300 
[7] 0.042903100 0.040799900 0.044032300 0.042928600 0.041914800 0.039982400 0.040060300 0.039603100 0.039946100 0.044668900 
[8] 0.043794900 0.043079800 0.041111200 0.043024100 0.042987000 0.043570400 0.040674700 0.042619900 0.043659700 0.041286600 
[9] 0.042498700 0.040558400 0.040739800 0.043836600 0.040515500 0.045146600 0.043454900 0.040645800 0.040390200 0.040565300 
[AVERAGE] 0.041648798 s
[STANDARD DEVIATION] 0.001993599 s

FEN: 2r5/1p2kp2/p3pn1P/6R1/6p1/2P3P1/2PR4/6K1 b - - 4 31
        [0]         [1]         [2]         [3]         [4]         [5]         [6]         [7]         [8]         [9]
[0] 0.012406100 0.012636600 0.012491400 0.014499600 0.013352600 0.012797800 0.012407700 0.014591500 0.014082500 0.012675100 
[1] 0.012890400 0.013186900 0.012667500 0.012847500 0.012383900 0.012627600 0.013808200 0.015389500 0.012802400 0.012810100 
[2] 0.012842100 0.012611400 0.012739400 0.012718600 0.012608200 0.012623400 0.012690100 0.012335000 0.012719200 0.012644300 
[3] 0.012673000 0.012771900 0.012364400 0.013443900 0.012761400 0.012737800 0.012642000 0.012343100 0.012609800 0.012658100 
[4] 0.013878700 0.014660100 0.012871800 0.012784400 0.012372500 0.012695600 0.012671000 0.012621300 0.012910300 0.013949300 
[5] 0.012599600 0.014764900 0.013528000 0.012748100 0.012747900 0.015290000 0.013531800 0.012752800 0.012925300 0.012949800 
[6] 0.013000300 0.012756600 0.012340100 0.012598500 0.012639500 0.012657800 0.013993700 0.013885600 0.012788800 0.012847000 
[7] 0.012856800 0.014954000 0.015457500 0.012890500 0.013067900 0.013064600 0.013013100 0.012782800 0.012624600 0.013962100 
[8] 0.015381200 0.013186200 0.012899100 0.012616400 0.012830300 0.012793500 0.014313000 0.013790600 0.012630600 0.012722000 
[9] 0.014167500 0.015457100 0.013225100 0.012687700 0.013166800 0.012837500 0.012866100 0.012898600 0.012513300 0.014857200 
[AVERAGE] 0.013141668 s
[STANDARD DEVIATION] 0.000797554 s

FEN: 1r4k1/p5p1/5p1p/q2p4/2rPn3/b1PQRN1P/P1RB1PP1/6K1 w - - 1 2
        [0]         [1]         [2]         [3]         [4]         [5]         [6]         [7]         [8]         [9]
[0] 0.035382600 0.037005100 0.034597200 0.037982100 0.034780400 0.034337900 0.034058700 0.034171500 0.036728400 0.034879000 
[1] 0.038043600 0.034376300 0.037280700 0.034673200 0.039365700 0.035209300 0.035288200 0.036494900 0.037110200 0.035181400 
[2] 0.034712200 0.034286400 0.034562000 0.034346600 0.034301200 0.034209400 0.034182700 0.034465200 0.034092400 0.034211700 
[3] 0.035621100 0.041116000 0.036690600 0.034728100 0.034437900 0.034560100 0.034211700 0.034320800 0.034882500 0.036699900 
[4] 0.037220700 0.034818500 0.034496600 0.034178700 0.037111600 0.037900400 0.034940400 0.034454800 0.034018200 0.034357000 
[5] 0.034524400 0.039833600 0.035705900 0.036278700 0.039049200 0.037747000 0.035519600 0.034501400 0.034555100 0.039418600 
[6] 0.035958500 0.037373300 0.035238100 0.034499000 0.037288700 0.035068600 0.037019700 0.034745100 0.034754800 0.036331800 
[7] 0.035576100 0.036811600 0.039458100 0.035570900 0.035326300 0.034652800 0.037252100 0.036517700 0.034702500 0.036952900 
[8] 0.035561400 0.034442600 0.036692600 0.037243000 0.034665300 0.036404200 0.035152000 0.037550400 0.036638400 0.035658900 
[9] 0.037970900 0.034570800 0.036903200 0.037165200 0.035373500 0.034524800 0.040033200 0.039202600 0.035285400 0.034500600 
[AVERAGE] 0.035848529 s
[STANDARD DEVIATION] 0.001618959 s

FEN: 5rk1/rNR2ppp/P3p3/3p4/2p5/2n1P3/R4PPP/6K1 w - - 0 1
        [0]         [1]         [2]         [3]         [4]         [5]         [6]         [7]         [8]         [9]
[0] 0.013263100 0.013030400 0.013103000 0.014918700 0.014164100 0.013437400 0.013857000 0.015277600 0.014331100 0.013102300 
[1] 0.013740300 0.013425700 0.013194500 0.013100900 0.013592700 0.012896700 0.013192600 0.014884600 0.013793200 0.013274400 
[2] 0.013287100 0.013383100 0.013468300 0.018015700 0.022790500 0.016891800 0.015760300 0.021847400 0.014920500 0.015867200 
[3] 0.014167400 0.013258700 0.016245900 0.015260300 0.021748400 0.023784200 0.016122800 0.017353900 0.014459000 0.013361600 
[4] 0.014620600 0.013503600 0.014462600 0.014870300 0.015568900 0.014002900 0.013957700 0.014154900 0.013185100 0.013374400 
[5] 0.015035000 0.013245700 0.014900200 0.013897300 0.013147600 0.015140500 0.013269300 0.015236000 0.016572900 0.015189600 
[6] 0.017331000 0.017051800 0.019743600 0.017148600 0.016694500 0.020349100 0.015684300 0.015859100 0.015620700 0.016454500 
[7] 0.021229100 0.019764900 0.016260000 0.018227700 0.019472200 0.019000500 0.022189400 0.018968600 0.020998300 0.020786600 
[8] 0.018862100 0.018437700 0.021176700 0.017466900 0.017733800 0.017169200 0.016149100 0.017717300 0.016393100 0.016005300 
[9] 0.016093600 0.016106300 0.016202100 0.017581100 0.018924700 0.020126900 0.015774300 0.019732800 0.021031000 0.016676100 
[AVERAGE] 0.016171041 s
[STANDARD DEVIATION] 0.002696171 s

FEN: r1bk2r1/ppp1n2p/3q3Q/1B2Np2/4n3/2P5/PP3PPP/RN3RK1 b - - 2 16
        [0]         [1]         [2]         [3]         [4]         [5]         [6]         [7]         [8]         [9]
[0] 0.120394500 0.115910700 0.121517900 0.117467700 0.110177100 0.108849600 0.104309500 0.120702100 0.120923800 0.121181000 
[1] 0.106623700 0.111392700 0.116558800 0.115079600 0.106455100 0.110898900 0.116028500 0.115828400 0.112383000 0.114590200 
[2] 0.109399500 0.110031900 0.102155500 0.111286600 0.107256400 0.109125600 0.107714900 0.107207600 0.107004000 0.107508800 
[3] 0.104618000 0.102677100 0.114362900 0.122072300 0.113178900 0.108497600 0.107588800 0.109834100 0.109817400 0.101907300 
[4] 0.101433900 0.102654800 0.102852800 0.102641100 0.103838100 0.119742900 0.116771300 0.108151500 0.102845700 0.102397000 
[5] 0.101155700 0.100883700 0.109559100 0.119345300 0.102685700 0.101877700 0.109082300 0.115611200 0.107762700 0.101768400 
[6] 0.101790500 0.101420900 0.100896700 0.102830800 0.103847400 0.104844000 0.110490900 0.116267200 0.118110600 0.117381000 
[7] 0.120789800 0.130352900 0.128779900 0.114404100 0.101080500 0.101180300 0.100771100 0.101296100 0.105406100 0.103318200 
[8] 0.100776800 0.104446400 0.101175800 0.101133800 0.102158600 0.101105500 0.101027200 0.101197300 0.100577900 0.101076500 
[9] 0.101124100 0.101025100 0.100978100 0.102647200 0.100853000 0.100996700 0.100830500 0.102496800 0.101028800 0.102316200 
[AVERAGE] 0.108078102 s
[STANDARD DEVIATION] 0.007239189 s

FEN: r2qkb1r/pp2nppp/3p4/2pNN1B1/2BnP3/3P4/PPP2PPP/R2bK2R w KQkq - 1 0
        [0]         [1]         [2]         [3]         [4]         [5]         [6]         [7]         [8]         [9]
[0] 0.071203300 0.071278600 0.071141100 0.072326900 0.071074100 0.071123200 0.071338900 0.071244000 0.071258500 0.071188900 
[1] 0.071368500 0.071491200 0.071209300 0.071342000 0.071100200 0.071737700 0.071201600 0.074446500 0.074650100 0.072124600 
[2] 0.072214700 0.071454700 0.071426500 0.070973400 0.071822900 0.073860600 0.074133100 0.071498000 0.071430900 0.074567500 
[3] 0.072089500 0.071593800 0.079168600 0.082582500 0.079025900 0.079209400 0.072504300 0.074834200 0.072788000 0.071423100 
[4] 0.073026700 0.072939200 0.072091100 0.071429300 0.074638500 0.071474200 0.070967600 0.072356300 0.072533700 0.071597300 
[5] 0.072328400 0.072636600 0.071664400 0.071093900 0.071498700 0.071717500 0.071606700 0.071640600 0.072846500 0.072704100 
[6] 0.071338700 0.071416100 0.071135000 0.071395800 0.071253700 0.071419100 0.073300700 0.071589100 0.071611100 0.071245100 
[7] 0.071561000 0.070961500 0.071513500 0.072906100 0.071913800 0.071580700 0.071215500 0.071485500 0.071608100 0.071476400 
[8] 0.074367800 0.073427900 0.071231800 0.071528300 0.072293700 0.074615000 0.072867500 0.071560300 0.074109700 0.072150100 
[9] 0.071422700 0.071326500 0.071106700 0.071444200 0.071094300 0.073418500 0.072070200 0.071481300 0.072250500 0.071232300 
[AVERAGE] 0.072321679 s
[STANDARD DEVIATION] 0.001878516 s

FEN: 1rb4r/pkPp3p/1b1P3n/1Q6/N3Pp2/8/P1P3PP/7K w - - 1 0
        [0]         [1]         [2]         [3]         [4]         [5]         [6]         [7]         [8]         [9]
[0] 0.013852200 0.013846100 0.013630700 0.013797100 0.013800000 0.013460100 0.013685700 0.013731200 0.013910900 0.013717400 
[1] 0.013783500 0.013861600 0.013734900 0.013451300 0.013726300 0.013845400 0.015068300 0.014622500 0.013696200 0.014001500 
[2] 0.013890200 0.013982700 0.013810600 0.013720700 0.013675000 0.013773800 0.013604600 0.013539200 0.013739900 0.013902000 
[3] 0.013759600 0.013736100 0.013797600 0.013712600 0.013716600 0.013936600 0.013837900 0.013672900 0.013683800 0.013827600 
[4] 0.013734900 0.013709300 0.014376400 0.013932700 0.013454300 0.013993200 0.013882200 0.015579600 0.013988200 0.013995800 
[5] 0.013967200 0.014049900 0.014080600 0.013944200 0.014996900 0.013790300 0.013908100 0.013904500 0.014054000 0.013815700 
[6] 0.013769600 0.013569400 0.013496300 0.014481900 0.013696000 0.013673500 0.014056900 0.013703000 0.013619500 0.013822200 
[7] 0.013458900 0.013996000 0.013785400 0.013810900 0.013809100 0.013762800 0.013731900 0.013726100 0.013545700 0.013631900 
[8] 0.013742400 0.013723800 0.013738900 0.013926100 0.013975100 0.013927700 0.014066500 0.013803000 0.013699500 0.013723600 
[9] 0.013757100 0.013729000 0.015635900 0.015126700 0.013840900 0.013897000 0.013997000 0.013950500 0.013725100 0.013793600 
[AVERAGE] 0.013886273 s
[STANDARD DEVIATION] 0.000374594 s

FEN: 4kb1r/p2n1ppp/4q3/4p1B1/4P3/1Q6/PPP2PPP/2KR4 w k - 1 0
        [0]         [1]         [2]         [3]         [4]         [5]         [6]         [7]         [8]         [9]
[0] 0.056847700 0.056253200 0.055557100 0.055219200 0.055071300 0.054584000 0.054922800 0.056648500 0.055745200 0.054727200 
[1] 0.055076900 0.068415700 0.068336200 0.071057500 0.074395800 0.069531700 0.066670500 0.061865100 0.061270100 0.062205900 
[2] 0.065312900 0.062745400 0.064558300 0.070336400 0.065059400 0.062728400 0.064162900 0.071839500 0.070474200 0.067434000 
[3] 0.068231000 0.068944100 0.071715900 0.071680400 0.071349900 0.071046400 0.069624400 0.073142800 0.072200900 0.072479400 
[4] 0.071644800 0.072265400 0.066894400 0.064979300 0.064746900 0.063725300 0.065333900 0.067548500 0.065044900 0.065267300 
[5] 0.065826200 0.066314000 0.065686100 0.065515300 0.068146700 0.064365200 0.056930200 0.060673600 0.055723500 0.056325700 
[6] 0.065624300 0.067053700 0.066724700 0.066739200 0.067123700 0.065065700 0.063335200 0.062597300 0.060030300 0.055187000 
[7] 0.058777500 0.057795000 0.065866200 0.061304300 0.062950100 0.065229500 0.061826400 0.063560300 0.067037300 0.067030500 
[8] 0.064461200 0.065026200 0.055336100 0.058685300 0.055132400 0.059876500 0.063054200 0.063020900 0.063614100 0.058707000 
[9] 0.054865900 0.054754200 0.056983900 0.055892400 0.054991000 0.054724700 0.061363700 0.066341400 0.065342800 0.066912500 
[AVERAGE] 0.063523700 s
[STANDARD DEVIATION] 0.005494266 s

FEN: r1b2k1r/ppp1bppp/8/1B1Q4/5q2/2P5/PPP2PPP/R3R1K1 w - - 1 0
        [0]         [1]         [2]         [3]         [4]         [5]         [6]         [7]         [8]         [9]
[0] 0.160233700 0.155317400 0.147118500 0.139268300 0.158973500 0.157142900 0.134505600 0.148718300 0.153647000 0.151951100 
[1] 0.152478400 0.143291100 0.141614700 0.134941000 0.133749600 0.131577000 0.135750400 0.148449800 0.137660800 0.135313400 
[2] 0.135906500 0.138022100 0.138006200 0.130774800 0.131812500 0.131965300 0.143564000 0.131917500 0.130672600 0.131050300 
[3] 0.147788000 0.147730300 0.142778700 0.171700200 0.163512900 0.182527200 0.170510600 0.184149800 0.174051900 0.159917900 
[4] 0.155218900 0.157319000 0.160028800 0.165381000 0.144441900 0.138815300 0.136190900 0.131070500 0.130867000 0.137694100 
[5] 0.132081300 0.130736100 0.130743700 0.131080200 0.132757700 0.135050300 0.131474000 0.136256200 0.151873500 0.133998000 
[6] 0.144373300 0.141362700 0.140902200 0.136818900 0.142220600 0.140944100 0.138382000 0.136547300 0.140761100 0.146519400 
[7] 0.134766200 0.135915800 0.136299900 0.133919800 0.134284300 0.131182000 0.141575500 0.135898000 0.139486800 0.132214400 
[8] 0.130805200 0.130511000 0.130934700 0.130724000 0.132788100 0.131077300 0.136650100 0.135088800 0.130715400 0.130857600 
[9] 0.132545300 0.130440100 0.130813100 0.131197700 0.146400500 0.133352500 0.132981200 0.132912500 0.133165800 0.134405500 
[AVERAGE] 0.141158809 s
[STANDARD DEVIATION] 0.012064923 s

FEN: 5rkr/pp2Rp2/1b1p1Pb1/3P2Q1/2n3P1/2p5/P4P2/4R1K1 w - - 1 0
        [0]         [1]         [2]         [3]         [4]         [5]         [6]         [7]         [8]         [9]
[0] 0.041828000 0.044773100 0.044294400 0.046283600 0.043465100 0.042599400 0.043279100 0.041390700 0.040912200 0.044062900 
[1] 0.041108900 0.041051700 0.041257300 0.042237800 0.040854200 0.041059300 0.041230800 0.040978300 0.042583400 0.042577700 
[2] 0.041319600 0.047544900 0.046875700 0.048332100 0.047700900 0.043807300 0.041653500 0.040928400 0.040922500 0.044243200 
[3] 0.044441300 0.044843500 0.066553000 0.042466900 0.046480300 0.044212100 0.043262400 0.042018500 0.044494600 0.045150100 
[4] 0.044912300 0.044742400 0.043690200 0.041543500 0.043484000 0.041733600 0.041220900 0.050111500 0.045476500 0.041876600 
[5] 0.041244000 0.040872000 0.041112600 0.041332100 0.040957600 0.041054200 0.043229600 0.041377800 0.041271200 0.040796600 
[6] 0.041003400 0.041116700 0.040995300 0.041310300 0.041087900 0.040910700 0.041166500 0.040923400 0.041216200 0.042983300 
[7] 0.041795300 0.040928000 0.041517500 0.040950800 0.041150900 0.043355800 0.047606300 0.047299000 0.049063200 0.048267400 
[8] 0.051442400 0.052741200 0.051471300 0.052536900 0.050741000 0.046376200 0.041901700 0.041588700 0.043666700 0.045649900 
[9] 0.044477400 0.042397400 0.041137900 0.043194200 0.041900500 0.042890300 0.041530700 0.040790100 0.041048000 0.042553800 
[AVERAGE] 0.043618021 s
[STANDARD DEVIATION] 0.003721478 s

FEN: rnbqk2r/p4p2/2pbpn1p/1p4p1/2pPP3/2N2NB1/PP2BPPP/R2QK2R w KQkq - 2 10
        [0]         [1]         [2]         [3]         [4]         [5]         [6]         [7]         [8]         [9]
[0] 0.060749600 0.061200600 0.062373300 0.066133400 0.072296000 0.067568000 0.073621900 0.067461200 0.068676500 0.075386700 
[1] 0.065698300 0.067465700 0.065862200 0.064125900 0.068230500 0.068985800 0.066227300 0.063070100 0.062848600 0.066101800 
[2] 0.063326300 0.061905600 0.062974500 0.061617300 0.062984700 0.063082700 0.061526600 0.064158600 0.061979000 0.061088100 
[3] 0.061087400 0.062690100 0.065866600 0.066296200 0.066314800 0.062348200 0.063560700 0.069598200 0.065301600 0.066039100 
[4] 0.063372500 0.062159900 0.066099600 0.066319100 0.063157600 0.061424700 0.061089200 0.061836600 0.061277300 0.060815200 
[5] 0.061108700 0.061007800 0.062930700 0.061788200 0.061991900 0.061144700 0.062036300 0.063279700 0.061165800 0.062156800 
[6] 0.062371700 0.063871300 0.061967400 0.067194200 0.068312700 0.066131900 0.061629300 0.061187800 0.063716900 0.070211100 
[7] 0.062335100 0.061164200 0.061320200 0.061135000 0.061560100 0.061324900 0.061079600 0.060881200 0.063641900 0.062861300 
[8] 0.061720300 0.062850000 0.061560900 0.060999700 0.060896400 0.061224800 0.064402200 0.061626200 0.061649100 0.060968200 
[9] 0.061155700 0.061091300 0.061056100 0.061031800 0.061369600 0.064076500 0.061521200 0.061079200 0.061171900 0.060985600 
[AVERAGE] 0.063503265 s
[STANDARD DEVIATION] 0.002990250 s

FEN: r1bqk2r/ppp1nppp/2np4/2b1p1N1/2B1P3/3P4/PPP2PPP/RNBQK2R w KQkq - 2 6
        [0]         [1]         [2]         [3]         [4]         [5]         [6]         [7]         [8]         [9]
[0] 0.055048300 0.055194400 0.054803400 0.054972700 0.057579300 0.055554600 0.054736700 0.055268100 0.055348800 0.054805900 
[1] 0.055024500 0.054678200 0.057352700 0.056628700 0.056016900 0.056200000 0.055310700 0.055070600 0.054911100 0.055216800 
[2] 0.054787800 0.055207800 0.058446300 0.066393300 0.068724100 0.071895500 0.069499300 0.067713200 0.066268200 0.062685900 
[3] 0.064130100 0.071309700 0.061012800 0.059013700 0.058778800 0.060184100 0.055759300 0.057794200 0.060689400 0.057074800 
[4] 0.056064400 0.055331500 0.055420600 0.054810300 0.055584400 0.055011000 0.055091300 0.054803700 0.055690800 0.057291900 
[5] 0.055395400 0.055227300 0.054899200 0.056358200 0.055248600 0.054862500 0.055248600 0.054798700 0.058039400 0.061489500 
[6] 0.055919600 0.062574200 0.061663400 0.058852500 0.055152300 0.054810400 0.054960700 0.054872500 0.056797000 0.055161100 
[7] 0.054856500 0.054856800 0.055056900 0.054767700 0.056547100 0.055916200 0.057921600 0.062273500 0.061273400 0.066327600 
[8] 0.065071300 0.062963400 0.063220000 0.064349000 0.064190700 0.060650500 0.061849100 0.064328400 0.062382500 0.063338100 
[9] 0.064642400 0.061679600 0.058829700 0.058098000 0.060117900 0.058909900 0.058763400 0.059025000 0.058085600 0.055923200 
[AVERAGE] 0.058507367 s
[STANDARD DEVIATION] 0.004245079 s

FEN: 8/pK1p3p/7p/1P4N1/8/6k1/5r2/8 w - - 0 2
        [0]         [1]         [2]         [3]         [4]         [5]         [6]         [7]         [8]         [9]
[0] 0.002967600 0.002813000 0.002811700 0.002807900 0.002808500 0.003198200 0.002923800 0.002737200 0.002736200 0.002736300 
[1] 0.002927000 0.002794600 0.002739000 0.002741400 0.002737500 0.002737300 0.003101800 0.002896300 0.002734000 0.002735200 
[2] 0.002735800 0.002736700 0.003103900 0.002734900 0.002733800 0.002734100 0.002737800 0.002928000 0.002734900 0.002734600 
[3] 0.002736600 0.002836500 0.002735500 0.003036500 0.002733600 0.002732800 0.002731900 0.002734700 0.002989200 0.002778600 
[4] 0.002735600 0.002735300 0.002734500 0.002733700 0.002979500 0.002736100 0.002732300 0.002731600 0.002733400 0.002729700 
[5] 0.002973400 0.002736600 0.002732800 0.002734700 0.002734500 0.003036200 0.002739100 0.002735500 0.002736000 0.002735000 
[6] 0.002734800 0.002965600 0.002777800 0.002737900 0.002734000 0.002738200 0.002939400 0.002735900 0.002735100 0.002732100 
[7] 0.002736800 0.002734600 0.003017500 0.002736800 0.002735500 0.002733900 0.002764800 0.002734800 0.003684800 0.002827900 
[8] 0.003234400 0.002840100 0.003035400 0.003347200 0.002923200 0.002806300 0.002806900 0.002809500 0.002766100 0.002910200 
[9] 0.003494400 0.003650600 0.002812700 0.002851000 0.003282300 0.004431000 0.004410500 0.004339200 0.003268200 0.002737900 
[AVERAGE] 0.002894157 s
[STANDARD DEVIATION] 0.000327347 s

FEN: 8/1p4pk/p4b1p/4p3/1P2P1q1/P1R2NPn/7P/3Q1B1K b - - 0 2
        [0]         [1]         [2]         [3]         [4]         [5]         [6]         [7]         [8]         [9]
[0] 0.035520400 0.035214400 0.035101800 0.034766300 0.034917000 0.035136200 0.035793700 0.034874900 0.034779300 0.035233800 
[1] 0.035975200 0.034989700 0.035382000 0.037358600 0.035797400 0.035360000 0.034876000 0.034880800 0.034853100 0.035139500 
[2] 0.034874200 0.034879800 0.034831100 0.035142700 0.034867100 0.034898300 0.034820900 0.035562000 0.036786400 0.035489800 
[3] 0.034787000 0.035073100 0.035131600 0.034909200 0.034920200 0.035407600 0.035066100 0.034919100 0.034878700 0.035222700 
[4] 0.035695200 0.034868600 0.034670200 0.037339100 0.036088900 0.034856300 0.035214000 0.034843600 0.034978800 0.036448400 
[5] 0.035445200 0.034926800 0.036358700 0.035948300 0.036429800 0.035901400 0.036622900 0.035862500 0.036324700 0.037264500 
[6] 0.035176900 0.034810400 0.037503700 0.036076700 0.035069200 0.034828800 0.036638600 0.035757000 0.034905900 0.034851500 
[7] 0.036882800 0.035070400 0.036188300 0.035797500 0.035615300 0.036482000 0.035010500 0.036719100 0.035051700 0.034874300 
[8] 0.034907800 0.034971300 0.037432400 0.035392600 0.037014600 0.037207400 0.035446800 0.038290300 0.035613600 0.035394600 
[9] 0.035258900 0.034858200 0.034882600 0.035023800 0.034782600 0.035187400 0.034879100 0.034913700 0.034913800 0.035062800 
[AVERAGE] 0.035492505 s
[STANDARD DEVIATION] 0.000792967 s

FEN: 2r5/2P4R/p3kp1p/n3pNpP/4P1P1/8/3b1P2/6K1 w - - 0 2
        [0]         [1]         [2]         [3]         [4]         [5]         [6]         [7]         [8]         [9]
[0] 0.005953400 0.005838400 0.006127800 0.005639600 0.005983400 0.005641900 0.005644500 0.005918300 0.005638400 0.005640400 
[1] 0.005925600 0.005639800 0.005870000 0.005635300 0.005641400 0.006690300 0.006145000 0.005943900 0.005851500 0.005864900 
[2] 0.006234500 0.006215200 0.006496600 0.005963400 0.005874000 0.005910000 0.005883000 0.005728600 0.006118900 0.006568000 
[3] 0.005707900 0.005839100 0.005642500 0.007179300 0.006004000 0.006021800 0.005708300 0.005694200 0.006038200 0.005681500 
[4] 0.005841400 0.005755800 0.005692700 0.006045900 0.005635600 0.005640900 0.005952700 0.005644200 0.005649400 0.005880700 
[5] 0.005638000 0.005858100 0.005637800 0.005638800 0.005980600 0.005639100 0.005637100 0.005909100 0.005640500 0.005755100 
[6] 0.005754300 0.005641900 0.006000800 0.005641100 0.005636700 0.005915400 0.005642800 0.005643400 0.005939300 0.005640200 
[7] 0.006026500 0.005649000 0.005645400 0.006437300 0.006663000 0.006177300 0.006020500 0.005949000 0.006151300 0.005741700 
[8] 0.005723000 0.005999200 0.005686100 0.005940800 0.005699900 0.005698600 0.005969600 0.005669700 0.005739600 0.005868100 
[9] 0.005645500 0.005640900 0.005909900 0.005641000 0.006002900 0.005639200 0.005640600 0.005934700 0.005638100 0.005640700 
[AVERAGE] 0.005860613 s
[STANDARD DEVIATION] 0.000270518 s

FEN: r3k2r/5ppp/p2q2b1/1p2p3/5BP1/7P/PPP1QP2/R5K1 w kq - 0 2
        [0]         [1]         [2]         [3]         [4]         [5]         [6]         [7]         [8]         [9]
[0] 0.060252900 0.061131600 0.059410000 0.058433500 0.058169300 0.058532700 0.058362100 0.058881200 0.058151700 0.061605600 
[1] 0.059181400 0.058156100 0.058504700 0.058457900 0.058206400 0.058482500 0.058531400 0.059629800 0.060747600 0.058856000 
[2] 0.058585700 0.058490400 0.058395800 0.058239600 0.058497200 0.058428200 0.058641900 0.059544500 0.059151700 0.060634100 
[3] 0.058602100 0.058224700 0.058531000 0.058479600 0.059270400 0.058021900 0.060228900 0.059892100 0.058287000 0.060346400 
[4] 0.060252300 0.058206700 0.059014600 0.058792400 0.058356400 0.059681200 0.059479700 0.059258000 0.058299200 0.058134700 
[5] 0.058444500 0.059390100 0.058396700 0.058411900 0.059751700 0.059287500 0.058485700 0.059198500 0.058025200 0.059523900 
[6] 0.058380200 0.058477300 0.058138300 0.060265900 0.058827500 0.060804300 0.059186900 0.058739700 0.059318800 0.058042100 
[7] 0.059312500 0.058386300 0.060310500 0.058787500 0.060805800 0.058626600 0.058757500 0.058493200 0.057998200 0.058359700 
[8] 0.058565600 0.060551900 0.060438500 0.059314800 0.058738300 0.059571600 0.058595000 0.058754200 0.058104600 0.058684700 
[9] 0.060083700 0.058980600 0.058170600 0.058499500 0.058596000 0.058453700 0.058273100 0.058456700 0.058962300 0.061520900 
[AVERAGE] 0.058999036 s
[STANDARD DEVIATION] 0.000849192 s

FEN: 5bk1/pp3Qpn/3q4/4NpP1/2p2P2/7P/4K3/8 b - - 0 2
        [0]         [1]         [2]         [3]         [4]         [5]         [6]         [7]         [8]         [9]
[0] 0.006519200 0.006781300 0.006510100 0.006773900 0.006569200 0.006525700 0.006802400 0.006429300 0.006823600 0.006435300 
[1] 0.006632300 0.006432300 0.006427200 0.006756600 0.006428500 0.006678600 0.006432700 0.006815800 0.007202800 0.006432500 
[2] 0.006774700 0.006429400 0.006665600 0.006428500 0.006567600 0.006609000 0.006581500 0.006876000 0.006431900 0.006657500 
[3] 0.006433200 0.006427900 0.006742400 0.006436400 0.006731700 0.006434200 0.006683800 0.006432900 0.006431100 0.006679600 
[4] 0.006496200 0.006773300 0.006434300 0.006524500 0.006645500 0.006427700 0.006825400 0.006424500 0.006849500 0.006429300 
[5] 0.006430000 0.006786000 0.006592600 0.006762300 0.006419800 0.006752900 0.006599300 0.006591700 0.007012200 0.006428300 
[6] 0.006692000 0.006430000 0.006685600 0.006431500 0.006427700 0.006665400 0.006418500 0.006700500 0.006436100 0.006433600 
[7] 0.006903100 0.006432900 0.006600800 0.006418300 0.007372500 0.007004800 0.006871700 0.007019300 0.006600000 0.006674600 
[8] 0.006463000 0.006518200 0.006768500 0.006555800 0.006851400 0.006529900 0.006427800 0.006754000 0.006434700 0.006693000 
[9] 0.006428000 0.006713000 0.006434700 0.006429900 0.006734900 0.006431400 0.006641600 0.006432100 0.006623300 0.006486400 
[AVERAGE] 0.006606400 s
[STANDARD DEVIATION] 0.000190609 s

FEN: 3r1r1k/p4q1n/1p5p/2p1bp1n/P2p3N/8/1PPQ1B1P/1K1R2R1 w - - 0 2
        [0]         [1]         [2]         [3]         [4]         [5]         [6]         [7]         [8]         [9]
[0] 0.082386100 0.082688800 0.082643900 0.082385400 0.084651600 0.083053800 0.082566800 0.084123000 0.084352500 0.084934900 
[1] 0.085681400 0.086176100 0.082936200 0.082344800 0.082694500 0.088452900 0.085515900 0.095773500 0.089409400 0.091660300 
[2] 0.091124600 0.090777700 0.087714900 0.088089700 0.089495100 0.089504400 0.088046000 0.082676500 0.084502100 0.083713800 
[3] 0.082360200 0.082838100 0.082636000 0.082256800 0.082545600 0.087488400 0.082536100 0.082704100 0.082538200 0.083918300 
[4] 0.083929300 0.085011600 0.083217700 0.082492900 0.084069800 0.083441400 0.082625500 0.083183500 0.084420000 0.082348300 
[5] 0.082550500 0.082493800 0.086193300 0.082290600 0.085295400 0.082707500 0.082443400 0.082755500 0.082984600 0.088942700 
[6] 0.089506600 0.089165700 0.089983800 0.087606000 0.087926500 0.088627100 0.090642200 0.087791100 0.090117200 0.085361700 
[7] 0.082814700 0.082543800 0.084161100 0.083167700 0.082430800 0.082647200 0.082499400 0.083155700 0.082339100 0.083734700 
[8] 0.082538400 0.082414200 0.082489000 0.082830300 0.082419300 0.084761000 0.096579100 0.090946200 0.104078600 0.089370000 
[9] 0.086634500 0.088409500 0.089445900 0.088901800 0.094487600 0.103475700 0.092021800 0.092072700 0.096270800 0.105823700 
[AVERAGE] 0.086174879 s
[STANDARD DEVIATION] 0.004818942 s

FEN: r7/6kp/3pp1p1/8/4P3/5P2/5BPP/rR4K1 w - - 0 2
        [0]         [1]         [2]         [3]         [4]         [5]         [6]         [7]         [8]         [9]
[0] 0.016146000 0.015172000 0.013661100 0.015181300 0.014442400 0.013369100 0.013395900 0.013308100 0.013424900 0.012741600 
[1] 0.013346500 0.013888800 0.013492300 0.013784500 0.012936300 0.013439400 0.014485000 0.013362100 0.013550400 0.013621200 
[2] 0.014347100 0.014024200 0.013851900 0.014250400 0.014198500 0.013782700 0.014128300 0.014225800 0.013830600 0.014348700 
[3] 0.015694500 0.014811900 0.014661300 0.016150100 0.017525300 0.016477300 0.017761900 0.015222400 0.015297900 0.015483900 
[4] 0.014568800 0.014555700 0.017422100 0.016789800 0.016077600 0.015771200 0.016997400 0.018464300 0.016636800 0.015590700 
[5] 0.015562200 0.015703900 0.016020100 0.016289100 0.015884100 0.016018900 0.017053100 0.017367900 0.017792700 0.018085000 
[6] 0.016136300 0.014431300 0.014955000 0.014306500 0.014578700 0.015103800 0.015630100 0.014840000 0.014509500 0.013581700 
[7] 0.014337800 0.014356700 0.015597100 0.013824100 0.013839500 0.015924100 0.016008200 0.013883600 0.013759600 0.014060800 
[8] 0.014646700 0.015124600 0.015143700 0.014485000 0.014723900 0.015214900 0.013622500 0.014282200 0.013736400 0.013966200 
[9] 0.014068400 0.013577700 0.014278200 0.013724800 0.014642000 0.015249900 0.015391500 0.014839100 0.014327100 0.014758800 
[AVERAGE] 0.014889430 s
[STANDARD DEVIATION] 0.001245107 s

FEN: 2r1n1k1/1bq2pp1/p3p2p/8/1P1R1Q2/2N2P1P/1P3P2/1B4K1 b - - 0 2
        [0]         [1]         [2]         [3]         [4]         [5]         [6]         [7]         [8]         [9]
[0] 0.064673400 0.060394900 0.059425500 0.060581200 0.058201000 0.055958700 0.054167400 0.054301300 0.054332900 0.054582200 
[1] 0.055275600 0.054846100 0.054892400 0.054459900 0.054110300 0.055091600 0.054937600 0.054435200 0.058216500 0.056314000 
[2] 0.054341200 0.054373800 0.054470700 0.054475200 0.054374500 0.054657800 0.054285100 0.054719400 0.054434200 0.054469600 
[3] 0.054143800 0.054812800 0.054644300 0.054885800 0.054193600 0.054564300 0.056294200 0.055242500 0.054211100 0.054458500 
[4] 0.054596400 0.054511500 0.067041400 0.063332900 0.061030100 0.058843700 0.054587100 0.054126700 0.054857300 0.054356000 
[5] 0.054125500 0.053914300 0.054887300 0.054096300 0.055133600 0.054094500 0.054272600 0.056599600 0.055033400 0.054507000 
[6] 0.058642400 0.063862900 0.056668300 0.059714200 0.055641600 0.054454600 0.056890900 0.058018100 0.055707300 0.057819500 
[7] 0.058173400 0.054365100 0.059865400 0.056895000 0.058044500 0.057913500 0.059391400 0.060230700 0.055370700 0.059148600 
[8] 0.055669500 0.058005500 0.058426800 0.062898900 0.057532400 0.055793600 0.063998900 0.057695400 0.057808400 0.057610000 
[9] 0.058572800 0.055667400 0.060017700 0.060669500 0.056588000 0.060104100 0.056878900 0.058277900 0.059228700 0.056061700 
[AVERAGE] 0.056695215 s
[STANDARD DEVIATION] 0.002790182 s

FEN: 4rb2/5kp1/1p2p2p/5p2/1PP5/2Bq1NP1/5P1P/4R1K1 w - - 0 2
        [0]         [1]         [2]         [3]         [4]         [5]         [6]         [7]         [8]         [9]
[0] 0.026857700 0.026362400 0.028507500 0.026334900 0.027438000 0.027123900 0.030564000 0.026994600 0.028585800 0.027445600 
[1] 0.027218200 0.027010400 0.026408600 0.026063600 0.029383500 0.026280300 0.026605500 0.025810100 0.026020700 0.025929900 
[2] 0.025767500 0.025921900 0.026128000 0.025688500 0.026228400 0.026093700 0.025706900 0.025957500 0.025967200 0.025860400 
[3] 0.026901400 0.028034900 0.026652800 0.025970100 0.027029300 0.028988500 0.026462500 0.026039900 0.026292800 0.028702100 
[4] 0.026621800 0.029338800 0.026098800 0.026438600 0.026055400 0.025727800 0.025884100 0.025944600 0.025751600 0.027267900 
[5] 0.027872000 0.027574200 0.028678200 0.027249400 0.027200400 0.025730100 0.026177700 0.027484500 0.027191700 0.026003500 
[6] 0.027015000 0.027041100 0.026960400 0.026578400 0.026146500 0.026686600 0.025988600 0.026053100 0.026042200 0.026477900 
[7] 0.028056100 0.027094100 0.027174800 0.026796200 0.026498100 0.026832000 0.028904000 0.027137100 0.029206900 0.027409800 
[8] 0.027110400 0.026927800 0.026867500 0.026743600 0.027968700 0.028417700 0.027534700 0.027376700 0.028797800 0.026325200 
[9] 0.026234900 0.025798400 0.026572600 0.028779800 0.026116100 0.030464000 0.026892800 0.026148400 0.027103400 0.029727100 
[AVERAGE] 0.026976371 s
[STANDARD DEVIATION] 0.001099877 s

FEN: 6k1/5p2/6p1/8/7p/8/6PP/6K1 b - - 0 0
        [0]         [1]         [2]         [3]         [4]         [5]         [6]         [7]         [8]         [9]
[0] 0.000150800 0.000143400 0.000140800 0.000139800 0.000139100 0.000138900 0.000138800 0.000138800 0.000138600 0.000138700 
[1] 0.000138900 0.000138600 0.000138700 0.000138400 0.000138700 0.000138300 0.000138500 0.000138700 0.000138300 0.000138400 
[2] 0.000138100 0.000138600 0.000138500 0.000138400 0.000138300 0.000138200 0.000138500 0.000138600 0.000138200 0.000138600 
[3] 0.000138600 0.000138300 0.000138200 0.000138200 0.000179100 0.000138300 0.000138000 0.000138000 0.000138300 0.000138300 
[4] 0.000138500 0.000138500 0.000138400 0.000151600 0.000138600 0.000138300 0.000138200 0.000138600 0.000178300 0.000138300 
[5] 0.000138800 0.000138300 0.000138800 0.000138200 0.000138600 0.000138300 0.000138600 0.000138500 0.000138300 0.000138400 
[6] 0.000138400 0.000138400 0.000138300 0.000138200 0.000166900 0.000319200 0.000203300 0.000135200 0.000135200 0.000134900 
[7] 0.000134800 0.000134900 0.000134700 0.000179600 0.000135700 0.000134600 0.000135000 0.000134800 0.000135000 0.000134900 
[8] 0.000134900 0.000135300 0.000134900 0.000134900 0.000134900 0.000134900 0.000135000 0.000134600 0.000134900 0.000134300 
[9] 0.000134900 0.000134700 0.000134900 0.000134900 0.000134900 0.000134800 0.000174100 0.000154700 0.000135000 0.000135200 
[AVERAGE] 0.000142213 s
[STANDARD DEVIATION] 0.000020850 s

FEN: 3k4/2n2B2/1KP5/2B2p2/5b1p/7P/8/8 b - - 0 0
        [0]         [1]         [2]         [3]         [4]         [5]         [6]         [7]         [8]         [9]
[0] 0.004078100 0.004064800 0.004339300 0.004075400 0.004071900 0.003994600 0.004432100 0.003994400 0.004097800 0.004307400 
[1] 0.004263100 0.003997700 0.003995600 0.004379600 0.004001500 0.004000300 0.003999700 0.004233800 0.003993000 0.003992100 
[2] 0.003993300 0.004241900 0.003988700 0.003987700 0.003991400 0.004196900 0.003995100 0.004029000 0.004071800 0.004262700 
[3] 0.003993900 0.003988100 0.003986600 0.004377500 0.003994100 0.003991900 0.004450300 0.004013900 0.003993000 0.003994700 
[4] 0.004180700 0.004489300 0.003987900 0.003989800 0.004170500 0.003992400 0.003990500 0.003986100 0.004275900 0.003985000 
[5] 0.003986800 0.003986600 0.004328600 0.003997000 0.005305100 0.004426600 0.004480100 0.004560400 0.004149700 0.004097300 
[6] 0.004091500 0.004034100 0.004274800 0.004078700 0.004042400 0.005041000 0.004564900 0.004848600 0.004558400 0.004496700 
[7] 0.004211900 0.004209900 0.004104000 0.004062400 0.004343300 0.004051000 0.004090800 0.003995000 0.004636800 0.004197100 
[8] 0.004108900 0.004033800 0.004216600 0.004378000 0.003993200 0.003994600 0.004278800 0.003989100 0.003991700 0.004702500 
[9] 0.004003100 0.004003900 0.003998700 0.004356800 0.003990600 0.003988400 0.003990600 0.004258500 0.004002700 0.004534600 
[AVERAGE] 0.004169694 s
[STANDARD DEVIATION] 0.000244709 s

FEN: r7/4R2P/3p4/3k1K2/2p5/8/8/8 b - - 0 0
        [0]         [1]         [2]         [3]         [4]         [5]         [6]         [7]         [8]         [9]
[0] 0.006063600 0.005783000 0.005298300 0.004861700 0.004744700 0.004739200 0.004730800 0.005070800 0.004658800 0.004698600 
[1] 0.004937000 0.004663000 0.004651900 0.005070700 0.004718700 0.004657300 0.004979500 0.004614200 0.004611400 0.004610600 
[2] 0.004902900 0.004616400 0.004614300 0.005015700 0.004621800 0.004619700 0.004875000 0.004615800 0.004616500 0.004622500 
[3] 0.004750800 0.004612800 0.004616000 0.005073500 0.004613100 0.004614100 0.004925600 0.004614800 0.004613300 0.004611300 
[4] 0.004889400 0.004609600 0.004613000 0.005023400 0.004621100 0.004617400 0.005156700 0.004728700 0.004786200 0.004948700 
[5] 0.004768600 0.004769900 0.004733800 0.004978800 0.004639800 0.004635100 0.004885400 0.004634600 0.004633500 0.004961100 
[6] 0.004627400 0.004638700 0.004978600 0.004627700 0.004638100 0.004627700 0.004842200 0.004634500 0.004625500 0.004884400 
[7] 0.004636600 0.004634400 0.004891100 0.004635000 0.004631500 0.004633100 0.005008700 0.004636600 0.004630400 0.004876300 
[8] 0.004643900 0.004628300 0.005455100 0.004883700 0.004997300 0.004946000 0.004762100 0.004679000 0.005023700 0.004671600 
[9] 0.004664200 0.004983200 0.004793800 0.004686600 0.004670000 0.004983700 0.004732800 0.004630200 0.005057500 0.004632800 
[AVERAGE] 0.004788285 s
[STANDARD DEVIATION] 0.000239586 s

FEN: 8/8/5p2/1P1K1k2/8/2r5/8/7R w - - 0 0
        [0]         [1]         [2]         [3]         [4]         [5]         [6]         [7]         [8]         [9]
[0] 0.003632700 0.003620200 0.003855100 0.003613000 0.003620600 0.003617300 0.004336900 0.003612600 0.003615500 0.003612700 
[1] 0.003861200 0.003608900 0.003611100 0.003606000 0.003938900 0.003617200 0.003617500 0.003614200 0.003853500 0.003802300 
[2] 0.003612500 0.003611500 0.003860500 0.003613200 0.003613200 0.003610800 0.003812900 0.004441800 0.003621600 0.003618100 
[3] 0.003629600 0.003730200 0.003616200 0.003621700 0.003625000 0.003887700 0.003616500 0.003620100 0.003626900 0.003980200 
[4] 0.003614200 0.003614100 0.003617500 0.003928100 0.003622300 0.003620400 0.003622700 0.003804700 0.003710800 0.003709000 
[5] 0.003709700 0.003708000 0.003900100 0.003615300 0.003611800 0.003622700 0.003902200 0.003611700 0.004547400 0.004700000 
[6] 0.003755100 0.003902700 0.003754000 0.003834500 0.003765200 0.003612200 0.003700400 0.003866300 0.003890500 0.004004100 
[7] 0.004336000 0.003819100 0.004186900 0.004486400 0.004062100 0.004036800 0.003821800 0.003766800 0.003735100 0.003842700 
[8] 0.003797200 0.003755500 0.003794300 0.004361000 0.003765900 0.003817500 0.003765200 0.003996100 0.003835000 0.003830800 
[9] 0.003734100 0.003993300 0.003729400 0.003719900 0.003724300 0.003836300 0.003736900 0.003715500 0.003737200 0.004058400 
[AVERAGE] 0.003793128 s
[STANDARD DEVIATION] 0.000226798 s

FEN: 5n2/R7/4pk2/8/5PK1/8/8/8 b - - 0 0
        [0]         [1]         [2]         [3]         [4]         [5]         [6]         [7]         [8]         [9]
[0] 0.001046800 0.001042900 0.001054200 0.001038500 0.001076600 0.001037200 0.001036800 0.001037900 0.001050200 0.001143400 
[1] 0.001038400 0.001038900 0.001037600 0.001298700 0.001041500 0.001040600 0.001037500 0.001039300 0.001075900 0.001038600 
[2] 0.001036700 0.001035300 0.001051300 0.001038100 0.001037400 0.001037400 0.001036500 0.001038900 0.001219900 0.001016900 
[3] 0.001011300 0.001013400 0.001019200 0.001012400 0.001012500 0.001010200 0.001010100 0.001013300 0.001013300 0.001011500 
[4] 0.001010700 0.001010900 0.001010800 0.001328100 0.001010700 0.001009400 0.001019100 0.001010400 0.001009700 0.001009200 
[5] 0.001009100 0.001008500 0.001009000 0.001009300 0.001009200 0.001009200 0.001008100 0.001009100 0.001250600 0.001008800 
[6] 0.001010200 0.001016100 0.001010100 0.001009400 0.001010100 0.001008900 0.001009700 0.001009000 0.001009400 0.001008500 
[7] 0.001008200 0.001008200 0.001056700 0.001284100 0.001013400 0.001017700 0.001011400 0.001011100 0.001010700 0.001012200 
[8] 0.001011400 0.001012100 0.001011000 0.001010500 0.001011500 0.001011100 0.001009900 0.001011300 0.001261900 0.001011400 
[9] 0.001011300 0.001016500 0.001011500 0.001010900 0.001011100 0.001010100 0.001011000 0.001009900 0.001009300 0.001009900 
[AVERAGE] 0.001036957 s
[STANDARD DEVIATION] 0.000063587 s

FEN: 3Q4/8/1k6/7p/p1p4P/2q3PB/7K/8 b - - 0 0
        [0]         [1]         [2]         [3]         [4]         [5]         [6]         [7]         [8]         [9]
[0] 0.004933300 0.004704300 0.004688000 0.004687700 0.005595800 0.004764100 0.004700300 0.006498600 0.005112500 0.005121000 
[1] 0.004991400 0.004756700 0.004763000 0.004966500 0.004739700 0.004792600 0.005604300 0.004784400 0.004785000 0.004974500 
[2] 0.004695500 0.004835100 0.004806400 0.005427800 0.005554000 0.005739900 0.006089600 0.005587000 0.005185800 0.004935300 
[3] 0.004820400 0.005178700 0.004811900 0.004827400 0.005046900 0.004738700 0.004738700 0.005924400 0.005208800 0.005616000 
[4] 0.005439400 0.005168100 0.004963600 0.005084900 0.004932200 0.004874500 0.005332300 0.004949300 0.004923200 0.005140200 
[5] 0.004966300 0.004793800 0.004889900 0.004952700 0.004673000 0.004677300 0.004879200 0.004671600 0.005058800 0.004941400 
[6] 0.004670400 0.004670900 0.005071100 0.004718800 0.004671600 0.004671400 0.005765700 0.005527100 0.005574800 0.005087500 
[7] 0.005662600 0.006557800 0.005430900 0.005081300 0.004953200 0.004861100 0.005031100 0.004737900 0.004706800 0.004755000 
[8] 0.005839500 0.005958800 0.005362100 0.005370700 0.005027200 0.004824300 0.004791600 0.005061600 0.004743800 0.004730500 
[9] 0.005036300 0.004724800 0.004746600 0.004925800 0.004686900 0.004822300 0.004775200 0.004978700 0.004685900 0.004688900 
[AVERAGE] 0.005050322 s
[STANDARD DEVIATION] 0.000402962 s

FEN: 4q3/2R4P/5R2/1p6/p3k3/P7/KP6/8 b - - 0 0
        [0]         [1]         [2]         [3]         [4]         [5]         [6]         [7]         [8]         [9]
[0] 0.017084900 0.014705700 0.014622100 0.014744700 0.015092400 0.016571100 0.015105800 0.014817500 0.014649500 0.014593600 
[1] 0.014497100 0.014311200 0.014477100 0.014606300 0.015948400 0.015234600 0.014779100 0.014698700 0.016954700 0.014625800 
[2] 0.014846400 0.014902200 0.014724100 0.014543300 0.014457000 0.014474400 0.014471100 0.014447100 0.014515100 0.014602100 
[3] 0.014416700 0.014509000 0.014254100 0.014574000 0.014636700 0.014528200 0.014634700 0.014733200 0.014635100 0.014527300 
[4] 0.014462700 0.014420600 0.014466700 0.014396800 0.014428700 0.014555500 0.014246800 0.014534900 0.014563800 0.016456700 
[5] 0.014638300 0.016117900 0.015096600 0.015727100 0.022420400 0.015436600 0.016753600 0.014948300 0.014719900 0.014741000 
[6] 0.014709700 0.014597800 0.014481900 0.014877200 0.017860200 0.018034800 0.015223300 0.015003300 0.014788200 0.015066000 
[7] 0.014433600 0.014776500 0.014616800 0.014438600 0.014195700 0.014512400 0.014492800 0.014542200 0.014532300 0.014373500 
[8] 0.014392500 0.014536800 0.014869600 0.015090100 0.014905900 0.015146800 0.014934600 0.016532900 0.015377200 0.016358500 
[9] 0.015418600 0.016406900 0.015189400 0.016619800 0.015417800 0.016597200 0.014981000 0.016370200 0.015085900 0.015941000 
[AVERAGE] 0.015104145 s
[STANDARD DEVIATION] 0.001086616 s

FEN: R7/8/5rk1/5p2/1p5P/5KP1/P7/8 b - - 0 0
        [0]         [1]         [2]         [3]         [4]         [5]         [6]         [7]         [8]         [9]
[0] 0.003913100 0.004534400 0.003472200 0.003449300 0.003414800 0.003645800 0.003420900 0.003413100 0.003376400 0.004401400 
[1] 0.004067600 0.003658400 0.003673300 0.003669900 0.003444000 0.003412500 0.003417400 0.003763000 0.003411000 0.003408500 
[2] 0.003413500 0.003484400 0.003705600 0.003376400 0.003372200 0.003365800 0.003861400 0.003341800 0.003321500 0.003420200 
[3] 0.003330000 0.003970300 0.003432700 0.003333400 0.003341600 0.003558800 0.003446400 0.003427800 0.003455300 0.003433900 
[4] 0.003743400 0.003335100 0.004546800 0.003448000 0.003698300 0.003916400 0.004729600 0.003753700 0.003563500 0.003565200 
[5] 0.003473100 0.003428000 0.003731500 0.003421200 0.003381700 0.003384600 0.003530600 0.003376600 0.003380200 0.003381300 
[6] 0.003422700 0.003563100 0.003420000 0.003332300 0.003507400 0.003673000 0.003511700 0.003325000 0.003324400 0.003322300 
[7] 0.003322900 0.003859800 0.003328600 0.003327500 0.003324400 0.003649800 0.003363800 0.003326100 0.003324000 0.003352600 
[8] 0.003775800 0.003316300 0.003315700 0.003318600 0.003318000 0.003595000 0.003365300 0.003319900 0.003318700 0.003604900 
[9] 0.003327700 0.003325300 0.003324000 0.003324400 0.003764300 0.003333900 0.003328800 0.003328200 0.004504200 0.003529000 
[AVERAGE] 0.003530682 s
[STANDARD DEVIATION] 0.000290019 s

FEN: 3k4/5ppp/2q5/3p2r1/8/1Q3P2/P4P1P/3R3K w - - 0 1
        [0]         [1]         [2]         [3]         [4]         [5]         [6]         [7]         [8]         [9]
[0] 0.036188800 0.034822200 0.033027600 0.032625700 0.032665500 0.032479000 0.032523900 0.032384700 0.032657500 0.034098500 
[1] 0.034431100 0.034732700 0.036137200 0.036313500 0.032941400 0.035570100 0.032833800 0.033559800 0.034752900 0.035144400 
[2] 0.033645100 0.032791600 0.032636100 0.040461100 0.032906200 0.035342300 0.034042900 0.034003800 0.035341300 0.034378800 
[3] 0.047246400 0.037308500 0.036761500 0.034402400 0.034026300 0.034138100 0.044919500 0.037677200 0.034388300 0.034531500 
[4] 0.034895900 0.033883100 0.035267300 0.041787000 0.049639100 0.035942500 0.041558300 0.038638400 0.043991100 0.047563500 
[5] 0.056317300 0.040759800 0.034726700 0.034775300 0.039397000 0.043608800 0.039592500 0.049154400 0.042923000 0.045597000 
[6] 0.042021000 0.037983700 0.047589100 0.042922600 0.038690600 0.039354600 0.044680500 0.045876100 0.041321300 0.037100400 
[7] 0.035043900 0.032675800 0.033380500 0.035029000 0.035143500 0.034011600 0.033678700 0.039657600 0.039776300 0.040280800 
[8] 0.035886400 0.033615000 0.034119800 0.035547100 0.038248800 0.038074800 0.036811200 0.038118600 0.038721800 0.038699300 
[9] 0.039979500 0.039882300 0.039169800 0.040512200 0.038496200 0.035626200 0.034336100 0.033147600 0.033918600 0.033724400 
[AVERAGE] 0.037437105 s
[STANDARD DEVIATION] 0.004631801 s

FEN: 4R3/1k6/1p2P1p1/p7/4r3/1P1r4/1K6/2R5 w - - 0 0
        [0]         [1]         [2]         [3]         [4]         [5]         [6]         [7]         [8]         [9]
[0] 0.021341200 0.021719700 0.021390900 0.021182100 0.021439500 0.021118000 0.021252300 0.021419800 0.021339500 0.021351100 
[1] 0.021170600 0.021991100 0.021358900 0.022212900 0.021124700 0.021644400 0.021376300 0.021554600 0.021233300 0.021251000 
[2] 0.021416600 0.021258800 0.021962300 0.021605200 0.021161600 0.022451600 0.026172800 0.024383300 0.024235900 0.025147300 
[3] 0.023789900 0.026013800 0.023882200 0.024345800 0.023151100 0.023430200 0.022977800 0.024809700 0.023896800 0.024780300 
[4] 0.024725900 0.024266800 0.025364800 0.024782400 0.025329400 0.025020100 0.024486500 0.024163000 0.025283300 0.024568200 
[5] 0.024590700 0.026343500 0.025219500 0.024047700 0.024807900 0.024459600 0.025654500 0.024037000 0.025473200 0.024864300 
[6] 0.025335700 0.026304000 0.024246300 0.024371600 0.023579100 0.024413500 0.023621700 0.025474600 0.024881500 0.024292800 
[7] 0.024671500 0.024934800 0.024434300 0.024468600 0.024548900 0.024855500 0.022961500 0.023557100 0.024827400 0.022839900 
[8] 0.025656000 0.025020100 0.025572200 0.026783500 0.026226200 0.025168400 0.024921600 0.024185400 0.023234800 0.025303600 
[9] 0.024851700 0.023560500 0.025109200 0.023525500 0.023830200 0.023241800 0.023851800 0.026063000 0.024005600 0.023499300 
[AVERAGE] 0.023790639 s
[STANDARD DEVIATION] 0.001575188 s

FEN: 5k2/R7/3K4/4p3/5P2/8/8/5r2 w - - 0 0
        [0]         [1]         [2]         [3]         [4]         [5]         [6]         [7]         [8]         [9]
[0] 0.004851300 0.004497900 0.004787300 0.004276500 0.004175400 0.004452800 0.004371000 0.004163900 0.004157800 0.004469600 
[1] 0.004329700 0.004065200 0.004371800 0.004636000 0.004369900 0.004055300 0.004613500 0.004313200 0.004339000 0.004055600 
[2] 0.004517500 0.004796700 0.004311000 0.004176300 0.004280300 0.004292000 0.004179500 0.004513500 0.004366400 0.004328200 
[3] 0.004235800 0.004297300 0.004899300 0.004368000 0.004478000 0.004075300 0.004421400 0.006377400 0.005263000 0.004981500 
[4] 0.004358400 0.004180500 0.004691700 0.004559000 0.004341200 0.004071400 0.005116000 0.004814800 0.004294300 0.004055600 
[5] 0.004502800 0.004357200 0.004342100 0.004490100 0.004603200 0.004327700 0.004346000 0.004300400 0.004316300 0.004322700 
[6] 0.004402400 0.004305400 0.004305700 0.004308700 0.004456300 0.004113500 0.004344300 0.004371200 0.004372200 0.004438800 
[7] 0.004339800 0.004563100 0.004073800 0.004258600 0.004324600 0.004545500 0.004018100 0.004277900 0.004344700 0.004508100 
[8] 0.004061900 0.004342800 0.004519700 0.004172600 0.004209400 0.004262100 0.004539100 0.004051600 0.004291800 0.004326200 
[9] 0.005094100 0.004911700 0.004372500 0.004508900 0.004797900 0.004731400 0.005582200 0.004918400 0.004330100 0.004822300 
[AVERAGE] 0.004444219 s
[STANDARD DEVIATION] 0.000338682 s

FEN: 5k2/1R6/4p1p1/1pr3Pp/7P/1K6/8/8 w - - 0 0
        [0]         [1]         [2]         [3]         [4]         [5]         [6]         [7]         [8]         [9]
[0] 0.002161100 0.002236800 0.002518900 0.002323500 0.002306500 0.002286200 0.002512100 0.002281000 0.002339100 0.002149300 
[1] 0.002606100 0.002479000 0.003008200 0.002523000 0.002272300 0.002896200 0.002293700 0.002359800 0.002808900 0.002735400 
[2] 0.002627200 0.002462800 0.002755600 0.002548600 0.002700100 0.002427700 0.002439200 0.002627500 0.002385900 0.002686500 
[3] 0.002913900 0.002546200 0.002603400 0.003063300 0.003592800 0.003864900 0.002794900 0.002425200 0.002269100 0.002616900 
[4] 0.002218200 0.002381900 0.002325200 0.002151000 0.002549100 0.002160300 0.002157400 0.002371700 0.002155400 0.002392200 
[5] 0.002102000 0.002102600 0.002135100 0.002098600 0.002098600 0.002220700 0.002099500 0.002097900 0.002073000 0.002050000 
[6] 0.002163300 0.002043400 0.003067500 0.002574400 0.002084400 0.002145800 0.002041000 0.002041700 0.002086000 0.002299000 
[7] 0.002048500 0.002146200 0.002045400 0.002057000 0.002049300 0.002046800 0.002442900 0.002099000 0.002100200 0.002098400 
[8] 0.002106400 0.002080500 0.002045700 0.002164600 0.002155000 0.002044700 0.002042700 0.002050300 0.002044200 0.002043400 
[9] 0.002045700 0.002214000 0.002047800 0.002046000 0.002054200 0.002049400 0.002047500 0.002043400 0.002229200 0.002046400 
[AVERAGE] 0.002326705 s
[STANDARD DEVIATION] 0.000332989 s

FEN: 5k2/8/p7/4K1P1/P4R2/6r1/8/8 b - - 0 0
        [0]         [1]         [2]         [3]         [4]         [5]         [6]         [7]         [8]         [9]
[0] 0.001994200 0.001993300 0.001986000 0.001983100 0.001983800 0.001982800 0.002280200 0.001984900 0.001988300 0.001996000 
[1] 0.001987100 0.001984300 0.001983300 0.001983900 0.002329800 0.001982100 0.001994900 0.001984700 0.002235900 0.001983500 
[2] 0.001981200 0.002412100 0.001981300 0.001991700 0.001983200 0.002361900 0.002083800 0.001980800 0.002235000 0.002044800 
[3] 0.002050500 0.002039200 0.002036300 0.002036500 0.002038800 0.002147200 0.002174600 0.001984500 0.001994100 0.001986000 
[4] 0.002048300 0.002055800 0.001981300 0.001979400 0.001978000 0.001978100 0.001979300 0.001979100 0.002398100 0.001980900 
[5] 0.001980600 0.001976100 0.001979400 0.001976900 0.001975800 0.002249900 0.001985600 0.001980700 0.001977400 0.001980500 
[6] 0.001978800 0.001980000 0.001978200 0.002259400 0.002887300 0.002995100 0.003044000 0.003013000 0.002352400 0.002334700 
[7] 0.002440200 0.002786000 0.002456200 0.002142100 0.002492900 0.002528500 0.002184300 0.002093700 0.002267100 0.002253100 
[8] 0.002859500 0.002827000 0.002557600 0.002697000 0.002093500 0.002089400 0.002214700 0.002087600 0.002570500 0.002373800 
[9] 0.002346400 0.002454400 0.002443100 0.002299600 0.002345200 0.002207500 0.002652500 0.002199400 0.002547900 0.002511400 
[AVERAGE] 0.002194318 s
[STANDARD DEVIATION] 0.000276167 s

FEN: 8/8/8/p2r1k2/7p/PP1RK3/6P1/8 b - - 0 0
        [0]         [1]         [2]         [3]         [4]         [5]         [6]         [7]         [8]         [9]
[0] 0.003350300 0.003688300 0.003948500 0.002854500 0.003023700 0.002849000 0.002921300 0.002779700 0.003020200 0.002772300 
[1] 0.002801700 0.002770500 0.002771700 0.002927200 0.002762300 0.002702600 0.002757100 0.002702700 0.002744500 0.003098500 
[2] 0.002761400 0.002703100 0.002731500 0.002716400 0.003980900 0.004666600 0.004951500 0.004378100 0.004524600 0.004378700 
[3] 0.003190700 0.002883000 0.002840300 0.002842900 0.002777500 0.002814100 0.002901100 0.002976600 0.002985700 0.002774800 
[4] 0.002837500 0.002782800 0.002817700 0.002891300 0.002774100 0.002744500 0.003106500 0.002987400 0.002979400 0.002747600 
[5] 0.002748700 0.002704200 0.002805900 0.002704700 0.003079900 0.002705300 0.002745900 0.003663400 0.003532800 0.003140400 
[6] 0.003056200 0.004614800 0.003167100 0.003325400 0.002898300 0.003080400 0.002854100 0.002948400 0.002761100 0.002744200 
[7] 0.003073400 0.002717100 0.002716800 0.002717900 0.002705100 0.002728000 0.002950500 0.002754900 0.002704900 0.002747100 
[8] 0.002747000 0.002705100 0.003008300 0.002700900 0.002800900 0.002759100 0.002701600 0.003026300 0.002702900 0.002706800 
[9] 0.002707100 0.002707900 0.002706200 0.002933400 0.002707100 0.002705400 0.003913600 0.003978400 0.006446700 0.005032200 
[AVERAGE] 0.003074887 s
[STANDARD DEVIATION] 0.000629860 s

FEN: 8/8/8/1P4p1/5k2/5p2/P6K/8 b - - 0 0
        [0]         [1]         [2]         [3]         [4]         [5]         [6]         [7]         [8]         [9]
[0] 0.000246000 0.000210100 0.000203800 0.000175100 0.000242900 0.000316300 0.000403200 0.000302200 0.000303300 0.000443800 
[1] 0.000316100 0.000343800 0.000296800 0.000285100 0.000311500 0.000254500 0.000260000 0.000257600 0.000302800 0.000279600 
[2] 0.000281700 0.000292500 0.000203300 0.000398600 0.000190600 0.000193000 0.000216300 0.000245900 0.000202700 0.000173800 
[3] 0.000290500 0.000307600 0.000188000 0.000216000 0.000173500 0.000173800 0.000174100 0.000215500 0.000214600 0.000174100 
[4] 0.000174200 0.000290100 0.000217200 0.000175000 0.000173900 0.000175300 0.000290700 0.000188700 0.000216600 0.000244200 
[5] 0.000404600 0.000189500 0.000271200 0.000331400 0.000179000 0.000178600 0.000178400 0.000178200 0.000178100 0.000178000 
[6] 0.000178300 0.000178100 0.000178300 0.000178200 0.000178000 0.000178100 0.000178200 0.000178200 0.000178000 0.000178100 
[7] 0.000178000 0.000178100 0.000177900 0.000178200 0.000178100 0.000178100 0.000178300 0.000178100 0.000178300 0.000178000 
[8] 0.000221100 0.000178300 0.000178500 0.000178300 0.000178200 0.000178400 0.000178300 0.000178300 0.000178100 0.000178200 
[9] 0.000178300 0.000218500 0.000178400 0.000178200 0.000178100 0.000178500 0.000178300 0.000178300 0.000178400 0.000178200 
[AVERAGE] 0.000219050 s
[STANDARD DEVIATION] 0.000061849 s

FEN: 3b2k1/1p3p2/p1p5/2P4p/1P2P1p1/5p2/5P2/4RK2 w - - 0 0
        [0]         [1]         [2]         [3]         [4]         [5]         [6]         [7]         [8]         [9]
[0] 0.001409300 0.001851900 0.001890300 0.002012600 0.001648100 0.001951100 0.001872400 0.001935700 0.001691200 0.001391400 
[1] 0.001444900 0.001657400 0.001418900 0.001396300 0.001395300 0.001669700 0.001397500 0.001394600 0.001395400 0.001445900 
[2] 0.001458500 0.001873400 0.001323700 0.001369400 0.001325100 0.001369200 0.001655900 0.001363100 0.001360600 0.001358600 
[3] 0.001359600 0.001358100 0.001359600 0.001354600 0.001324700 0.001368900 0.001380200 0.001560600 0.001328000 0.001327100 
[4] 0.001412400 0.001325000 0.001325600 0.001326200 0.001367700 0.001367700 0.001325300 0.001325100 0.001324400 0.001551100 
[5] 0.001368600 0.001326200 0.001325400 0.001325100 0.001323900 0.001426100 0.001326600 0.001327700 0.001325600 0.001327100 
[6] 0.001597400 0.001326200 0.001324700 0.001324400 0.001323100 0.001324300 0.001324600 0.001327200 0.001323800 0.001323800 
[7] 0.001323000 0.001324300 0.001484800 0.001330700 0.001328000 0.001326400 0.001328300 0.001325500 0.001326100 0.001326900 
[8] 0.001324300 0.001324100 0.001324000 0.001586300 0.001435900 0.001323100 0.001324100 0.001324600 0.001324700 0.001323700 
[9] 0.001322800 0.001324700 0.001324000 0.001324500 0.001323400 0.001599800 0.001325500 0.001321800 0.001323900 0.001325400 
[AVERAGE] 0.001415757 s
[STANDARD DEVIATION] 0.000163838 s

FEN: 5k2/3R4/2K1p1p1/4P1P1/5P2/8/3r4/8 b - - 0 0
        [0]         [1]         [2]         [3]         [4]         [5]         [6]         [7]         [8]         [9]
[0] 0.002779200 0.002767300 0.002770600 0.003054800 0.002768500 0.002768400 0.002768700 0.002767900 0.003136400 0.002766000 
[1] 0.002881500 0.003064400 0.003165600 0.002864700 0.003053400 0.002763100 0.002838100 0.002770100 0.002768500 0.002808800 
[2] 0.003022400 0.002892600 0.002765300 0.002795400 0.002767200 0.003003600 0.002959700 0.002805600 0.003085700 0.003963700 
[3] 0.004221100 0.003375200 0.003186600 0.002842700 0.003220800 0.002841800 0.002939100 0.002836500 0.002836700 0.002836000 
[4] 0.002864400 0.003134200 0.002829300 0.003634800 0.003605700 0.003785400 0.002856500 0.003150700 0.002839700 0.003169600 
[5] 0.002846600 0.003143300 0.002832100 0.002863200 0.002834600 0.002834300 0.003147800 0.002856600 0.002808800 0.002806900 
[6] 0.003392800 0.002852000 0.002995900 0.002854400 0.002771000 0.002869300 0.002764300 0.003073100 0.002868700 0.002773300 
[7] 0.002770900 0.002770500 0.002771200 0.003166100 0.002768500 0.002767300 0.002767900 0.002767300 0.003117300 0.002768900 
[8] 0.002769100 0.002765300 0.002762200 0.002764800 0.002999300 0.002765500 0.002765900 0.002765800 0.002766300 0.003128000 
[9] 0.002764700 0.002764700 0.002765600 0.002763400 0.002765200 0.002954700 0.002763500 0.002762900 0.002763000 0.002763300 
[AVERAGE] 0.002931021 s
[STANDARD DEVIATION] 0.000262417 s

FEN: 6k1/6pp/5p2/8/5P2/P7/2K4P/8 b - - 0 0
        [0]         [1]         [2]         [3]         [4]         [5]         [6]         [7]         [8]         [9]
[0] 0.000339800 0.000333100 0.000332600 0.000332200 0.000331800 0.000331400 0.000566600 0.000382200 0.000340300 0.000339800 
[1] 0.000340700 0.000344400 0.000330800 0.000331300 0.000330900 0.000330700 0.000331200 0.000330900 0.000331200 0.000331100 
[2] 0.000330900 0.000330800 0.000331300 0.000330600 0.000450600 0.000568800 0.000497800 0.000530700 0.000503600 0.000513300 
[3] 0.000378600 0.000350800 0.000386800 0.000444700 0.000478700 0.000728200 0.000578000 0.000461600 0.000626500 0.000495000 
[4] 0.000449100 0.000464700 0.000338900 0.000339000 0.000397800 0.000339900 0.000339300 0.000342100 0.000338900 0.000339000 
[5] 0.000499100 0.000453700 0.000364200 0.000339200 0.000339100 0.000341100 0.000339400 0.000339200 0.000340800 0.000339600 
[6] 0.000339400 0.000340500 0.000339200 0.000339000 0.000341000 0.000339400 0.000430500 0.000621500 0.000343900 0.000343300 
[7] 0.000340700 0.000340500 0.000342800 0.000340200 0.000339900 0.000341100 0.000339500 0.000340000 0.000340000 0.000338900 
[8] 0.000339800 0.000350800 0.000369300 0.000339500 0.000397900 0.000338700 0.000338800 0.000338400 0.000338700 0.000339100 
[9] 0.000339200 0.000339100 0.000338700 0.000338800 0.000338800 0.000338400 0.000343500 0.000329900 0.000330500 0.000359600 
[AVERAGE] 0.000377332 s
[STANDARD DEVIATION] 0.000078866 s

FEN: 8/3R4/8/r3N2p/P1Pp1P2/2k2K1P/3r4/8 w - - 0 0
        [0]         [1]         [2]         [3]         [4]         [5]         [6]         [7]         [8]         [9]
[0] 0.010612700 0.010580800 0.010874700 0.010743600 0.010910200 0.010571400 0.012052600 0.011846800 0.011217600 0.014114200 
[1] 0.011106200 0.010577000 0.010757000 0.010773800 0.011181400 0.013543700 0.011737500 0.011080900 0.010781300 0.010798500 
[2] 0.010528300 0.011886100 0.012861200 0.010997900 0.010620200 0.010874100 0.010700400 0.010490300 0.010871700 0.010706500 
[3] 0.010365900 0.010581500 0.013573500 0.013438800 0.011345900 0.010773900 0.010761300 0.010596400 0.010525800 0.013969700 
[4] 0.012224200 0.011008100 0.010917000 0.010722600 0.010571900 0.010857900 0.010720600 0.010351300 0.010704100 0.010564100 
[5] 0.010335100 0.010620400 0.012431000 0.012437100 0.010715400 0.010867200 0.010523800 0.010953600 0.014216900 0.011432100 
[6] 0.010851800 0.012382900 0.011995500 0.011004600 0.010564700 0.010801700 0.012216400 0.012260100 0.011363900 0.010794300 
[7] 0.011422500 0.011906900 0.012880600 0.010972300 0.010648600 0.010448100 0.011392800 0.013011900 0.010959100 0.010914300 
[8] 0.011459700 0.010653200 0.010509200 0.013727200 0.011527900 0.010555200 0.010768000 0.010850100 0.010489700 0.012344300 
[9] 0.012947200 0.011147400 0.010676800 0.014133600 0.011030000 0.010660400 0.010830200 0.010648900 0.010535400 0.010767900 
[AVERAGE] 0.011305610 s
[STANDARD DEVIATION] 0.000982563 s

FEN: 6k1/8/6r1/8/5b2/2PR4/4K3/8 w - - 0 0        [0]         [1]         [2]         [3]         [4]         [5]         [6]         [7]         [8]         [9]
[0] 0.007892200 0.007643300 0.008750500 0.006790100 0.006405100 0.006419100 0.006236200 0.006069400 0.006195700 0.005932000 
[1] 0.005947400 0.006456600 0.008279600 0.007070600 0.006492300 0.006367500 0.006114900 0.006254200 0.005898600 0.005893500 
[2] 0.006269600 0.006008200 0.006128900 0.007798900 0.007541000 0.006558700 0.006354000 0.006124700 0.006000500 0.006277000 
[3] 0.006007300 0.005970300 0.006292600 0.006019600 0.006055300 0.008077800 0.007287400 0.006339600 0.006459700 0.006345700 
[4] 0.006041300 0.006338800 0.005973300 0.005959200 0.006270300 0.005955800 0.007242100 0.007376000 0.006633900 0.006184700 
[5] 0.006024600 0.006382900 0.005929600 0.006070000 0.006228800 0.005969800 0.006652200 0.008049200 0.006411900 0.006526100 
[6] 0.006373900 0.006668400 0.006310200 0.006083400 0.005976900 0.006219400 0.005958500 0.006297900 0.005989500 0.005879400 
[7] 0.006022300 0.005876400 0.006060900 0.005896000 0.005877100 0.006756900 0.005904100 0.007606500 0.007134000 0.006493400 
[8] 0.006053500 0.006058900 0.006190500 0.007040600 0.008431100 0.008599800 0.008482700 0.007924000 0.007589400 0.007166900 
[9] 0.006435100 0.006121400 0.006144300 0.006017700 0.006883200 0.006580300 0.006463700 0.006014700 0.006024500 0.006906200 
[AVERAGE] 0.006537597 s
[STANDARD DEVIATION] 0.000711617 s

----------------------------------- AVERAGES ------------------------------------------


---------- REGULAR POSITIONS ----------

    [AVERAGE (s)]    [STANDARD DEVIATION (s)]
 [0] 0.039209981          0.007454151
 [1] 0.028175812          0.002430024
 [2] 0.048522964          0.008698929
 [3] 0.028353555          0.001321624
 [4] 0.044992953          0.004615919
 [5] 0.095708898          0.007227691
 [6] 0.101763855          0.003662021
 [7] 0.056800961          0.007449496
 [8] 0.065019966          0.006241498
 [9] 0.043706076          0.002729018
[10] 0.052941167          0.002604774
[11] 0.024561034          0.003589947
[12] 0.029852140          0.001269235
[13] 0.014641459          0.000362210
[14] 0.077607785          0.003338538
[15] 0.033428051          0.001495603
[16] 0.126629066          0.012057900
[17] 0.051236977          0.005462562
[18] 0.077856142          0.006278013
[19] 0.041648798          0.001993599

---------- TACTICAL POSITINOS ----------

    [AVERAGE (s)]    [STANDARD DEVIATION (s)]
 [0] 0.013141668          0.000797554
 [1] 0.035848529          0.001618959
 [2] 0.016171041          0.002696171
 [3] 0.108078102          0.007239189
 [4] 0.072321679          0.001878516
 [5] 0.013886273          0.000374594
 [6] 0.063523700          0.005494266
 [7] 0.141158809          0.012064923
 [8] 0.043618021          0.003721478
 [9] 0.063503265          0.002990250
[10] 0.058507367          0.004245079
[11] 0.002894157          0.000327347
[12] 0.035492505          0.000792967
[13] 0.005860613          0.000270518
[14] 0.058999036          0.000849192
[15] 0.006606400          0.000190609
[16] 0.086174879          0.004818942
[17] 0.014889430          0.001245107
[18] 0.056695215          0.002790182
[19] 0.026976371          0.001099877

---------- SMALL POSITIONS ----------

    [AVERAGE (s)]    [STANDARD DEVIATION (s)]
 [0] 0.000142213          0.000020850
 [1] 0.004169694          0.000244709
 [2] 0.004788285          0.000239586
 [3] 0.003793128          0.000226798
 [4] 0.001036957          0.000063587
 [5] 0.005050322          0.000402962
 [6] 0.015104145          0.001086616
 [7] 0.003530682          0.000290019
 [8] 0.037437105          0.004631801
 [9] 0.023790639          0.001575188
[10] 0.004444219          0.000338682
[11] 0.002326705          0.000332989
[12] 0.002194318          0.000276167
[13] 0.003074887          0.000629860
[14] 0.000219050          0.000061849
[15] 0.001415757          0.000163838
[16] 0.002931021          0.000262417
[17] 0.000377332          0.000078866
[18] 0.011305610          0.000982563
[19] 0.006537597          0.000711617


----------------------------------- AVERAGES ------------------------------------------





---------- SUMMARY ----------

0.039209981 0.028175812 0.048522964 0.028353555 0.044992953 0.095708898 0.101763855 0.056800961 0.065019966 0.043706076 0.052941167 0.024561034 0.029852140 0.014641459 0.077607785 0.033428051 0.126629066 0.051236977 0.077856142 0.041648798 
0.013141668 0.035848529 0.016171041 0.108078102 0.072321679 0.013886273 0.063523700 0.141158809 0.043618021 0.063503265 0.058507367 0.002894157 0.035492505 0.005860613 0.058999036 0.006606400 0.086174879 0.014889430 0.056695215 0.026976371 
0.000142213 0.004169694 0.004788285 0.003793128 0.001036957 0.005050322 0.015104145 0.003530682 0.037437105 0.023790639 0.004444219 0.002326705 0.002194318 0.003074887 0.000219050 0.001415757 0.002931021 0.000377332 0.011305610 0.006537597 
0.005390550 0.003990592 0.001179224 
